TCGA.OR.A5JB.01A	TCGA.OR.A5L5.01A	TCGA.OR.A5LK.01A	TCGA.OR.A5LS.01A	TCGA.OR.A5JD.01A	TCGA.OR.A5LG.01A	TCGA.PA.A5YG.01A	TCGA.OR.A5L3.01A	TCGA.OR.A5LD.01A	TCGA.OR.A5JP.01A	TCGA.OR.A5JF.01A	TCGA.OR.A5K3.01A	TCGA.OR.A5KY.01A	TCGA.OR.A5JV.01A	TCGA.PK.A5HA.01A	TCGA.OR.A5K8.01A	TCGA.OR.A5LN.01A	TCGA.OR.A5LP.01A	TCGA.OR.A5JW.01A	TCGA.OR.A5JT.01A	TCGA.OU.A5PI.01A	TCGA.OR.A5K2.01A	TCGA.OR.A5J3.01A	TCGA.OR.A5JZ.01A	TCGA.OR.A5K1.01A	TCGA.OR.A5JK.01A	TCGA.OR.A5JQ.01A	TCGA.OR.A5J9.01A	TCGA.OR.A5K5.01A	TCGA.OR.A5KX.01A
ENSG00000082929.7	2	1	5	0	3	2	2	0	0	22	40	93	21	0	0	6	0	3	55	1	4	3	624	2	0	0	0	6	12	54
ENSG00000083622.8	0	0	0	0	0	0	0	0	0	0	0	0	0	0	0	0	0	0	0	0	0	0	0	0	0	0	0	0	0	0
ENSG00000093100.13	9	13	1	2	0	2	5	2	5	3	6	8	5	7	3	0	4	3	6	7	0	0	1	3	4	9	2	4	0	0
ENSG00000099869.7	2	811	157	603	90	4652	395	0	454	4879	2	543	12	334	466	90	175	236	322	643	74	1938	184	627	1181	711	528	1270	1320	784
ENSG00000100181.20	14	1065	482	1120	1168	70	13	12	1007	2422	1637	490	518	667	1195	3	497	251	1320	2425	777	109	272	1673	1188	22	33	993	12	18
ENSG00000115934.11	0	0	0	0	0	0	0	0	0	0	0	0	0	1	0	0	0	0	0	0	0	0	0	1	0	0	0	0	0	0
ENSG00000116652.6	9	9	7	8	83	8	6	2	1	7	23	10	22	81	20	2	12	47	24	13	1	8	6	44	11	1	7	12	4	10
ENSG00000116883.8	113	52	12	10	26	48	26	7	266	80	33	55	45	206	38	14	14	30	48	38	25	21	32	51	43	52	54	37	90	150
ENSG00000117242.7	130	385	90	116	169	112	302	80	360	371	327	138	270	169	170	63	109	270	157	219	138	117	308	279	159	193	342	342	109	497
ENSG00000120055.7	5	4	4	19	16	15	4	3	1	26	10	5	20	4	7	2	1	12	26	8	14	8	10	5	1	5	4	4	12	8
ENSG00000120664.9	9	18	3	6	3	19	13	4	10	7	10	7	21	11	7	1	4	4	14	14	2	6	5	3	8	14	1	8	1	9
ENSG00000122043.9	2	0	1	0	1	0	1	0	0	0	0	0	0	3	0	0	0	0	0	0	0	0	0	0	0	0	0	0	0	0
ENSG00000122548.5	0	13	29	14	2	1	2	0	1	0	12	1	4	5	0	0	0	3	7	17	4	0	6	9	1	8	2	0	11	0
ENSG00000124835.2	1	0	0	0	0	0	0	1	0	0	0	0	1	0	0	0	0	0	0	0	0	0	0	0	2	0	1	0	0	0
ENSG00000124915.9	0	0	0	0	0	0	2	0	0	0	2	0	0	0	0	1	1	0	0	0	1	0	2	0	0	0	0	0	1	2
ENSG00000125514.8	0	0	0	0	0	0	0	0	9	13	0	0	3	0	0	0	0	0	0	0	0	14	1	0	0	0	0	0	62	88
ENSG00000125804.12	1	2	1	0	8	0	3	0	3	33	14	2	3	0	54	0	4	4	1	9	1	0	0	0	4	0	2	12	3	1
ENSG00000125899.7	0	0	0	0	0	0	0	0	0	0	0	0	0	0	0	0	0	0	0	0	0	0	0	0	0	0	0	0	1	0
ENSG00000126005.14	1765	4378	2337	1228	3120	2999	3201	1884	929	4399	4443	2451	2621	2372	5576	1255	2614	3419	2991	5281	1902	1975	2808	6126	2607	1979	7023	2868	4152	1910
ENSG00000128254.12	2	0	0	2	3	0	3	1	7	5	2	3	2	3	4	0	3	3	0	1	1	10	4	0	3	0	0	2	15	2
ENSG00000129816.5	0	0	0	0	0	0	0	0	0	0	0	0	0	0	0	0	0	0	0	0	0	0	0	0	0	0	0	0	0	0
ENSG00000129845.5	0	0	0	0	0	0	0	1	0	0	0	0	0	0	0	0	0	0	0	0	0	0	0	0	0	0	0	0	0	0
ENSG00000130600.14	2234	5818	114	2	250	7219	13	7349	83	963	17938	92	228507	114	77	42	262	66	281	395	48	308	501	152	24	680	1494	490	3862	90558
ENSG00000131007.8	0	0	0	0	0	0	0	0	0	0	0	0	0	0	0	0	0	0	0	0	0	0	0	0	0	0	0	0	0	0
ENSG00000131484.4	2	3	0	0	0	0	0	1	0	0	0	0	0	0	0	0	0	0	0	0	0	0	0	0	1	0	0	0	0	1
ENSG00000131538.7	0	0	0	0	0	0	0	0	0	0	0	0	0	0	0	0	0	0	0	0	0	0	0	0	0	0	0	0	0	0
ENSG00000131548.7	0	0	0	0	0	0	0	0	0	0	0	0	0	0	0	0	0	0	0	0	0	0	0	0	0	0	0	0	0	0
ENSG00000132204.12	0	3	2	0	3	0	9	0	1	0	1	0	0	0	2	0	0	0	0	0	0	3	0	0	0	10	0	0	1	134
ENSG00000132832.8	9	74	25	64	135	134	81	37	4	22	268	35	48	657	181	20	13	56	119	45	53	38	77	109	71	13	90	9	62	34
ENSG00000136275.9	0	2	0	0	0	0	0	0	0	0	0	0	0	0	0	0	0	0	0	0	0	0	0	0	0	4	0	1	1	0
ENSG00000136315.4	27	1	1	2	2	8	2	3	1	2	2	1	0	28	4	0	2	0	2	7	1	3	7	0	2	3	4	0	2	73
ENSG00000137808.12	0	0	0	0	0	0	0	0	0	0	0	0	0	0	0	0	0	0	0	1	0	0	0	0	0	0	0	0	0	0
ENSG00000142396.9	776	512	273	422	553	831	556	180	171	1003	1004	384	1194	457	499	254	309	739	682	441	340	373	802	260	270	508	681	1350	434	1178
ENSG00000145063.13	0	1	0	1	0	1	0	1	0	0	3	0	4	1	2	0	0	0	0	0	0	1	1	0	3	3	1	0	23	0
ENSG00000146521.8	1	2	2	3	4	3	7	0	0	9	1	0	2	1	2	0	2	7	0	1	3	0	0	0	1	4	10	0	0	0
ENSG00000146666.5	57	2	39	0	0	0	0	0	0	0	0	1	0	2	15	2	2	4	0	14	0	0	10	8	12	1	8	0	0	1
ENSG00000147753.8	0	0	0	0	0	0	0	0	0	0	0	0	0	0	0	0	0	0	0	0	0	0	0	0	0	0	0	0	0	0
ENSG00000147761.7	0	0	0	0	0	0	0	0	0	0	0	0	0	0	0	0	0	0	0	0	0	0	0	0	0	0	0	0	0	0
ENSG00000149443.6	0	0	0	0	0	0	0	0	0	0	0	0	0	0	0	0	0	0	0	0	0	0	0	0	0	0	0	0	1	0
ENSG00000149656.7	0	0	1	3	0	0	0	0	0	0	0	0	0	0	0	0	0	0	0	1	2	0	0	0	2	1	2	0	0	2
ENSG00000151303.11	1	9	2	0	10	1	6	1	10	1	1	0	0	0	54	0	15	4	0	1	2	0	4	4	1	4	1	3	6	18
ENSG00000152931.7	0	7	2	1	0	0	459	0	1	56	5	0	2	20	3	0	0	3	0	0	0	0	14	0	0	25	0	1	1	0
ENSG00000153363.11	891	684	80	729	467	567	434	522	283	548	702	121	418	350	230	78	301	184	493	424	440	400	393	319	439	468	628	533	683	459
ENSG00000157306.13	35	34	17	108	27	39	20	24	21	19	44	16	20	29	48	10	15	35	24	14	10	20	43	14	8	38	25	60	47	103
ENSG00000162888.4	4	6	1	0	9	0	2	1	0	0	1	0	2	15	5	0	1	4	0	7	0	0	0	2	1	1	0	0	2	3
ENSG00000162947.4	0	0	0	1	0	0	0	0	1	0	1	0	1	0	0	1	0	0	1	0	0	0	0	0	0	0	0	0	0	1
ENSG00000163009.7	25	1	1	3	2	0	1	0	38	9	0	0	3	5	1	1	0	1	0	5	0	6	0	5	0	1	0	0	7	0
ENSG00000163364.8	95	392	78	293	18	1025	281	461	437	190	1651	32	1652	361	44	299	31	331	408	1012	641	724	61	39	330	1012	624	1434	9015	61
ENSG00000163597.13	916	358	242	547	614	481	874	172	333	4354	906	287	1959	637	1074	145	166	623	1261	597	492	921	736	473	660	249	1359	1599	2317	3525
ENSG00000163915.6	1	0	0	0	0	1	0	0	0	2	0	0	0	0	0	0	0	0	0	0	0	0	0	0	0	0	0	0	3	3
ENSG00000164621.5	6	8	2	8	4	5	9	2	0	15	21	3	19	0	3	5	0	7	9	5	8	0	9	3	9	7	10	9	3	33
ENSG00000165511.6	80	74	37	43	40	34	65	7	2	14	52	1	62	43	36	18	30	74	14	27	55	2	39	32	42	34	43	174	6	13
ENSG00000166770.9	868	784	414	1190	1031	1755	1458	275	379	892	1866	976	3952	882	1559	483	361	1484	909	784	1920	768	1984	352	534	453	1915	2987	2259	1135
ENSG00000166917.8	7	1353	226	1659	898	6028	582	3013	1901	3240	2447	992	5191	2417	35	335	87	371	3054	909	2627	4870	2409	556	694	2227	337	2390	1041	11881
ENSG00000167046.4	4	7	0	4	8	10	32	1	0	3	21	10	0	3	3	5	0	1	12	1	4	1	6	6	1	3	0	1	1	5
ENSG00000167117.7	1	0	0	0	0	0	0	0	0	1	0	0	0	0	0	0	1	0	0	0	0	1	0	0	0	1	0	0	0	0
ENSG00000167355.6	0	0	0	0	2	0	0	0	2	0	0	0	0	0	0	0	2	0	0	0	1	1	3	8	0	2	4	6	1	16
ENSG00000167459.15	0	0	0	0	0	0	0	0	0	0	0	0	0	0	0	0	0	0	0	0	0	0	0	0	0	1	0	0	2	0
ENSG00000167912.5	28	18	22	26	5	117	23	0	3	63	3	3	12	4	6	2	9	7	25	2	4	5	27	1	2	24	20	18	6	5
ENSG00000168367.8	0	0	0	0	0	0	0	0	0	0	1	0	0	0	0	0	0	0	0	0	0	0	0	0	0	0	0	0	0	0
ENSG00000170161.6	8	20	5	22	39	9	24	38	13	142	54	14	41	16	35	23	13	8	88	10	24	32	9	16	1	20	33	70	56	678
ENSG00000170590.7	0	0	0	0	0	0	0	0	0	0	0	0	0	0	0	0	1	1	0	0	0	0	0	0	0	0	0	0	0	0
ENSG00000170846.14	376	1130	242	1254	1199	1022	655	308	675	3862	2943	1059	1163	1026	778	569	452	460	1699	1552	1778	420	1052	656	668	964	1840	4140	1501	1636
ENSG00000170919.14	268	402	113	56	359	273	385	211	173	172	244	139	213	302	492	213	209	372	315	446	168	72	234	333	170	149	330	343	153	675
ENSG00000170983.3	0	0	0	0	0	0	0	0	0	0	0	0	0	0	0	0	0	0	0	0	0	0	0	0	0	0	0	0	0	0
ENSG00000171671.6	0	0	0	0	0	0	0	1	0	0	0	0	0	0	0	0	0	0	0	1	0	0	0	0	0	0	0	0	0	0
ENSG00000171889.3	86	0	0	0	0	1	0	0	0	0	0	0	0	0	2	0	0	0	0	0	0	0	2	0	0	0	0	0	0	0
ENSG00000172250.13	85	23	5	36	21	56	4	16	37	39	63	7	57	8	30	2	6	23	33	30	16	30	34	7	2	40	46	11	10	44
ENSG00000172965.13	4001	933	343	656	239	1822	1272	926	896	1688	2532	519	2156	578	504	571	336	857	957	751	716	1525	977	288	348	2166	850	2591	2117	1413
ENSG00000173727.10	401	177	10	43	142	92	60	42	14	37	73	31	31	42	131	2	113	63	32	70	36	28	57	79	110	21	264	5	88	157
ENSG00000173811.9	4	11	3	5	23	33	3	19	4	7	13	3	10	11	4	4	7	1	3	3	4	0	4	3	3	10	9	2	0	0
ENSG00000173862.3	1	1	1	0	2	7	2	0	4	0	3	1	1	1	1	0	1	3	3	1	0	0	4	1	0	0	0	1	2	1
ENSG00000173867.8	5	7	7	17	11	15	22	5	15	4	21	2	13	3	20	6	14	11	21	2	12	13	3	9	3	23	12	10	20	11
ENSG00000174171.5	3	8	8	1	44	10	96	1	0	0	1	3	2	5	3	0	31	22	2	485	1	0	1	3	1	18	7	2	14	0
ENSG00000174365.18	308	786	123	303	776	652	616	262	228	377	1036	321	598	457	443	293	261	586	631	797	500	441	329	526	534	519	862	1112	748	1511
ENSG00000174403.14	3	4	1	2	0	1	0	3	0	0	6	0	6	0	2	0	0	2	0	1	2	1	0	1	0	0	2	0	0	0
ENSG00000174407.10	0	0	0	0	0	0	0	0	0	0	0	0	0	0	0	0	0	0	0	1	0	0	0	0	0	0	0	0	0	1
ENSG00000174680.8	1	5	0	2	2	2	2	2	2	1	2	0	3	3	1	2	1	1	3	3	0	4	1	0	0	1	0	4	0	6
ENSG00000175061.16	8938	10025	1452	2847	10466	16097	6369	2268	2953	16041	6963	2568	21202	4957	13272	2775	4018	8395	7106	4682	2830	1205	6547	7997	8148	4071	11132	9722	10194	18496
ENSG00000175147.10	10	259	113	36	397	31	50	216	80	7	32	1	68	96	156	3	92	102	31	42	28	24	118	48	63	20	132	34	16	131
ENSG00000175604.2	0	1	0	0	0	0	2	0	0	1	3	0	1	2	0	0	1	0	0	0	0	0	0	0	0	0	0	0	2	3
ENSG00000175611.10	332	207	38	60	229	166	212	92	73	87	273	51	307	179	128	36	44	117	181	195	124	77	58	40	106	66	105	203	123	157
ENSG00000175699.11	16	0	0	0	2	0	0	1	0	0	0	2	4	3	2	0	0	1	0	0	0	0	0	0	0	0	0	0	0	2
ENSG00000175746.6	0	0	10	0	1	0	1	1	0	3	2	0	3	1	2	0	0	2	2	0	0	0	1	0	1	0	2	1	1	2
ENSG00000175772.10	38	10	2	7	8	3	7	0	0	17	9	5	8	23	4	1	1	12	10	2	9	1	1	21	8	9	7	7	0	3
ENSG00000175773.11	22	23	0	14	14	10	7	22	10	6	3	2	5	4	10	0	10	3	4	17	3	5	9	24	8	8	10	10	18	31
ENSG00000175967.3	0	1	1	0	0	0	0	0	0	1	0	0	1	0	1	0	2	2	1	0	0	0	4	0	0	0	0	2	0	1
ENSG00000176075.7	0	0	0	0	0	0	0	0	0	0	0	0	0	0	0	0	0	0	0	0	0	0	0	0	0	0	0	0	0	0
ENSG00000176236.6	6	12	3	33	14	5	4	4	4	10	30	3	14	8	6	0	9	4	21	1	16	5	17	2	8	10	4	29	15	13
ENSG00000176320.2	1	0	3	0	3	0	0	0	0	0	0	0	0	3	3	0	3	3	1	0	0	0	0	0	0	0	3	0	0	0
ENSG00000176349.10	0	2	0	0	0	1	0	0	1	0	1	1	0	0	0	0	0	0	1	1	0	0	1	0	0	0	0	0	0	1
ENSG00000176515.1	1	0	0	0	0	0	0	0	0	0	0	0	0	0	0	0	0	0	0	0	0	0	0	0	0	1	0	0	0	0
ENSG00000176593.6	143	135	42	478	182	145	98	7	97	92	528	59	484	86	172	52	71	201	248	89	245	46	139	62	29	62	101	398	103	232
ENSG00000176659.7	9	17	15	6	19	3	13	0	0	3	6	2	3	34	10	0	9	8	7	5	0	1	0	3	2	6	14	0	0	0
ENSG00000176728.6	3	0	83	1	0	204	172	0	94	140	0	1	0	8	162	1	1	0	23	0	0	0	0	99	0	4	0	0	0	0
ENSG00000176753.5	8	36	0	1	7	64	8	59	58	0	105	21	124	7	1	20	0	13	4	30	23	23	27	141	13	155	14	111	1	0
ENSG00000176754.11	0	0	0	0	0	9	0	0	0	0	0	0	0	0	0	0	0	2	2	0	1	0	0	0	0	0	2	0	0	0
ENSG00000176840.10	1	1	4	1	71	3	60	1	1	0	25	6	2	4091	2	1	1	9	9	1	10	0	0	0	0	11	1	1	0	2
ENSG00000176868.2	0	0	0	0	0	0	0	0	0	0	0	0	0	0	0	0	0	0	0	0	0	0	0	0	0	0	0	0	0	0
ENSG00000176912.3	86	40	3	26	30	46	40	4	11	50	35	41	119	10	6	13	1	22	7	16	17	54	28	48	63	21	22	15	32	9
