TCGA.OR.A5JB.01A	TCGA.OR.A5L5.01A	TCGA.OR.A5LK.01A	TCGA.OR.A5LS.01A	TCGA.OR.A5JD.01A	TCGA.OR.A5LG.01A	TCGA.PA.A5YG.01A	TCGA.OR.A5L3.01A	TCGA.OR.A5LD.01A	TCGA.OR.A5JP.01A	TCGA.OR.A5JF.01A	TCGA.OR.A5K3.01A	TCGA.OR.A5KY.01A	TCGA.OR.A5JV.01A	TCGA.PK.A5HA.01A	TCGA.OR.A5K8.01A	TCGA.OR.A5LN.01A	TCGA.OR.A5LP.01A	TCGA.OR.A5JW.01A	TCGA.OR.A5JT.01A	TCGA.OU.A5PI.01A	TCGA.OR.A5K2.01A	TCGA.OR.A5J3.01A	TCGA.OR.A5JZ.01A	TCGA.OR.A5K1.01A	TCGA.OR.A5JK.01A	TCGA.OR.A5JQ.01A	TCGA.OR.A5J9.01A	TCGA.OR.A5K5.01A	TCGA.OR.A5KX.01A
LINC01587	2	1	5	0	3	2	2	0	0	22	40	93	21	0	0	6	0	3	55	1	4	3	624	2	0	0	0	6	12	54
AC000111.6	0	0	0	0	0	0	0	0	0	0	0	0	0	0	0	0	0	0	0	0	0	0	0	0	0	0	0	0	0	0
XXbac-B461K10.4	9	13	1	2	0	2	5	2	5	3	6	8	5	7	3	0	4	3	6	7	0	0	1	3	4	9	2	4	0	0
IGF2-AS	2	811	157	603	90	4652	395	0	454	4879	2	543	12	334	466	90	175	236	322	643	74	1938	184	627	1181	711	528	1270	1320	784
TPTEP1	14	1065	482	1120	1168	70	13	12	1007	2422	1637	490	518	667	1195	3	497	251	1320	2425	777	109	272	1673	1188	22	33	993	12	18
RP11-153K16.2	0	0	0	0	0	0	0	0	0	0	0	0	0	1	0	0	0	0	0	0	0	0	0	1	0	0	0	0	0	0
DLEU2L	9	9	7	8	83	8	6	2	1	7	23	10	22	81	20	2	12	47	24	13	1	8	6	44	11	1	7	12	4	10
RP11-268J15.5	113	52	12	10	26	48	26	7	266	80	33	55	45	206	38	14	14	30	48	38	25	21	32	51	43	52	54	37	90	150
PINK1-AS	130	385	90	116	169	112	302	80	360	371	327	138	270	169	170	63	109	270	157	219	138	117	308	279	159	193	342	342	109	497
C10orf95	5	4	4	19	16	15	4	3	1	26	10	5	20	4	7	2	1	12	26	8	14	8	10	5	1	5	4	4	12	8
SPG20-AS1	9	18	3	6	3	19	13	4	10	7	10	7	21	11	7	1	4	4	14	14	2	6	5	3	8	14	1	8	1	9
LINC00544	2	0	1	0	1	0	1	0	0	0	0	0	0	3	0	0	0	0	0	0	0	0	0	0	0	0	0	0	0	0
KIAA0087	0	13	29	14	2	1	2	0	1	0	12	1	4	5	0	0	0	3	7	17	4	0	6	9	1	8	2	0	11	0
AC105760.3	1	0	0	0	0	0	0	1	0	0	0	0	1	0	0	0	0	0	0	0	0	0	0	0	2	0	1	0	0	0
DKFZP434K028	0	0	0	0	0	0	2	0	0	0	2	0	0	0	0	1	1	0	0	0	1	0	2	0	0	0	0	0	1	2
LINC00029	0	0	0	0	0	0	0	0	9	13	0	0	3	0	0	0	0	0	0	0	0	14	1	0	0	0	0	0	62	88
FAM182A	1	2	1	0	8	0	3	0	3	33	14	2	3	0	54	0	4	4	1	9	1	0	0	0	4	0	2	12	3	1
C20orf187	0	0	0	0	0	0	0	0	0	0	0	0	0	0	0	0	0	0	0	0	0	0	0	0	0	0	0	0	1	0
MMP24-AS1	1765	4378	2337	1228	3120	2999	3201	1884	929	4399	4443	2451	2621	2372	5576	1255	2614	3419	2991	5281	1902	1975	2808	6126	2607	1979	7023	2868	4152	1910
C22orf24	2	0	0	2	3	0	3	1	7	5	2	3	2	3	4	0	3	3	0	1	1	10	4	0	3	0	0	2	15	2
TTTY1B	0	0	0	0	0	0	0	0	0	0	0	0	0	0	0	0	0	0	0	0	0	0	0	0	0	0	0	0	0	0
TTTY1	0	0	0	0	0	0	0	1	0	0	0	0	0	0	0	0	0	0	0	0	0	0	0	0	0	0	0	0	0	0
H19	2234	5818	114	2	250	7219	13	7349	83	963	17938	92	228507	114	77	42	262	66	281	395	48	308	501	152	24	680	1494	490	3862	90558
TTTY9B	0	0	0	0	0	0	0	0	0	0	0	0	0	0	0	0	0	0	0	0	0	0	0	0	0	0	0	0	0	0
RP11-798G7.5	2	3	0	0	0	0	0	1	0	0	0	0	0	0	0	0	0	0	0	0	0	0	0	0	1	0	0	0	0	1
TTTY6	0	0	0	0	0	0	0	0	0	0	0	0	0	0	0	0	0	0	0	0	0	0	0	0	0	0	0	0	0	0
TTTY6B	0	0	0	0	0	0	0	0	0	0	0	0	0	0	0	0	0	0	0	0	0	0	0	0	0	0	0	0	0	0
LINC00470	0	3	2	0	3	0	9	0	1	0	1	0	0	0	2	0	0	0	0	0	0	3	0	0	0	10	0	0	1	134
LINC01260	9	74	25	64	135	134	81	37	4	22	268	35	48	657	181	20	13	56	119	45	53	38	77	109	71	13	90	9	62	34
C7orf69	0	2	0	0	0	0	0	0	0	0	0	0	0	0	0	0	0	0	0	0	0	0	0	0	0	4	0	1	1	0
RP11-84C10.2	27	1	1	2	2	8	2	3	1	2	2	1	0	28	4	0	2	0	2	7	1	3	7	0	2	3	4	0	2	73
RP11-809H16.2	0	0	0	0	0	0	0	0	0	0	0	0	0	0	0	0	0	0	0	1	0	0	0	0	0	0	0	0	0	0
ERVK3-1	776	512	273	422	553	831	556	180	171	1003	1004	384	1194	457	499	254	309	739	682	441	340	373	802	260	270	508	681	1350	434	1178
AC062028.1	0	1	0	1	0	1	0	1	0	0	3	0	4	1	2	0	0	0	0	0	0	1	1	0	3	3	1	0	23	0
LINC01558	1	2	2	3	4	3	7	0	0	9	1	0	2	1	2	0	2	7	0	1	3	0	0	0	1	4	10	0	0	0
LINC00525	57	2	39	0	0	0	0	0	0	0	0	1	0	2	15	2	2	4	0	14	0	0	10	8	12	1	8	0	0	1
TTTY7	0	0	0	0	0	0	0	0	0	0	0	0	0	0	0	0	0	0	0	0	0	0	0	0	0	0	0	0	0	0
TTTY7B	0	0	0	0	0	0	0	0	0	0	0	0	0	0	0	0	0	0	0	0	0	0	0	0	0	0	0	0	0	0
C20orf78	0	0	0	0	0	0	0	0	0	0	0	0	0	0	0	0	0	0	0	0	0	0	0	0	0	0	0	0	1	0
LINC00266-1	0	0	1	3	0	0	0	0	0	0	0	0	0	0	0	0	0	0	0	1	2	0	0	0	2	1	2	0	0	2
RP11-96C23.13	1	9	2	0	10	1	6	1	10	1	1	0	0	0	54	0	15	4	0	1	2	0	4	4	1	4	1	3	6	18
PART1	0	7	2	1	0	0	459	0	1	56	5	0	2	20	3	0	0	3	0	0	0	0	14	0	0	25	0	1	1	0
LINC00467	891	684	80	729	467	567	434	522	283	548	702	121	418	350	230	78	301	184	493	424	440	400	393	319	439	468	628	533	683	459
RP11-66N24.4	35	34	17	108	27	39	20	24	21	19	44	16	20	29	48	10	15	35	24	14	10	20	43	14	8	38	25	60	47	103
C1orf147	4	6	1	0	9	0	2	1	0	0	1	0	2	15	5	0	1	4	0	7	0	0	0	2	1	1	0	0	2	3
AC007364.1	0	0	0	1	0	0	0	0	1	0	1	0	1	0	0	1	0	0	1	0	0	0	0	0	0	0	0	0	0	1
C2orf48	25	1	1	3	2	0	1	0	38	9	0	0	3	5	1	1	0	1	0	5	0	6	0	5	0	1	0	0	7	0
LINC01116	95	392	78	293	18	1025	281	461	437	190	1651	32	1652	361	44	299	31	331	408	1012	641	724	61	39	330	1012	624	1434	9015	61
SNHG16	916	358	242	547	614	481	874	172	333	4354	906	287	1959	637	1074	145	166	623	1261	597	492	921	736	473	660	249	1359	1599	2317	3525
IGF2BP2-AS1	1	0	0	0	0	1	0	0	0	2	0	0	0	0	0	0	0	0	0	0	0	0	0	0	0	0	0	0	3	3
SMAD5-AS1	6	8	2	8	4	5	9	2	0	15	21	3	19	0	3	5	0	7	9	5	8	0	9	3	9	7	10	9	3	33
C10orf25	80	74	37	43	40	34	65	7	2	14	52	1	62	43	36	18	30	74	14	27	55	2	39	32	42	34	43	174	6	13
ZNF667-AS1	868	784	414	1190	1031	1755	1458	275	379	892	1866	976	3952	882	1559	483	361	1484	909	784	1920	768	1984	352	534	453	1915	2987	2259	1135
MIR202HG	7	1353	226	1659	898	6028	582	3013	1901	3240	2447	992	5191	2417	35	335	87	371	3054	909	2627	4870	2409	556	694	2227	337	2390	1041	11881
RP11-93B14.6	4	7	0	4	8	10	32	1	0	3	21	10	0	3	3	5	0	1	12	1	4	1	6	6	1	3	0	1	1	5
LINC00483	1	0	0	0	0	0	0	0	0	1	0	0	0	0	0	0	1	0	0	0	0	1	0	0	0	1	0	0	0	0
AC104389.28	0	0	0	0	2	0	0	0	2	0	0	0	0	0	0	0	2	0	0	0	1	1	3	8	0	2	4	6	1	16
LINC00905	0	0	0	0	0	0	0	0	0	0	0	0	0	0	0	0	0	0	0	0	0	0	0	0	0	1	0	0	2	0
RP11-25K19.1	28	18	22	26	5	117	23	0	3	63	3	3	12	4	6	2	9	7	25	2	4	5	27	1	2	24	20	18	6	5
LINC00917	0	0	0	0	0	0	0	0	0	0	1	0	0	0	0	0	0	0	0	0	0	0	0	0	0	0	0	0	0	0
RP11-262H14.4	8	20	5	22	39	9	24	38	13	142	54	14	41	16	35	23	13	8	88	10	24	32	9	16	1	20	33	70	56	678
LINC00266-3	0	0	0	0	0	0	0	0	0	0	0	0	0	0	0	0	1	1	0	0	0	0	0	0	0	0	0	0	0	0
AC093323.3	376	1130	242	1254	1199	1022	655	308	675	3862	2943	1059	1163	1026	778	569	452	460	1699	1552	1778	420	1052	656	668	964	1840	4140	1501	1636
TPT1-AS1	268	402	113	56	359	273	385	211	173	172	244	139	213	302	492	213	209	372	315	446	168	72	234	333	170	149	330	343	153	675
LINC00208	0	0	0	0	0	0	0	0	0	0	0	0	0	0	0	0	0	0	0	0	0	0	0	0	0	0	0	0	0	0
SHANK2-AS3	0	0	0	0	0	0	0	1	0	0	0	0	0	0	0	0	0	0	0	1	0	0	0	0	0	0	0	0	0	0
MIR31HG	86	0	0	0	0	1	0	0	0	0	0	0	0	0	2	0	0	0	0	0	0	0	2	0	0	0	0	0	0	0
SERHL	85	23	5	36	21	56	4	16	37	39	63	7	57	8	30	2	6	23	33	30	16	30	34	7	2	40	46	11	10	44
MIR4435-1HG	4001	933	343	656	239	1822	1272	926	896	1688	2532	519	2156	578	504	571	336	857	957	751	716	1525	977	288	348	2166	850	2591	2117	1413
CMB9-22P13.1	401	177	10	43	142	92	60	42	14	37	73	31	31	42	131	2	113	63	32	70	36	28	57	79	110	21	264	5	88	157
CCDC13-AS1	4	11	3	5	23	33	3	19	4	7	13	3	10	11	4	4	7	1	3	3	4	0	4	3	3	10	9	2	0	0
RP11-89N17.1	1	1	1	0	2	7	2	0	4	0	3	1	1	1	1	0	1	3	3	1	0	0	4	1	0	0	0	1	2	1
RP11-97O12.7	5	7	7	17	11	15	22	5	15	4	21	2	13	3	20	6	14	11	21	2	12	13	3	9	3	23	12	10	20	11
RP11-23P13.6	3	8	8	1	44	10	96	1	0	0	1	3	2	5	3	0	31	22	2	485	1	0	1	3	1	18	7	2	14	0
SNHG11	308	786	123	303	776	652	616	262	228	377	1036	321	598	457	443	293	261	586	631	797	500	441	329	526	534	519	862	1112	748	1511
C20orf166-AS1	3	4	1	2	0	1	0	3	0	0	6	0	6	0	2	0	0	2	0	1	2	1	0	1	0	0	2	0	0	0
MIR1-1HG	0	0	0	0	0	0	0	0	0	0	0	0	0	0	0	0	0	0	0	1	0	0	0	0	0	0	0	0	0	1
GRIK1-AS1	1	5	0	2	2	2	2	2	2	1	2	0	3	3	1	2	1	1	3	3	0	4	1	0	0	1	0	4	0	6
LRRC75A-AS1	8938	10025	1452	2847	10466	16097	6369	2268	2953	16041	6963	2568	21202	4957	13272	2775	4018	8395	7106	4682	2830	1205	6547	7997	8148	4071	11132	9722	10194	18496
TMEM51-AS1	10	259	113	36	397	31	50	216	80	7	32	1	68	96	156	3	92	102	31	42	28	24	118	48	63	20	132	34	16	131
RP11-276H1.3	0	1	0	0	0	0	2	0	0	1	3	0	1	2	0	0	1	0	0	0	0	0	0	0	0	0	0	0	2	3
LINC00476	332	207	38	60	229	166	212	92	73	87	273	51	307	179	128	36	44	117	181	195	124	77	58	40	106	66	105	203	123	157
LINC00521	16	0	0	0	2	0	0	1	0	0	0	2	4	3	2	0	0	1	0	0	0	0	0	0	0	0	0	0	0	2
C15orf54	0	0	10	0	1	0	1	1	0	3	2	0	3	1	2	0	0	2	2	0	0	0	1	0	1	0	2	1	1	2
LINC01106	38	10	2	7	8	3	7	0	0	17	9	5	8	23	4	1	1	12	10	2	9	1	1	21	8	9	7	7	0	3
RP11-121M22.1	22	23	0	14	14	10	7	22	10	6	3	2	5	4	10	0	10	3	4	17	3	5	9	24	8	8	10	10	18	31
RP11-544L8__B.4	0	1	1	0	0	0	0	0	0	1	0	0	1	0	1	0	2	2	1	0	0	0	4	0	0	0	0	2	0	1
LINC00302	0	0	0	0	0	0	0	0	0	0	0	0	0	0	0	0	0	0	0	0	0	0	0	0	0	0	0	0	0	0
C10orf111	6	12	3	33	14	5	4	4	4	10	30	3	14	8	6	0	9	4	21	1	16	5	17	2	8	10	4	29	15	13
RP11-404O13.5	1	0	3	0	3	0	0	0	0	0	0	0	0	3	3	0	3	3	1	0	0	0	0	0	0	0	3	0	0	0
AC110781.3	0	2	0	0	0	1	0	0	1	0	1	1	0	0	0	0	0	0	1	1	0	0	1	0	0	0	0	0	0	1
RP5-856G1.2	1	0	0	0	0	0	0	0	0	0	0	0	0	0	0	0	0	0	0	0	0	0	0	0	0	1	0	0	0	0
CTD-2368P22.1	143	135	42	478	182	145	98	7	97	92	528	59	484	86	172	52	71	201	248	89	245	46	139	62	29	62	101	398	103	232
C20orf197	9	17	15	6	19	3	13	0	0	3	6	2	3	34	10	0	9	8	7	5	0	1	0	3	2	6	14	0	0	0
TTTY14	3	0	83	1	0	204	172	0	94	140	0	1	0	8	162	1	1	0	23	0	0	0	0	99	0	4	0	0	0	0
C15orf56	8	36	0	1	7	64	8	59	58	0	105	21	124	7	1	20	0	13	4	30	23	23	27	141	13	155	14	111	1	0
LINC00303	0	0	0	0	0	9	0	0	0	0	0	0	0	0	0	0	0	2	2	0	1	0	0	0	0	0	2	0	0	0
MIR7-3HG	1	1	4	1	71	3	60	1	1	0	25	6	2	4091	2	1	1	9	9	1	10	0	0	0	0	11	1	1	0	2
RP11-334J6.7	0	0	0	0	0	0	0	0	0	0	0	0	0	0	0	0	0	0	0	0	0	0	0	0	0	0	0	0	0	0
TYMSOS	86	40	3	26	30	46	40	4	11	50	35	41	119	10	6	13	1	22	7	16	17	54	28	48	63	21	22	15	32	9
