TCGA.OR.A5JB.01A	TCGA.OR.A5L5.01A	TCGA.OR.A5LK.01A	TCGA.OR.A5LS.01A	TCGA.OR.A5JD.01A	TCGA.OR.A5LG.01A	TCGA.PA.A5YG.01A	TCGA.OR.A5L3.01A	TCGA.OR.A5LD.01A	TCGA.OR.A5JP.01A	TCGA.OR.A5JF.01A	TCGA.OR.A5K3.01A	TCGA.OR.A5KY.01A	TCGA.OR.A5JV.01A	TCGA.PK.A5HA.01A	TCGA.OR.A5K8.01A	TCGA.OR.A5LN.01A	TCGA.OR.A5LP.01A	TCGA.OR.A5JW.01A	TCGA.OR.A5JT.01A	TCGA.OU.A5PI.01A	TCGA.OR.A5K2.01A	TCGA.OR.A5J3.01A	TCGA.OR.A5JZ.01A	TCGA.OR.A5K1.01A	TCGA.OR.A5JK.01A	TCGA.OR.A5JQ.01A	TCGA.OR.A5J9.01A	TCGA.OR.A5K5.01A	TCGA.OR.A5KX.01A
TSPAN6	1307	3823	1279	1954	2090	795	3109	714	350	1745	2868	1419	1037	743	1367	572	726	2045	1588	2452	887	555	3543	1690	1220	1358	4014	2527	1271	2151
TNMD	0	3	1	23	2	9	5	3	1	5	4	3	4	2	1	1	4	2	8	20	5	9	1	0	1	4	3	17	15	2
DPM1	1846	2923	479	1541	2096	1877	2535	674	200	2630	4607	1067	2317	2226	1401	838	644	2695	3798	2604	2454	1485	1050	2117	2050	1381	2675	3328	1892	2553
SCYL3	449	613	134	689	383	464	504	271	120	568	623	114	429	524	504	129	322	436	529	485	237	197	395	338	219	409	532	514	369	468
C1orf112	408	176	40	124	97	166	237	35	70	206	184	43	343	276	168	48	55	214	112	205	84	133	98	186	120	120	192	215	283	288
FGR	474	380	116	62	110	427	240	62	37	60	94	95	252	1265	152	44	170	189	114	155	91	140	123	102	98	422	320	355	251	99
CFH	7179	3748	147	53	219	1732	1430	81	59	581	1302	170	1690	452	1386	230	192	2690	635	332	1402	257	757	377	570	1526	2091	358	270	40
FUCA2	4834	4643	2040	2171	3436	4269	5720	3321	2557	8287	4504	1562	3474	2421	4435	1570	2521	4628	5016	4189	1213	4476	3713	2414	2324	2817	7254	6738	4870	6370
GCLC	942	2472	596	1253	1694	1491	2319	863	131	2202	2348	456	1781	2732	1837	229	803	4682	3739	2181	1376	633	1649	922	605	924	1715	4406	1395	1264
NFYA	1791	582	459	686	706	1202	642	467	497	2000	962	280	1435	1106	2583	304	806	839	1343	841	790	592	600	599	528	588	873	1921	1184	1568
STPG1	986	556	73	141	357	243	400	98	12	66	860	174	183	515	818	151	199	695	484	565	172	148	187	653	484	233	631	352	365	187
NIPAL3	1827	984	308	1018	1241	737	1171	258	271	571	2995	463	891	1232	981	375	377	1628	1395	1371	1071	677	1259	1206	535	880	1770	2343	1325	1729
LAS1L	2812	3412	1121	1759	2306	2878	3476	1011	773	997	4105	1409	2437	2406	2360	1107	1174	3427	2638	3258	2233	653	3482	2175	1908	2045	3207	1934	1268	1570
ENPP4	254	1528	964	1180	1176	798	2250	162	4	274	965	653	419	2231	1168	399	664	2912	2762	3182	373	54	1672	2061	789	683	1424	232	406	304
SEMA3F	4285	514	476	542	600	1222	819	527	390	990	1155	597	1309	1441	2286	303	657	1400	1318	787	441	948	2739	896	1056	702	915	3079	1197	1215
CFTR	0	2	20	0	5	4	8	0	0	8	9	3	4	79	4	0	5	1	5	5	4	0	3	1	0	2	55	5	0	0
ANKIB1	2811	1975	1169	2956	2846	1381	3942	1088	770	2577	4374	1404	4470	4507	2625	1000	1448	3844	3601	3420	2915	1008	3466	2179	2094	2042	5003	6284	1177	1952
CYP51A1	82	187	30	960	272	491	337	428	266	1141	1149	270	1573	1141	152	95	111	649	1775	119	1997	739	2905	139	100	155	196	1105	520	176
KRIT1	1189	1083	498	1606	1276	1331	2418	468	327	903	2511	820	1482	2549	1411	612	795	2527	2682	2079	1960	404	1301	1152	1304	1231	2121	2063	338	1041
RAD52	401	519	176	294	351	260	298	256	230	224	566	164	402	428	883	120	407	400	373	510	228	126	398	311	223	374	345	582	226	630
BAD	2531	2359	851	893	2327	4662	2636	1779	917	2134	2879	1136	3057	993	1843	1094	1071	2348	1771	2448	863	1908	1607	1315	1480	1678	2724	4071	3625	2724
LAP3	5257	3087	624	7121	4812	1750	3501	568	189	3511	7494	2206	3139	7152	2513	493	719	4478	5442	5400	4720	1405	240	2647	1846	3816	4595	11157	2645	1547
CD99	14099	6085	5727	3588	6506	11676	8262	2090	5773	9274	8583	524	8975	2946	7833	2753	3363	6959	11587	4371	8001	14313	6250	5041	1971	4439	18660	5354	20863	25382
HS3ST1	70	139	50	304	95	354	438	155	19	207	484	153	226	507	178	171	65	264	157	394	292	65	158	70	73	212	444	295	326	290
AOC1	14	13	43	6	4	2	45	0	2	2	60	2	6	4	16	1	0	12	5	8	15	0	83	11	1	53	17	23	3	9
WNT16	5	5	3	1	0	1	2	0	0	29	3	1	3	1	0	2	1	4	0	0	5	0	20	1	0	3	1	0	0	1
HECW1	105	6	4	0	2	1	4	0	2	44	7	26	4	272	7	3	2	7	2	6	0	0	23	4	0	13	6	3	1	82
MAD1L1	1933	890	556	467	823	1371	1345	552	1016	2490	1405	434	1602	1077	1462	378	514	1291	836	1280	773	1078	1205	502	1160	906	1437	1698	2644	1433
LASP1	15157	5067	1893	5968	5052	4029	5106	1641	1983	6297	6453	1699	6565	5434	5943	2095	1930	5717	6092	4545	7504	4536	5744	7182	4358	2675	14184	6969	7788	15563
SNX11	1604	726	237	446	1085	576	769	377	259	699	695	347	820	629	481	264	358	809	750	658	482	746	688	488	556	502	1702	825	2528	1307
TMEM176A	1587	588	1041	29	178	93	2522	81	17	129	376	904	2259	1187	997	12	28	338	33	151	143	16	494	121	152	424	569	284	67	2985
M6PR	2889	4703	443	2564	3515	1045	8763	463	408	2785	3636	1618	3921	11028	2953	451	653	7436	4233	5842	2868	1091	2821	4051	2465	1614	2533	6781	2115	1877
KLHL13	30	408	176	311	248	9	848	257	11	499	747	150	170	370	91	98	67	530	113	1245	262	33	303	559	482	385	529	418	48	194
CYP26B1	17	1140	29	26	39	552	10	41	102	234	193	12	398	89	96	20	9	191	26	72	27	60	36	310	387	16	316	236	478	1074
ICA1	308	327	118	152	158	100	232	35	65	226	207	64	156	244	172	45	133	597	175	80	117	57	69	186	224	94	426	250	125	116
DBNDD1	434	394	136	571	562	167	714	681	17	498	948	31	988	103	1063	35	160	484	824	122	699	75	66	53	52	107	890	358	1124	459
ALS2	995	691	199	539	586	1017	897	439	401	1241	767	244	832	725	464	215	237	886	683	756	544	596	607	502	342	402	671	1027	1599	1581
CASP10	1251	489	251	67	237	451	667	94	44	159	279	120	229	924	543	90	199	497	336	171	93	127	272	517	485	363	318	259	505	3052
CFLAR	6557	4119	1333	3119	3380	7179	4329	2603	1523	2910	4966	1240	4440	4064	5419	983	1956	6633	5398	6855	3206	2074	3697	3417	2075	2364	4116	3845	4210	6112
TFPI	16803	1688	68	282	441	588	230	151	115	1269	582	1094	712	622	772	179	683	2354	609	7038	401	732	399	1470	2293	1888	4094	4022	2436	642
NDUFAF7	731	821	175	543	743	590	736	904	1059	1087	1065	491	1172	563	384	311	298	674	574	572	557	701	621	365	351	566	1026	1182	1345	690
RBM5	2097	3245	1666	1341	2929	5507	1937	2210	2136	1704	3410	877	4740	2943	4865	1182	1946	2360	3096	2811	1470	1490	2210	1625	1329	2025	3842	4434	3057	7992
MTMR7	83	83	20	19	70	20	26	18	22	59	67	18	61	42	9	9	41	49	31	100	11	9	30	100	74	63	76	70	17	15
SLC7A2	8158	626	54	73	248	212	374	57	511	5627	299	44	847	189	372	60	68	672	188	3272	184	265	342	79	412	385	541	547	373	530
ARF5	8973	4959	4131	3208	6453	9018	7959	4128	1727	5335	10083	3346	10428	4752	5897	3978	4306	5804	8169	7281	5065	3616	8335	2753	5699	6726	10180	9910	5959	6813
SARM1	77	264	61	119	330	214	338	114	23	390	260	98	1753	368	146	64	88	665	114	104	470	220	242	515	190	171	533	1040	541	671
POLDIP2	3020	7761	1873	4061	10917	12640	7185	6889	3861	9088	9162	3046	14567	5804	6102	2172	3734	7368	5814	9263	3940	4196	7282	5061	5418	4517	14909	11532	7518	7710
PLXND1	12947	3974	1405	866	2905	2762	4783	700	9034	8903	2758	617	3208	5110	12352	543	1384	5413	1984	5204	1198	1344	1063	1638	4242	1511	7501	13551	19166	7863
AK2	10640	3524	1012	1896	2689	3830	3374	965	1207	6388	4077	1749	5274	2135	2019	1073	1150	3373	3162	2516	2135	3303	4145	2440	1809	2101	3425	5477	4821	3319
CD38	1181	364	46	24	51	138	147	23	2	20	48	11	12	42	79	10	32	90	14	14	7	13	47	49	58	226	156	13	8	3
FKBP4	12224	6736	1864	12019	9044	3019	6423	1805	1887	14726	12836	5167	12949	8631	10049	3775	3089	8698	7170	11136	9787	3785	6769	5817	2838	6485	11326	18953	5100	2595
KDM1A	4715	2744	692	1294	1656	1784	2187	548	873	4285	3091	669	4054	1752	1914	699	678	1818	2741	3839	2510	1866	2342	1960	1539	1387	2509	4123	2224	4433
RBM6	1823	4830	2437	1132	3262	5538	1664	2762	4249	1619	2742	1403	3108	3245	4405	841	2802	2600	3008	2913	1515	1818	2424	1609	1243	1887	3837	3766	3477	9007
CAMKK1	178	2025	495	59	3189	399	1828	537	88	349	466	182	265	1805	2041	318	1423	3642	729	5389	294	334	1010	2917	1375	315	2696	655	276	879
RECQL	678	507	92	606	488	157	1744	91	36	364	1138	119	966	1195	508	81	128	1643	1575	830	924	190	805	1373	337	254	1032	1200	421	279
CCDC132	866	1086	344	1475	1047	933	1761	453	217	533	2024	648	1077	2684	1027	449	561	1987	1963	1528	1094	376	1142	883	1122	818	1537	1690	437	886
HSPB6	388	38314	25489	851	18748	16359	54816	25080	202448	35975	6734	24210	41598	37786	88	3038	39653	62746	67	86103	1319	5443	12595	35101	24895	73657	110697	59142	19991	60455
ARHGAP33	688	577	468	925	325	561	654	415	1387	688	391	718	2471	698	1075	448	321	833	1009	831	618	619	914	979	534	1114	769	991	709	1926
NDUFAB1	2575	4816	901	5298	7039	3844	5837	1425	551	5773	6373	2615	5442	4612	2848	1476	1160	5190	4837	6236	3648	3274	3215	2339	3068	2662	4702	5608	6094	2242
PDK4	522	5224	596	48541	8466	14374	11624	15712	5463	23245	72654	1528	4507	6382	6530	1190	1992	5683	8713	5859	39456	1430	16921	1038	2515	16611	7592	152241	19736	16118
SLC22A16	8	1	0	3	2	0	0	0	1	9	1	0	0	1	0	0	0	0	0	0	1	0	0	2	0	3	3	2	4	2
ZMYND10	102	16	10	39	61	65	10	5	6	8	43	9	120	11	15	30	16	10	11	20	46	14	29	35	46	33	105	30	34	64
ABCB5	0	9	1166	0	353	0	189	1	1	1	9	4171	20	842	20	8	1	16	1	3	7	5	8	1	0	0	63	1	3	1
ARX	0	5	2	9	7	2	0	1	81	301	19	367	17	588	13	28	1	23	42	96	28	255	47	63	1	236	1	7	38	923
SLC25A13	1195	1682	434	3650	1634	1474	3166	720	352	3132	4638	974	3367	3157	1026	787	1046	3222	3885	3074	2699	1274	2865	1552	1738	1035	2869	5134	1416	886
ST7	1562	1865	697	1891	1971	2212	3777	1207	395	1811	3716	976	1822	1504	1252	555	1267	3716	2783	2313	1880	905	2568	1029	1480	2037	3029	2943	794	1290
CDC27	4475	2420	606	1385	2581	1382	2489	1058	700	1910	2215	787	2832	2042	1888	534	1139	2730	1947	2507	1369	1181	1675	2232	1744	1055	4489	2670	2447	2335
SLC4A1	9	0	0	18	5	5	0	4	1	13	6	2	3	0	2	1	1	7	9	0	2	4	7	1	0	6	4	2	591	2
CALCR	2	9	68	0	31	6	48	0	2	8	1	2	9	44	21	0	15	15	2	1	3	0	0	1	0	5	20	5	0	2
HCCS	1225	1921	531	2547	2398	1037	2569	511	156	1124	3610	1593	1852	2837	1477	785	724	2726	3011	2019	2331	592	1816	1245	967	1825	1661	1863	849	601
DVL2	1138	2079	386	493	2001	3683	1924	1248	608	1513	1090	720	1617	3820	1490	448	1147	2444	1067	3025	1317	680	1359	1242	1583	1170	3077	2352	1610	924
PRSS22	52	8	29	1	7	24	297	3	1	2	51	5	2	2216	97	6	2	218	2	5	16	0	45	35	98	11	24	0	14	8
UPF1	4213	5027	2598	4966	4908	7483	9895	2179	5411	16426	13194	4405	11813	6376	7942	2679	3080	12347	9417	8036	10650	6648	8599	6207	3709	5204	10319	17585	11263	5993
SKAP2	1827	2783	1274	278	1365	2640	7857	703	6	1881	3986	2376	2273	12838	3224	1060	189	7734	2665	5363	760	1205	2879	2829	4625	3487	5024	590	3153	2024
SLC25A5	13779	10181	6693	12861	28267	9641	41865	1575	406	9337	20757	9018	7916	20392	22605	3313	4900	35715	18942	22357	9225	3707	16556	8584	9319	4829	8170	6014	9381	4773
CCDC109B	1013	155	337	76	699	206	382	39	8	743	229	85	157	253	125	53	265	350	156	629	387	52	200	271	78	160	1345	40	360	205
HOXA11	131	19	22	192	0	2379	34	235	203	1442	964	16	284	424	7	237	4	225	462	5	0	446	176	13	10	265	70	525	1297	415
POLR2J	3685	1942	1977	1417	2691	5245	3722	2939	1644	2041	4005	1734	3997	2095	1871	1552	2676	2661	2358	2269	1560	2344	2890	566	2348	4300	3685	4659	1878	2834
DHX33	748	620	219	571	902	991	868	471	422	813	902	335	1051	830	675	234	519	910	806	900	502	323	778	621	498	494	1873	1159	611	522
MEOX1	1	17	5	0	6	0	69	2	21	20	9	0	7	12	1	1	0	7	2	42	3	0	1	2	0	5	50	5	1	3
THSD7A	39	444	340	414	340	217	1035	18	71	319	519	107	834	749	364	106	449	3554	864	1208	812	284	839	1251	329	390	1730	531	34	118
LIG3	554	538	179	527	864	460	1232	355	148	415	1182	384	958	1232	1069	258	436	1590	900	1137	879	344	856	576	807	646	2203	1630	1555	914
RPAP3	2131	1405	394	1281	1462	1099	2422	325	242	1379	2226	881	2198	1840	1323	425	624	2414	1862	1946	1376	962	1452	1584	1114	960	2214	2174	1866	1166
ACSM3	42	530	497	353	197	4407	864	37	62	2184	676	2189	939	2058	501	1165	47	217	1136	2251	952	172	1099	1681	1622	838	294	627	404	11606
AC004381.6	292	265	48	305	265	492	232	126	244	232	327	95	688	191	117	97	66	81	191	396	291	338	199	392	364	201	260	167	349	593
CIAPIN1	3233	3218	260	3156	3422	5001	3673	1115	212	3675	5992	1988	4252	2365	1974	1506	764	3141	5660	4523	2824	2035	3739	2938	3256	2576	3153	4033	5010	1994
SPPL2B	1715	2308	1071	2803	2520	3457	3029	1363	2397	3803	6905	2390	6384	1182	3002	2106	1566	3089	3883	2343	1252	1936	5289	1301	1420	2804	4554	8298	4417	5798
FAM214B	1108	1776	648	3537	3931	1847	1675	980	1082	909	5343	549	5911	1347	1748	1096	1732	2252	2080	1295	3780	438	1061	1239	633	787	3798	1654	1451	1257
COPZ2	352	788	212	307	2698	641	1801	975	90	149	103	25	163	54	132	23	136	101	34	91	193	54	28	847	288	262	1180	45	378	53
PRKAR2B	170	2333	375	7304	133	6492	4247	2457	1032	13835	13030	1046	12221	2669	100	3540	233	2426	23917	4036	12238	4755	16060	496	2875	2781	1740	14890	4348	8211
MSL3	1505	1164	477	826	862	796	1141	246	239	394	1398	296	796	1199	728	263	425	2125	1041	853	835	324	820	815	602	698	1194	1119	533	1163
CREBBP	2793	2907	855	2994	2190	1694	4938	904	1362	2899	4458	1183	4261	4418	5866	1464	1225	5076	5799	5329	4933	1037	4457	4556	2455	2227	4515	5864	2394	3747
BZRAP1	202	1248	408	972	2169	842	1368	1602	435	88	1029	508	607	394	1653	299	1154	1443	501	550	572	39	1533	531	207	897	1208	990	169	953
MPO	0	3	0	0	2	2	5	14	0	0	0	0	1	0	3	2	0	5	0	1	0	0	0	2	1	1	2	0	6	0
PON1	37	1597	1	17	0	5	2	77	2	2	36	1	21	0	0	2	10	1	6	3	90	2	17	1	0	693	0	4	2	0
GCFC2	823	641	175	452	560	376	798	384	475	535	899	280	687	595	539	293	337	545	773	794	467	285	555	628	730	427	461	920	598	2512
WDR54	1648	876	85	329	355	95	473	52	234	426	1228	393	1623	331	274	406	50	528	1045	828	880	836	2324	1036	596	552	1324	884	3123	2354
CROT	577	886	397	1039	973	533	1336	436	96	279	1733	378	467	1157	1300	235	532	2378	1079	1063	1085	296	1346	483	684	580	1062	969	346	651
ABCB4	22	303	30	14641	36	736	114	382	941	54	22896	22	7216	163	32	760	30	114	2752	63	11981	1752	10545	18	1	809	342	2522	6500	13
KMT2E	2543	1468	813	1283	1243	2946	2758	600	609	2184	2757	630	2622	2439	2093	1019	1278	2997	3062	2222	2344	638	2639	1472	1274	1748	2233	3810	594	2752
