TCGA.FD.A5BU.01A	TCGA.5N.A9KI.01A	TCGA.LC.A66R.01A	TCGA.BT.A20J.01A	TCGA.XF.A9SW.01A	TCGA.DK.AA74.01A	TCGA.XF.AAME.01A	TCGA.ZF.A9RD.01A	TCGA.YF.AA3L.01A	TCGA.DK.A2I1.01A	TCGA.XF.A8HB.01A	TCGA.E7.A85H.01A	TCGA.DK.A2I4.01A	TCGA.GV.A3JX.01A	TCGA.2F.A9KQ.01A	TCGA.FJ.A3ZE.01A	TCGA.XF.AAN1.01A	TCGA.GV.A40E.01A	TCGA.BL.A5ZZ.01A	TCGA.ZF.A9R3.01A	TCGA.GC.A6I3.01A	TCGA.K4.A54R.11A	TCGA.GD.A2C5.01A	TCGA.ZF.AA51.01A	TCGA.ZF.AA5N.01A	TCGA.FD.A6TK.01A	TCGA.FD.A62O.01A	TCGA.XF.A9SL.01A	TCGA.CF.A1HS.01A	TCGA.ZF.AA53.01A
LINC01587	3	0	0	6	0	2	5	3	0	1	0	52	1	0	0	7	0	2	5	14	50	2	0	0	1	0	1	1	1	6
AC000111.6	0	2	0	0	0	0	0	0	0	0	0	0	0	0	0	0	0	0	1	0	0	0	0	0	0	0	0	0	0	0
XXbac-B461K10.4	1	1	5	1	2	0	6	0	0	1	0	1	1	5	1	13	10	3	3	15	3	4	7	2	2	11	14	1	3	20
IGF2-AS	6	13	0	1	33	8	26	0	9	293	2	10	5	21	15	603	301	157	49	9	30	3	35	40	249	13	177	102	1	16
TPTEP1	67	56	29	3	74	65	530	8	6	106	5	852	69	31	13	3068	3	12	263	46	17	940	120	24	1	19	8	90	38	28
RP11-153K16.2	0	0	0	0	0	0	0	0	0	0	0	0	0	0	0	0	0	1	0	0	1	0	0	0	0	0	0	0	0	0
DLEU2L	4	4	6	3	2	2	7	1	2	0	25	7	20	34	8	21	3	6	10	18	1	7	9	8	2	15	16	6	7	4
RP11-268J15.5	179	147	103	70	72	50	159	88	75	52	533	146	53	650	223	613	93	327	101	47	150	71	93	70	258	130	39	62	73	110
PINK1-AS	130	421	133	306	86	103	273	57	486	641	849	301	281	449	328	542	92	220	310	382	184	179	347	436	135	300	312	173	95	163
C10orf95	10	24	21	161	5	9	25	6	23	54	110	54	31	49	36	34	80	30	9	56	39	17	53	16	20	47	37	17	26	27
SPG20-AS1	6	18	9	1	4	2	9	1	5	18	1	16	5	25	9	25	6	12	7	11	13	5	11	4	0	3	12	12	6	5
LINC00544	0	1	0	2	0	2	5	1	0	0	0	0	3	1	0	0	0	0	1	0	3	0	0	0	0	0	0	3	0	4
KIAA0087	0	0	0	0	1	1	0	0	0	0	1	0	3	7	1	0	0	0	2	0	0	0	1	0	0	0	1	1	0	0
AC105760.3	3	1	0	0	0	0	0	0	0	0	0	0	0	2	1	0	0	1	1	3	0	0	1	0	2	0	0	1	0	0
DKFZP434K028	0	8	0	0	0	0	0	1	1	0	0	0	0	3	0	0	0	1	0	0	1	1	0	0	0	0	2	0	0	0
LINC00029	0	0	0	0	0	0	0	0	1	0	0	1	0	2	0	0	0	0	5	0	1	0	0	0	0	0	0	0	0	0
FAM182A	0	10	0	0	3	3	0	0	1	0	1	1	3	12	0	3	0	0	1	1	3	0	0	0	0	2	6	1	3	0
C20orf187	0	0	1	0	0	0	0	0	0	0	0	0	0	0	0	0	0	0	0	0	1	0	0	0	0	0	0	0	0	0
MMP24-AS1	1816	4547	660	667	892	3080	2062	876	228	7128	2812	3291	1268	3932	1904	2048	2671	1989	2021	7226	871	2045	2825	1041	1089	1407	677	2443	221	1703
C22orf24	4	10	6	1	2	8	6	8	1	0	3	1	4	5	2	6	4	3	2	1	0	2	4	1	4	1	4	4	2	4
TTTY1B	0	0	0	0	0	0	0	0	0	0	0	0	0	0	0	0	0	0	0	0	0	0	0	0	0	0	0	0	0	0
TTTY1	0	0	0	0	0	0	0	0	0	0	0	0	0	0	0	0	0	0	0	0	0	0	0	0	0	0	0	0	0	0
H19	995	1583	288	216	5004	16201	5018	17644	465	2509	552	314	1915	33793	399	35	59279	12773	2187	1806	41913	4488	23902	2930	158563	68361	17373	14423	8177	565
TTTY9B	0	0	0	1	0	0	0	0	0	0	0	0	0	0	0	0	0	0	1	0	0	1	0	0	0	0	0	0	0	0
RP11-798G7.5	0	0	1	0	0	0	1	0	0	0	2	2	3	3	2	5	0	2	0	4	0	0	0	0	0	0	0	0	0	0
TTTY6	0	0	0	0	0	0	0	0	0	0	0	0	0	0	0	0	0	0	0	0	0	0	0	0	0	0	0	0	0	0
TTTY6B	0	0	0	0	0	0	0	0	0	0	0	0	0	0	0	0	0	0	0	0	0	0	0	0	0	0	0	0	0	0
LINC00470	7	1	2	3	4	0	0	2	1	1	0	10	5	1	0	3	0	116	0	0	0	6	0	49	0	271	1	3	0	0
LINC01260	4	16	7	22	12	12	19	24	2	9	2	46	272	73	9	30	3	164	9	6	26	3	1	10	5	645	3	21	16	26
C7orf69	0	0	0	0	0	0	1	0	0	2	0	2	0	0	0	0	0	0	3	1	10	0	0	0	0	1	0	0	1	2
RP11-84C10.2	11	2	2	0	1	2	17	3	0	5	0	3	4	1	0	0	0	0	14	1	0	1	4	1	0	0	4	5	0	6
RP11-809H16.2	0	0	0	0	0	0	0	0	0	0	0	0	0	0	0	0	0	0	0	0	0	0	0	0	0	0	0	0	0	0
ERVK3-1	339	364	199	582	210	226	776	227	523	574	1128	1001	842	1077	458	867	727	880	438	1246	719	1201	910	573	153	819	541	442	451	239
AC062028.1	0	3	2	2	2	3	3	1	1	1	1	55	4	7	0	1	3	2	2	6	7	7	10	8	6	1	2	43	6	2
LINC01558	6	10	3	3	2	5	20	2	6	18	0	4	10	31	1	2	6	6	40	7	8	1	11	3	1	26	1	25	3	3
LINC00525	0	0	17	5	6	23	22	10	21	116	2	44	52	12	17	39	13	45	4	76	151	11	58	24	1	71	118	33	0	4
TTTY7	0	0	0	0	0	0	0	0	0	0	0	0	0	0	0	0	0	0	0	0	0	0	0	0	0	0	0	0	0	0
TTTY7B	0	0	0	0	0	0	0	0	0	0	0	0	0	0	0	0	0	0	0	0	0	0	0	0	0	0	0	0	0	0
C20orf78	0	0	0	0	0	0	0	0	0	0	0	0	1	0	0	0	0	0	0	0	0	0	0	0	0	1	0	0	0	0
LINC00266-1	0	0	0	1	1	0	2	0	0	5	3	1	0	3	4	2	2	0	2	2	0	2	0	1	0	0	0	1	1	0
RP11-96C23.13	1	3	9	5	10	0	9	2	78	64	69	76	8	13	55	75	21	2	4	73	23	55	123	16	6	7	55	17	3	3
PART1	198	35	24	16	367	14	288	94	387	424	4	133	29	455	54	15	284	12	113	685	23	32	235	244	1	45	0	592	12	14
LINC00467	369	652	239	125	297	183	395	441	600	836	274	425	353	755	345	993	191	225	351	781	351	203	425	160	108	203	463	319	158	193
RP11-66N24.4	8	18	14	16	14	22	36	14	73	68	47	162	37	53	66	241	55	82	12	66	130	51	88	32	14	29	68	19	8	12
C1orf147	12	8	8	10	1	0	12	3	2	2	2	4	13	14	7	10	7	9	2	46	3	7	20	16	1	11	13	5	2	3
AC007364.1	0	0	2	0	2	0	0	0	0	0	1	0	0	3	0	0	0	0	4	0	1	2	0	0	0	0	0	0	1	0
C2orf48	18	118	30	24	24	4	19	27	10	11	259	20	71	53	34	19	8	159	21	4	19	0	18	18	3	63	8	15	52	7
LINC01116	422	340	8	12	120	162	302	365	39	98	248	14	230	225	27	4	119	264	148	28	148	55	25	24	17	186	5	152	51	142
SNHG16	1197	873	1190	1287	355	425	1472	402	1632	1120	1130	758	1353	1039	1043	1904	783	2371	1979	1751	325	1165	1097	676	872	1005	2653	682	1447	820
IGF2BP2-AS1	7	2	7	0	0	4	1	7	0	0	1	0	2	4	1	0	0	6	7	1	0	1	0	0	0	9	0	0	6	2
SMAD5-AS1	10	3	4	0	0	2	3	3	3	16	2	10	0	1	3	5	1	4	3	5	13	0	6	1	4	2	1	2	4	1
C10orf25	61	99	38	83	77	101	162	9	56	193	27	69	129	95	41	61	83	97	89	173	80	32	70	26	14	71	60	85	35	40
ZNF667-AS1	106	448	37	1111	312	486	852	29	723	1096	25	197	154	849	64	1142	31	38	435	37	45	466	281	51	12	589	234	586	443	370
MIR202HG	0	1	0	0	4	0	3	0	0	0	0	0	0	0	0	0	0	1	2	0	2	0	0	0	0	0	1	9	0	0
RP11-93B14.6	1	0	2	1	3	0	11	1	10	0	12	0	9	4	2	0	1	1	1	2	0	3	10	2	1	0	0	5	0	0
LINC00483	0	18	0	3	0	0	0	0	9	1	5	2	0	68	1	0	3	1	0	3	0	1	0	0	0	0	2	4	0	0
AC104389.28	0	4	22	2	0	0	0	0	3	0	0	34	0	1	0	0	0	159	1	1	3	2	0	0	0	76	1	1	0	0
LINC00905	0	3	0	0	0	0	0	1	0	0	0	0	0	0	0	0	0	0	0	0	0	0	0	0	0	0	0	0	0	0
RP11-25K19.1	29	20	14	15	17	17	70	49	8	30	2	126	66	12	5	3	3	9	11	13	11	13	6	10	0	29	3	46	11	28
LINC00917	0	0	0	0	0	0	1	0	1	0	0	0	0	0	0	0	0	0	1	0	1	1	0	0	0	1	0	1	0	0
RP11-262H14.4	10	16	4	9	8	34	32	8	80	301	47	31	40	45	38	59	6	44	51	158	44	19	49	3	5	12	17	24	32	18
LINC00266-3	0	0	0	0	0	0	0	0	0	0	0	1	0	0	0	0	1	0	0	1	0	0	1	0	0	0	1	0	0	0
AC093323.3	210	636	323	425	638	550	873	299	3110	746	1783	2091	1238	546	1331	3075	812	793	585	946	940	428	909	381	460	667	856	1069	283	229
TPT1-AS1	100	414	142	178	191	133	369	80	920	276	371	457	454	234	194	929	138	411	238	245	287	507	197	263	115	344	481	398	127	140
LINC00208	0	0	0	0	0	0	0	0	0	0	0	0	0	0	0	0	0	0	0	0	0	0	0	0	0	0	0	0	0	0
SHANK2-AS3	0	0	0	0	0	0	0	0	0	2	0	0	0	0	0	0	0	0	0	1	0	0	0	1	0	0	0	0	0	0
MIR31HG	5	30	169	3	5	3	73	60	58	8	431	0	240	112	39	0	0	33	111	26	0	246	7	40	18	187	77	25	51	0
SERHL	16	42	17	31	16	12	65	9	57	25	55	35	28	45	5	63	7	32	45	25	0	37	23	11	25	0	30	111	24	1
MIR4435-1HG	932	656	1749	406	881	4945	1176	505	586	1219	2321	424	4193	1095	613	1070	534	7360	2521	850	977	258	650	422	584	2083	379	1337	751	3059
CMB9-22P13.1	58	161	67	383	55	129	93	97	22	112	220	120	115	222	67	26	34	247	286	65	13	68	111	23	61	60	200	95	52	125
CCDC13-AS1	1	20	2	7	16	6	18	5	11	7	3	32	20	4	54	21	14	12	5	37	11	10	11	7	1	8	19	19	7	4
RP11-89N17.1	2	1	1	0	0	0	3	0	3	0	0	2	0	3	0	3	1	6	0	5	3	2	3	0	2	0	0	3	0	1
RP11-97O12.7	3	7	1	0	6	2	10	1	21	9	12	10	2	7	15	37	17	11	5	22	14	4	21	5	16	3	14	9	0	2
RP11-23P13.6	12	35	7	13	6	9	28	7	11	4	41	12	48	32	8	20	10	5	12	8	30	47	4	6	0	15	2	19	1	4
SNHG11	229	764	208	383	261	482	736	185	1920	703	272	743	595	435	602	1099	844	752	361	980	1403	128	953	329	257	615	847	507	202	314
C20orf166-AS1	62	8	3	1	209	7	212	5	9	10	1	1	14	0	1	1	3	4	0	2	5	55	21	2	1	42	11	556	0	11
MIR1-1HG	0	0	0	0	10	1	6	0	0	1	0	0	0	0	0	1	0	1	0	0	1	2	2	1	0	1	0	13	0	1
GRIK1-AS1	4	3	1	0	5	2	20	1	9	0	0	0	4	2	0	5	1	1	1	5	1	2	1	1	0	9	1	6	0	3
LRRC75A-AS1	4865	6294	3690	7379	5666	3155	11181	5337	13003	9654	39959	13918	8308	12773	9029	12214	10046	10670	11404	7472	4086	11255	5717	5720	11030	5000	11670	10023	7157	5029
TMEM51-AS1	25	746	290	88	87	14	116	66	1019	200	265	22	327	536	990	489	631	227	25	805	195	761	376	324	42	91	520	139	35	60
RP11-276H1.3	1	0	1	1	0	0	2	2	1	1	1	1	1	5	1	3	0	0	4	0	5	0	5	1	1	2	2	3	1	1
LINC00476	79	164	95	47	65	51	214	59	205	271	285	99	129	173	47	125	64	262	337	57	270	133	131	101	28	190	136	203	81	49
LINC00521	0	2	2	0	0	1	1	4	0	0	12	0	0	0	2	0	0	0	0	0	0	0	0	0	0	0	0	0	0	0
C15orf54	2	1	3	1	2	4	5	0	1	6	0	2	3	3	5	4	2	1	24	1	0	1	5	1	1	7	5	5	3	0
LINC01106	15	67	36	39	31	30	31	23	20	80	141	19	97	120	27	77	157	93	25	45	46	87	131	18	32	23	212	23	29	10
RP11-121M22.1	6	19	6	0	3	7	22	7	31	50	24	24	7	8	11	51	10	1	2	14	16	21	12	10	2	3	34	13	5	0
RP11-544L8__B.4	0	0	1	0	0	0	2	1	1	0	1	0	1	2	4	1	4	1	1	307	0	21	2	2	0	4	2	2	2	0
LINC00302	0	0	0	0	2	0	2	5	0	0	0	0	1	0	0	0	0	0	68	0	0	0	0	0	0	0	5	2	1	0
C10orf111	7	14	14	9	5	5	11	8	12	27	12	8	7	21	16	21	12	8	7	34	14	10	31	2	5	8	11	8	10	5
RP11-404O13.5	1	2	3	10	0	1	1	0	0	0	3	0	0	2	0	1	0	2	8	1	2	1	0	1	0	1	0	0	19	2
AC110781.3	1	0	0	0	0	0	3	0	0	24	0	0	2	0	0	3	0	2	1	2	0	0	2	2	0	0	0	1	1	1
RP5-856G1.2	0	8	3	20	0	0	8	0	10	40	7	5	0	65	0	2	1	0	0	56	13	13	5	0	0	0	0	0	1	0
CTD-2368P22.1	103	101	153	263	48	63	283	47	42	441	109	214	59	534	80	639	66	107	138	59	293	183	119	23	5	113	140	170	241	40
C20orf197	62	4	38	29	5	5	153	122	4	4	18	7	21	3	10	9	4	5	4	7	7	1	12	0	0	7	40	7	95	2
TTTY14	0	14	115	3	53	117	0	0	0	0	0	8	246	1030	19	2	0	97	0	1	2	96	0	0	0	163	157	121	1	167
C15orf56	0	16	13	8	8	3	7	3	44	25	47	38	12	49	90	31	41	31	6	96	17	8	44	8	7	7	15	10	1	6
LINC00303	2	0	1	3	1	0	6	0	0	1	3	1	1	39	0	0	0	0	9	0	4	1	0	0	0	2	0	1	0	0
MIR7-3HG	0	23	0	0	0	0	1	0	0	0	0	5	1	1	2	1	0	0	0	0	0	0	3	0	0	0	0	0	0	1
RP11-334J6.7	0	0	0	0	0	0	0	0	0	0	0	0	0	0	0	0	0	0	0	0	0	0	0	0	0	0	0	0	0	0
TYMSOS	111	274	226	8	85	79	45	60	76	180	309	122	110	124	272	186	69	256	68	47	152	9	150	45	38	73	47	122	89	83
