TCGA.FD.A5BU.01A	TCGA.5N.A9KI.01A	TCGA.LC.A66R.01A	TCGA.BT.A20J.01A	TCGA.XF.A9SW.01A	TCGA.DK.AA74.01A	TCGA.XF.AAME.01A	TCGA.ZF.A9RD.01A	TCGA.YF.AA3L.01A	TCGA.DK.A2I1.01A	TCGA.XF.A8HB.01A	TCGA.E7.A85H.01A	TCGA.DK.A2I4.01A	TCGA.GV.A3JX.01A	TCGA.2F.A9KQ.01A	TCGA.FJ.A3ZE.01A	TCGA.XF.AAN1.01A	TCGA.GV.A40E.01A	TCGA.BL.A5ZZ.01A	TCGA.ZF.A9R3.01A	TCGA.GC.A6I3.01A	TCGA.K4.A54R.11A	TCGA.GD.A2C5.01A	TCGA.ZF.AA51.01A	TCGA.ZF.AA5N.01A	TCGA.FD.A6TK.01A	TCGA.FD.A62O.01A	TCGA.XF.A9SL.01A	TCGA.CF.A1HS.01A	TCGA.ZF.AA53.01A
TSPAN6	1376	6183	2481	2089	1036	1169	2705	1309	15382	12519	5979	3262	7004	6187	5426	5885	5752	3319	2410	35408	2766	4383	11377	2242	212	2058	7426	6182	2832	1238
TNMD	3	2	0	1	8	28	10	0	2	0	1	0	7	2	1	2	0	0	5	3	0	11	2	1	0	0	2	4	1	0
DPM1	1222	2637	1768	3004	892	1321	2487	1796	1863	2547	5121	4605	3633	4529	1983	4186	1693	1828	1797	2659	1359	1583	2798	1528	1394	3033	2447	1344	1637	1282
SCYL3	599	773	363	465	347	137	702	275	1074	1087	514	2994	1214	1853	1134	1687	553	429	412	871	483	377	1598	413	174	356	897	590	461	345
C1orf112	361	394	884	904	166	121	381	311	277	752	707	3976	1397	1351	421	658	243	692	382	301	405	147	1261	475	230	344	384	298	1129	293
FGR	454	494	353	510	296	393	1981	215	224	529	1106	422	2831	1446	312	79	336	210	1019	894	382	559	320	412	21	771	292	713	211	689
CFH	2623	5608	987	751	2792	2664	14770	3410	2889	3510	3166	18078	7374	5655	549	688	121	1466	3214	6230	1213	9049	1045	992	359	3824	658	3680	289	3008
FUCA2	1694	6838	3459	2979	1402	2730	4459	2555	2321	4830	2175	7516	7253	6435	4347	4828	3284	11633	4489	7055	3057	2577	11522	1940	898	5940	2104	2472	2241	5323
GCLC	9806	2248	702	1755	691	593	3958	7491	1965	2565	5512	4229	1818	5201	3784	7423	1513	2714	1269	11179	1330	15012	4222	884	466	1140	2535	1356	1154	826
NFYA	1540	1703	1698	847	511	478	1239	720	900	1306	1279	2096	3731	4130	1621	4222	1413	2129	1543	3292	502	2930	2974	1278	585	1445	2164	724	1381	2986
STPG1	317	1325	235	392	310	151	334	387	526	2880	1016	1693	637	1345	816	730	142	649	324	623	598	1167	1627	609	218	650	824	1292	668	513
NIPAL3	612	1453	634	2455	489	304	1207	844	1798	1688	2738	1303	2393	2992	1290	1829	586	1676	1169	1777	666	850	2497	1076	2416	2410	1699	1301	697	475
LAS1L	1807	2982	2075	4148	988	1548	2717	1633	3277	3288	3418	2997	3347	3565	1627	3576	2050	4687	1778	1983	4203	1585	5043	1607	744	3548	2020	1882	3388	1922
ENPP4	113	1931	425	778	531	115	788	95	670	914	19	1046	2067	2324	981	1447	537	606	279	918	235	516	1217	402	2	487	674	953	112	94
SEMA3F	5987	1830	3399	701	1273	5116	3198	2045	16831	8123	20882	4880	9462	12350	13031	14366	11117	3677	4982	17259	6394	3727	13942	4688	1363	2438	8645	3068	2298	2055
CFTR	1	1427	2	164	3	52	39	0	0	5	144	23	2	45	1	1	44	367	47	1	4	11	5	12	5	3	3	4	1	14
ANKIB1	1445	2837	1321	5363	721	584	2425	924	1141	2394	2727	1541	3783	5673	3135	5474	1957	4618	2813	6392	1186	1636	3872	1123	768	3662	4046	1378	3778	1372
CYP51A1	159	159	55	256	33	50	159	47	16	59	198	55	186	442	157	636	60	183	274	404	51	277	369	51	34	223	621	174	247	93
KRIT1	752	909	645	2679	420	245	1449	532	580	1171	1390	906	1199	2210	2096	2527	915	1791	1486	2319	624	878	2772	469	351	1097	2622	811	1334	415
RAD52	138	254	146	1495	176	95	358	91	203	234	636	661	259	465	335	928	336	621	257	577	380	156	800	271	106	315	641	273	217	143
BAD	1674	2036	1686	1651	663	2369	1722	853	5814	2484	3460	3612	2657	4147	2020	2431	1270	2334	2000	2452	3899	955	2424	1510	615	2843	1308	2108	932	1861
LAP3	3655	6184	5572	4965	2905	9124	6118	4416	1607	3981	4501	3524	16047	11570	1959	2101	2030	4120	4265	7176	2494	2346	2941	2508	1512	8353	1901	4401	2934	3967
CD99	6609	23601	7183	1406	10825	14323	15021	3471	8106	22468	1777	9440	31145	36829	47084	6912	1763	10459	22310	4787	5779	6569	8147	5943	15824	21406	4088	21717	10351	15104
HS3ST1	361	1159	775	1101	225	570	1333	791	2780	1068	1919	660	585	2004	6211	171	2293	1590	263	3607	771	15821	869	1513	229	725	1952	790	833	216
AOC1	115	906	14	4254	7	49	178	54	12	286	2189	13	49	5710	162	2	483	11	200	217	94	43	82	47	2	484	32	91	201	105
WNT16	4	13	295	3	3	1	27	12	1	8	101	4	6	299	9	12	3	49	27	13	10	1	40	5	154	118	7	14	1	6
HECW1	211	31	13	205	26	54	117	67	5	167	2	80	82	22	12	12	8	78	58	26	764	42	63	23	2	885	25	13	159	199
MAD1L1	2145	2478	1198	1183	578	1531	1921	717	2164	2343	3547	1849	3933	2887	1478	852	912	2663	2471	1568	3279	899	1947	1240	650	1935	1636	1852	1624	2148
LASP1	11539	18170	10035	14741	4440	6285	13767	7795	8012	10945	18510	21946	37136	45345	9655	4271	7187	29017	16926	11894	7749	8961	12163	9838	5710	20445	13720	9298	8116	7263
SNX11	1061	2172	642	958	598	1019	1493	1004	1776	1596	1407	1564	2426	2583	816	872	717	2211	1358	4584	1282	665	1540	640	561	1589	703	1383	653	1322
TMEM176A	1480	1745	637	3456	823	3827	5126	899	714	4783	149	1143	8014	7285	281	138	154	1041	1340	527	1406	1286	733	1530	91	2400	493	2858	401	1370
M6PR	2507	3844	2694	4740	846	869	3493	1632	627	2380	6060	4134	7722	6040	3434	4066	1726	4089	2857	5956	786	3309	3112	1589	917	3263	3391	2164	3192	2896
KLHL13	403	56	521	148	340	174	802	480	132	82	551	13	144	566	125	483	14	247	493	950	34	441	65	27	12	101	38	405	150	74
CYP26B1	570	43	53	138	50	73	358	235	8	91	64	221	506	844	35	38	40	844	634	71	34	49	146	377	608	751	53	201	745	271
ICA1	64	3002	295	1018	361	306	1128	97	3000	3744	1473	2666	2040	3388	2601	1598	1885	1837	356	3948	1918	2913	5399	1628	151	957	2733	993	131	120
DBNDD1	1427	3535	587	1491	120	201	864	149	517	620	2065	3091	1422	2693	1411	1070	1471	1503	1133	1473	1736	166	1102	833	497	967	629	772	374	193
ALS2	610	830	751	1086	365	280	1158	370	274	596	1032	1239	1945	2861	734	1239	762	1414	1919	1247	425	737	1223	546	224	1560	1032	666	925	450
CASP10	521	1984	631	1126	382	652	1331	760	362	467	982	221	3909	4257	699	186	720	1001	547	2656	947	555	1581	546	231	1092	370	879	683	307
CFLAR	5196	4768	3868	12872	2148	2631	7195	3158	1763	2971	3567	5577	9274	7396	2319	4535	1950	10710	4168	4477	2273	6745	3550	3267	1402	7270	3633	4291	3597	1930
TFPI	451	1755	1095	9933	1259	3632	4621	458	1543	728	2224	244	1389	1604	1422	753	437	1092	9833	798	188	2842	595	741	140	2276	368	2128	200	1251
NDUFAF7	417	670	455	668	382	221	692	353	608	635	856	816	860	922	636	509	537	662	683	951	662	474	1157	789	175	789	547	557	494	312
RBM5	3106	2976	1167	1749	2015	1437	4938	1106	4560	2708	3428	1715	4156	5167	3879	5743	2949	4302	2804	6102	3738	5042	5552	2864	1526	3656	5393	3929	1120	2471
MTMR7	14	79	9	22	61	21	68	9	100	65	29	114	82	86	90	118	45	59	58	170	49	54	35	30	21	35	57	79	41	12
SLC7A2	620	365	50	94	1140	268	1774	42	1315	1162	147	220	2599	1402	109	929	608	1404	4630	864	948	1774	316	1035	464	207	5822	1293	210	80
ARF5	8233	10155	4080	2395	2669	5331	5848	4909	12947	9874	7641	9296	6818	12757	7014	6974	6339	17224	8068	8588	18404	4525	12482	4742	3200	9448	8999	7058	4111	8428
SARM1	101	258	56	226	168	71	392	16	352	277	427	272	370	658	277	105	304	114	293	727	251	161	721	173	17	162	617	360	41	29
POLDIP2	5113	8720	2809	4820	2311	3332	5222	2975	10073	7636	9534	8700	6067	9402	5088	2700	5031	8967	6554	9124	16930	2639	13359	3838	2364	5482	6164	4605	9875	5669
PLXND1	2780	2415	2119	5568	3168	5003	13065	1058	2208	5195	3959	2390	12043	7843	4226	2771	1549	4427	16362	1649	1530	1601	4086	1457	1587	8254	1503	6902	2961	2880
AK2	6946	11891	4363	3626	2419	2784	4202	3544	5466	7623	9271	7246	7913	9298	5414	7803	2181	6765	4611	4199	5276	2779	7424	4390	3021	5810	4855	4296	6831	4003
CD38	157	151	638	793	90	633	895	363	16	401	17	219	2327	211	12	32	9	58	169	68	419	39	27	246	6	437	20	238	96	139
FKBP4	6396	9696	5257	20466	3498	4281	6426	2989	4732	13935	12099	24352	11158	16726	10124	10998	7054	13709	8185	8625	13768	5042	8528	6074	4050	5391	11659	4936	11569	8558
KDM1A	2548	5651	3608	3508	1721	2807	4027	2966	7996	9525	12921	9335	10026	13368	23257	4692	3505	6076	5951	4558	8629	7441	12386	8813	6023	13688	7987	2878	4147	6124
RBM6	1862	3640	1305	1550	1988	1577	4538	1042	6886	2847	3923	2394	5324	7998	4680	8624	3781	6609	2842	6053	5869	4599	4451	4759	1298	6140	3942	3644	1379	3116
CAMKK1	368	496	126	118	534	198	891	300	717	227	1883	462	549	746	637	175	458	672	781	260	354	586	360	325	76	482	324	866	392	148
RECQL	787	726	1091	992	339	250	1464	408	69	686	1527	902	2522	1168	781	955	354	1860	1721	845	216	554	993	430	267	1621	796	649	1465	434
CCDC132	931	1052	602	2072	454	291	1176	697	618	839	1050	908	1253	1856	778	2311	646	1531	760	1876	529	369	1850	467	298	1105	1140	833	1127	484
HSPB6	1181	694	69	285	13277	514	9736	180	481	945	1392	105	459	29	31	35	40	70	5404	32	199	2618	320	40	5	878	322	23022	27	88
ARHGAP33	224	308	327	259	299	169	528	139	807	355	1313	1077	735	2671	402	1414	409	448	352	285	390	181	724	271	73	540	302	495	411	290
NDUFAB1	1872	4691	1823	2112	1351	2095	2424	2793	2884	4507	6366	4432	2188	1744	2468	3998	1940	3704	2559	2329	4163	1211	2839	1391	1343	3327	1089	2579	1317	1490
PDK4	213	897	175	4329	12720	801	8542	95	967	646	827	288	1084	1361	1889	1150	348	156	1480	515	108	25637	1632	241	28	270	534	2068	90	466
SLC22A16	0	5	14	6	6	5	74	2	3	2	1	0	50	1	0	0	1	5	90	0	5	0	8	4	0	4	1	10	4	5
ZMYND10	6	54	42	75	22	13	25	7	69	32	143	12	80	429	18	42	9	38	47	12	45	3	13	50	9	124	29	172	14	16
ABCB5	4	12	0	0	35	7	76	2	0	10	0	0	21	4	0	0	0	0	4	19	4	34	4	0	0	13	0	68	0	0
ARX	0	44	1	3	9	0	1	4	0	10	1	36	2	8	0	2	2	7	2	1	1	0	17	66	16	124	0	0	1	1
SLC25A13	1263	1308	801	2165	490	416	1520	762	1023	1559	1986	1693	1210	3219	1681	2050	993	3099	2699	5245	1735	1112	2679	654	460	1288	2143	1396	2085	776
ST7	791	1511	752	453	591	509	1184	545	952	1083	1809	1157	1540	2509	1313	1852	924	1982	1480	2127	719	867	2123	521	542	1362	1026	963	1988	1005
CDC27	2457	2546	1674	2122	1318	1244	3713	1778	2353	2571	2052	3119	5317	5514	3165	3879	1508	4398	4527	8625	1226	1613	2691	1914	830	2725	2774	1766	1187	2292
SLC4A1	0	1	2	1	1	1	183	2	1	0	1	2	9	1	0	3	1	2	13	0	7	3	1	2	0	2	0	1	2	1
CALCR	0	0	1	10	1	1	7	0	1	3	0	9	15	10	1	7	2	5	3	0	4	0	2	0	1	6	0	5	0	8
HCCS	1280	1031	1091	977	516	656	1448	1025	804	1286	2376	1062	2188	1907	1157	1094	745	1991	1143	1335	767	1386	756	883	489	1795	717	841	1317	1284
DVL2	1953	2276	2156	1430	743	568	1628	852	2113	1109	2297	1739	1703	5124	2292	2431	658	1276	1527	1965	774	1061	1713	689	369	1261	1408	1696	1338	1098
PRSS22	643	5388	886	206	352	582	788	4051	3622	1647	11601	1128	2858	1976	2968	2360	2343	5766	551	5107	438	4544	2390	2635	708	1212	1877	2227	311	794
UPF1	5640	5644	3934	4947	2116	3026	6528	2299	6765	7003	11360	11029	11594	15691	9843	8437	4288	5496	6297	9741	3848	6705	11404	6567	2690	9306	8846	5370	9910	3188
SKAP2	1927	3685	1403	672	1261	853	2895	1064	1356	2313	2752	1686	5887	5402	1455	5762	1421	2323	1482	4230	1023	3148	2452	1102	399	2300	7323	2313	1414	1277
SLC25A5	12382	15609	15197	12548	5166	8848	15198	12112	8740	13201	56918	19621	20737	19279	14902	9193	8656	27928	13210	14370	15451	9739	16631	6421	5757	17062	7433	10307	19726	16178
CCDC109B	1890	1366	1427	492	849	992	1524	969	1013	894	1831	466	3290	1956	329	718	215	2483	840	473	415	267	631	639	990	2068	64	1147	1140	1003
HOXA11	132	286	165	5	253	347	570	235	1864	502	1212	134	762	866	275	52	33	277	676	1221	150	94	157	278	48	429	211	478	123	252
POLR2J	1417	2915	809	1990	801	1969	1684	814	6112	4753	3297	3496	1856	3071	2065	3760	2124	4032	2097	3624	5801	794	3672	1351	706	2197	2129	1870	2281	1989
DHX33	1352	1018	1227	852	443	328	1408	554	768	861	1008	1343	1598	3244	1499	1100	807	2078	1207	1075	826	970	1559	819	327	894	1096	668	1367	478
MEOX1	51	53	159	52	228	77	923	86	56	99	23	76	175	36	9	2	64	106	101	30	59	60	294	59	1035	208	69	1126	74	61
THSD7A	98	102	90	248	221	64	744	26	85	316	28	75	321	93	180	11	38	20	367	651	14	259	1503	75	275	168	160	397	21	17
LIG3	1180	1670	722	1502	541	464	1222	589	1186	2477	1452	3547	1725	3403	1859	785	694	1963	1809	2184	1311	1366	5688	1137	479	1276	1732	1113	1048	965
RPAP3	1268	1358	937	1653	556	549	1510	872	1397	1508	2335	2951	2835	3365	2604	2419	921	2281	1568	1764	991	1150	1976	696	386	1151	1418	1107	1636	1027
ACSM3	16	1053	157	566	119	30	134	50	148	1215	84	1994	154	171	563	531	181	201	49	851	200	498	449	98	144	60	1372	336	39	18
AC004381.6	56	452	284	272	110	64	188	143	257	361	1007	266	276	375	272	291	140	449	221	367	250	162	511	111	64	634	180	227	244	168
CIAPIN1	2833	2889	1965	805	719	1662	2598	2220	1314	2511	4485	4568	2230	2199	3189	2276	2217	3312	2198	3215	1890	1360	5682	1151	1192	3760	1122	1562	1554	2781
SPPL2B	2053	2331	1394	884	723	1740	2486	779	4473	2539	1675	4157	2475	3771	2173	1781	1763	1950	1591	2799	4149	1408	4221	1396	1064	2213	5215	2444	973	1537
FAM214B	1531	2138	486	1148	714	1297	1480	717	993	1232	1075	2537	2128	1668	1010	2296	565	1044	1601	1466	922	2181	1425	440	725	3643	492	1271	1014	1925
COPZ2	910	989	79	395	1509	2009	2539	835	256	1058	529	238	803	254	249	43	47	2305	2108	92	489	283	418	202	18	1454	212	1520	355	902
PRKAR2B	151	2759	89	1729	451	214	1366	76	182	231	1031	107	2037	2064	127	44	164	191	1306	171	210	1838	1069	490	50	293	169	780	284	108
MSL3	1250	947	1118	1125	791	675	2128	1011	1679	1643	1315	1364	2794	2069	1404	1285	785	1786	1613	2484	1881	912	1070	1355	473	1912	835	1333	1750	1184
CREBBP	3800	2186	1477	4355	1287	877	3849	1485	1952	2724	5762	5308	6250	5157	4479	4802	2381	3090	4024	5314	1624	4302	3528	1665	751	1971	4384	2894	3327	1573
BZRAP1	196	331	820	921	251	113	772	58	1601	133	916	178	322	2453	1482	98	1255	66	399	1560	290	1157	367	53	10	203	95	684	84	85
MPO	6	12	11	10	5	9	94	3	3	14	0	6	31	69	7	6	3	31	12	2	11	14	5	5	0	22	5	35	11	4
PON1	1	4	0	115	2	0	4	0	1	1	8	0	2	1	6	3	3	6	13	1	1	0	0	1	0	0	6	0	0	0
GCFC2	765	954	550	533	480	251	957	333	721	757	881	1250	1070	1536	831	842	548	1105	711	1144	843	566	1194	471	227	686	925	633	584	279
WDR54	319	1342	635	653	458	582	658	823	2046	1075	1093	1580	924	748	880	486	1003	2005	1325	708	4754	338	1323	562	435	1747	729	413	438	551
CROT	2779	700	560	473	767	1111	1277	1263	4467	3003	2263	2745	1540	2332	4678	2226	1531	1827	1728	18925	4213	4330	16613	4352	675	1049	12080	1474	593	677
ABCB4	54	52	15	50	31	54	120	11	73	70	99	22	83	155	47	41	24	20	106	46	21	102	98	24	2	91	77	158	11	29
KMT2E	2113	2376	1263	2001	956	626	3232	952	1439	1823	2453	3070	5924	7520	4034	7087	1877	2065	2669	5400	687	4372	4214	1361	418	2104	5353	2014	2688	744
