TCGA.A7.A6VY.01A	TCGA.E2.A1IG.01A	TCGA.D8.A1XQ.01A	TCGA.A8.A082.01A	TCGA.A2.A0CU.01A	TCGA.BH.A1F2.11A	TCGA.AO.A0JL.01A	TCGA.A8.A099.01A	TCGA.E9.A3X8.01A	TCGA.E9.A1NF.11A	TCGA.D8.A27H.01A	TCGA.AR.A24Q.01A	TCGA.AC.A8OR.01A	TCGA.D8.A1Y3.01A	TCGA.A7.A0DA.01A	TCGA.E9.A1N3.01A	TCGA.E2.A1LL.01A	TCGA.AR.A24R.01A	TCGA.BH.A0BW.11A	TCGA.AC.A7VB.01A	TCGA.A8.A096.01A	TCGA.E9.A244.01A	TCGA.A2.A3XU.01A	TCGA.A2.A0CO.01A	TCGA.BH.A1FB.11A	TCGA.A2.A0EW.01A	TCGA.A7.A0DC.01A	TCGA.A8.A07L.01A	TCGA.AO.A03P.01A	TCGA.C8.A8HQ.01A
TSPAN6	2915	1731	1140	873	1439	6246	5338	3509	2092	3092	3023	3777	765	2132	2724	2297	2456	4211	2705	3969	3320	3825	2874	1807	2846	2992	4094	1962	795	1505
TNMD	3	2	1	8	73	528	5	1	36	2206	4	394	1	1	7	25	21	22	52	18	8	12	2	128	135	765	14	0	0	3
DPM1	2864	1386	4573	1837	1683	2333	1149	2718	1184	1052	2834	3877	1082	3667	1962	1905	1713	8122	1534	2119	2727	3031	1100	1287	1458	1589	3050	3719	5649	1803
SCYL3	1327	1668	1558	1438	1258	1820	921	3731	824	887	1536	1737	848	1202	1973	2440	557	3403	1508	2281	2874	1291	700	1548	1335	1918	1906	2245	2009	1763
C1orf112	1619	463	913	513	504	438	329	972	268	320	803	1298	238	1102	867	400	476	1139	471	1048	928	865	639	306	268	464	846	1952	890	952
FGR	767	294	1058	427	228	1064	177	281	250	2404	284	398	185	661	322	262	149	572	1644	170	1566	412	60	815	468	955	102	129	181	619
CFH	2954	3097	5256	1544	2983	6784	1261	2994	1782	13386	4326	3129	171	2090	2414	1269	2887	3736	9242	780	10725	1795	104	4968	3485	5023	772	1829	1269	6202
FUCA2	3329	1623	8452	3589	2326	3718	2144	5746	1972	3544	5766	4150	3384	6054	5651	5064	2370	2704	1794	7919	6849	7057	3452	2202	1960	3379	2124	7442	6106	5017
GCLC	2786	2099	6576	1668	1518	4488	764	11738	673	3622	1662	3273	2853	3695	2732	2782	1284	1501	2554	2323	4120	3193	1846	1452	1769	4301	9453	3669	3521	1851
NFYA	3079	2824	9363	2007	1835	3339	3358	4285	747	1397	3514	4415	1066	4918	4620	4257	1393	2664	2612	4747	3989	6111	2294	2044	2333	3045	3308	4009	5022	2699
STPG1	404	1281	670	758	1032	1020	332	772	339	492	972	1202	483	461	954	1267	1645	637	536	1911	1310	896	1578	787	492	630	277	364	703	414
NIPAL3	1870	2230	2254	4086	4119	4223	1285	5351	728	1205	11611	10667	2653	2443	5320	11768	3165	3070	3860	7462	9638	4854	5383	2916	3900	3208	4931	1611	2276	1358
LAS1L	3446	3556	6324	3619	5477	3149	1780	3791	4255	1920	3492	2239	2370	3873	2143	3857	2836	6433	2356	4571	4129	1516	3925	2431	2046	3047	2509	3553	4947	5475
ENPP4	1363	836	1999	898	1655	3115	627	11228	316	2664	1184	706	1768	966	2220	4965	111	1669	1568	2815	6310	1687	345	2147	1362	3205	3074	1138	1041	1370
SEMA3F	6574	5546	2794	8835	12618	3704	3503	7453	7166	2405	1843	1509	5596	6359	4454	8603	9326	12912	2199	14286	9370	2658	1870	7938	2323	6405	3401	11104	7867	5833
CFTR	24	6	2	7	11	104	0	0	9	38	5	13	71	4	476	10	8	24	358	8	8	6	9	99	20	104	17	3	7	61
ANKIB1	3560	5634	5473	5055	4861	6182	2817	4111	896	4312	5406	10559	1951	2708	6284	8850	2740	8087	4539	5559	8398	7266	1399	3182	3385	4997	9206	6914	6003	5365
CYP51A1	278	273	397	404	410	250	31	527	127	182	301	431	333	103	385	1068	362	371	140	551	800	462	101	328	220	171	882	387	307	503
KRIT1	1626	2013	2678	2594	1843	3435	1178	2121	482	1757	1792	3652	1423	1729	2527	4717	1608	3567	2385	3114	4014	2322	769	1738	2001	2355	3320	2966	2685	2524
RAD52	499	373	215	403	311	923	719	710	286	344	420	1041	421	421	380	687	407	810	655	841	729	667	248	518	628	602	742	567	610	410
BAD	2530	2126	2508	950	1710	1499	1219	2234	7797	1244	1890	963	2382	3081	2150	3309	1397	694	895	2831	2909	2049	4303	2406	738	1666	374	2168	1856	1569
LAP3	13626	5888	18858	6397	6665	8788	731	9385	4815	5496	5799	7466	3535	12383	7590	7418	3553	16395	7922	12613	16766	7004	6147	9665	4028	7800	5420	7581	8007	8294
CD99	13875	14657	11991	6499	8188	14319	8763	7193	23927	19925	22743	13271	2693	9568	22510	1884	7163	6526	6217	17807	15329	5176	15816	12041	3905	11274	1572	10434	5456	20780
HS3ST1	690	250	372	235	76	512	305	487	137	216	847	957	106	613	406	145	215	195	446	80	820	562	107	260	448	313	34	238	87	419
AOC1	72	14	177	1200	118	23	7	41	21	18	20	120	10	1656	53	6	19	78	151	30	57	35	6	118	12	36	9	43	15	1958
WNT16	2	1	1	0	1	2	18	1	5	1	11	13	0	2	15	1	1	4	35	0	2	9	5	13	3	6	3	2	0	7
HECW1	67	42	61	19	7	76	17	21	36	30	418	134	0	12	25	53	784	24	55	7	268	30	44	16	40	20	35	34	174	25
MAD1L1	3064	1867	1445	1630	1727	1500	1235	1489	3209	1245	2401	1012	1544	1343	1349	2061	482	865	1390	3107	2286	757	2104	1544	605	1277	1015	1563	1667	3324
LASP1	19625	42323	15682	16508	71745	21523	9026	40885	6451	18922	19389	17387	18049	9736	13127	52964	19545	21648	15285	60438	70899	9783	3670	23061	9756	21455	15047	10395	21171	24650
SNX11	1477	2529	2088	1199	2018	2200	517	3650	1125	1543	3208	1788	1198	2516	1503	2032	1041	1760	1392	3678	2671	1915	1558	1741	980	1414	1240	1933	1823	1841
TMEM176A	3808	4258	4066	6694	986	3259	1006	7458	6297	2083	3879	2705	4138	7109	6442	566	510	6893	1900	167	4385	1166	231	2182	1517	1796	50	1983	2967	2720
M6PR	5299	4585	4387	4841	6734	5573	388	7945	226	4062	5958	10990	2847	3448	3227	5701	3566	8435	5577	6855	9814	6444	1508	3893	3691	5026	6640	5066	6146	4291
KLHL13	163	85	31	20	101	3009	622	34	130	327	412	418	12	398	176	1532	763	276	2992	649	255	1137	705	542	3798	659	176	499	63	1257
CYP26B1	862	410	1069	240	162	1408	170	238	554	7156	779	7034	215	11	763	73	1122	108	507	1539	945	1112	714	550	513	573	60	164	170	555
ICA1	1233	2701	2777	2160	1280	1974	1040	9206	2460	843	2512	1423	2368	114	1789	7047	211	2645	1538	4766	6711	3629	1792	3584	1544	2723	1495	2380	4200	3729
DBNDD1	2803	3715	8180	5652	6349	441	11611	801	2832	168	4059	2604	4752	4956	3582	4405	1120	9309	639	3052	1617	6578	5675	513	731	566	355	1707	2729	3749
ALS2	2151	2095	2059	2113	2014	3240	1004	2555	508	1758	2301	4652	1124	940	1412	2757	1192	3010	1742	2310	3059	1914	717	1412	1703	2252	3319	2126	1828	1833
CASP10	2190	475	877	290	354	2014	292	410	451	1751	273	686	163	411	186	310	533	471	1578	267	1133	307	101	1237	661	760	260	250	398	515
CFLAR	7751	3870	8766	2923	3664	21679	3431	8501	3372	14570	8324	11909	2623	3204	5871	5495	2347	7567	12571	3152	12454	4492	1971	7097	7238	8928	1796	4658	1826	5730
TFPI	506	649	495	285	1110	8065	1338	419	832	4849	579	681	104	10312	600	451	402	906	2889	312	1012	652	117	1921	2886	2935	716	484	566	681
NDUFAF7	797	687	821	717	538	987	517	913	557	523	564	1279	726	719	976	908	377	1008	843	787	976	1140	1011	544	633	871	749	773	570	807
RBM5	4995	5789	5958	4818	4490	9303	3716	4753	5173	4989	3471	4213	4854	4304	4356	8597	1164	7120	7382	4505	8443	4181	3448	7154	6366	6520	4233	5360	5370	4582
MTMR7	49	49	58	43	91	148	46	10	45	66	43	534	407	67	117	3002	28	159	117	307	73	27	113	47	69	83	406	124	20	54
SLC7A2	57	9714	82	572	14003	6153	374	129	10575	2367	544	1225	34091	2960	89	160495	1035	78507	3283	816	26167	217	8001	4388	3091	3212	10077	168123	9562	191
ARF5	16247	6877	5058	7218	9541	5367	11247	3906	13635	3344	6022	12229	6141	15868	11160	9264	4947	7827	4376	10293	6301	14204	10265	8545	4251	6602	2375	7241	8862	8880
SARM1	159	408	136	884	256	738	77	539	136	347	420	354	492	165	199	3004	47	688	617	1322	339	134	157	406	453	325	183	269	171	943
POLDIP2	6184	10749	8524	7242	10575	7926	5188	8208	5943	4544	4029	6583	5113	13761	5818	11988	3444	8380	4457	10496	9620	14037	10178	5802	3980	6116	4089	10542	9303	8711
PLXND1	8286	9248	12632	11955	16802	19305	5524	6539	6646	18918	9857	7134	3330	12584	8180	19371	3418	14535	8667	25537	22972	4324	21465	15826	5685	17618	3737	17093	5608	10509
AK2	7129	6282	8292	7378	7792	8438	3158	5171	7136	4273	7799	8375	4233	12987	6491	8719	5752	8518	5720	9983	10393	8463	24778	5402	4522	6462	5920	4430	7979	9017
CD38	919	25	1333	6	38	308	59	83	143	205	105	1042	16	545	62	49	31	282	1685	55	623	85	60	377	257	187	27	40	120	312
FKBP4	24444	28216	9658	26843	58159	6668	8331	25746	15711	2703	10117	31779	10319	49671	11125	75009	14949	58792	4992	71277	17207	26638	39919	12631	8836	13065	29165	84610	69488	30073
KDM1A	7437	5958	6764	5519	6306	6151	3536	4582	5107	2569	6020	7537	4575	13249	7691	8263	9502	7041	4853	8124	9023	10003	17955	3856	4191	6111	7237	5284	8235	4321
RBM6	4894	3769	6292	3811	3616	7383	3842	4840	4252	3893	2355	3175	3531	3825	4123	6625	1400	5006	6779	4509	5737	3326	3204	5618	4555	5080	2985	4457	4714	5484
CAMKK1	337	315	1554	588	304	780	442	2087	1653	667	296	1110	1304	1231	2123	2047	319	1060	669	362	1234	755	2701	810	590	961	331	621	615	289
RECQL	1990	1631	2766	2053	1464	2610	248	2850	98	2669	2247	5395	755	611	1391	1982	2356	2941	2109	1194	4860	2072	275	1212	1477	2271	2835	2646	1658	1850
CCDC132	1685	1913	1748	1783	1896	2190	901	1948	610	1248	1561	2727	815	2092	1837	3879	1094	2750	1706	2057	3851	1981	583	1337	2145	2023	3105	1729	1629	1975
HSPB6	62	224	261	75	2361	31474	293	75	1468	19356	146	147	37	85	116	2114	260	293	1270	367	135	395	32	3248	2281	2630	1	135	56	320
ARHGAP33	902	1144	304	779	704	770	1217	376	1933	240	170	796	509	332	478	1431	240	838	386	3043	768	126	530	1025	892	391	160	1248	237	1281
NDUFAB1	4327	1922	5861	1524	2371	2664	2984	3558	5932	1419	2209	4884	1835	11806	2732	3572	2199	3087	1238	2516	3072	5114	9186	2205	1218	1888	2997	3733	3945	3452
PDK4	298	749	751	799	4641	33106	719	1060	497	61383	477	703	681	302	90	1839	575	2311	15107	1395	1667	876	413	6549	5367	42615	6758	357	135	784
SLC22A16	7	3	18	0	14	12	32	1	0	8	166	7	1	6	151	7	3	0	30	4	7	17	27	4	8	4	4	0	11	5
ZMYND10	56	779	110	2523	1632	96	122	1266	2279	34	47	123	1258	135	257	1656	14	2357	49	800	2137	52	108	1303	135	598	352	407	432	440
ABCB5	0	6	0	1	17	1121	2	0	31	72	7	3	0	1	7	14	0	41	60	5	5	5	12	109	311	135	6	11	4	13
ARX	22	2	397	4	1	1	1	89	1	0	30	3	0	0	7	0	8	0	14	0	0	2	2	5	69	1	0	305	0	201
SLC25A13	2016	1292	2376	1757	1409	1437	1338	889	629	882	1415	2540	1010	3356	3117	2553	2967	2297	1259	2096	1556	2575	899	825	1206	1318	1263	3035	1554	1959
ST7	1592	1302	1465	1619	1636	2170	1419	1859	1202	2126	2035	2821	1629	1796	2201	3003	1105	2724	1102	1202	3100	2162	751	1112	1143	1604	1521	1822	2353	1713
CDC27	2860	6171	4999	3762	6570	6229	2261	6611	1483	4581	3620	5034	2107	4216	4617	8033	2968	6111	4587	7509	9891	4908	3146	2838	2987	4941	7781	4718	6153	4922
SLC4A1	1	9	2	1	16	26	1	4	2	4	3	0	16	1	1	4	0	3	13	0	0	0	0	2	2	1	7	1	1	11
CALCR	11	90	21	20	550	42	1	39	5	55	8	41	13	7	10	5	4	7	11	1	37	6	0	42	56	63	6	2	25	9
HCCS	2212	939	3971	1371	2055	1194	565	1631	700	994	1694	2114	675	3238	1092	1185	1409	1828	1034	1386	1759	1128	1466	891	902	1020	923	1489	1496	1252
DVL2	2258	1656	2072	1947	1165	2768	1324	2240	1372	1326	1504	5241	1981	1728	2235	1610	1414	2510	1673	1563	3142	2656	2247	1953	1687	2191	1816	1583	1613	1593
PRSS22	1190	757	1868	667	840	267	1326	695	929	2	1200	753	372	43	1394	208	465	749	496	3082	785	266	571	1096	461	674	72	1109	314	1603
UPF1	10159	9265	9934	8309	10641	7928	4148	11735	5372	5271	7266	12319	7929	8371	7885	12576	6968	9365	6655	19443	13459	6792	7408	8889	5336	7814	6766	10495	8320	9440
SKAP2	2642	1870	2885	962	1889	6186	352	12097	590	5134	4080	3052	573	617	2130	716	2065	1645	3616	3098	3416	4335	111	1567	2778	3081	1037	1038	1447	2577
SLC25A5	26039	7823	9896	10555	8546	11848	6145	12143	9246	5601	9644	16566	8585	28558	8699	14192	16051	22199	9485	20532	20217	9935	26114	7713	7745	12194	4049	19853	15978	14051
CCDC109B	2797	679	1770	1468	1085	920	311	2199	1565	1281	1222	1326	869	1179	1081	585	1242	1061	1544	875	2829	5937	2434	1135	568	992	835	934	1474	2120
HOXA11	23	49	62	39	16	40	907	49	117	77	270	133	2	8	65	10	306	31	9	15	160	63	121	15	2	19	7	31	21	160
POLR2J	2581	1574	2375	1291	1722	1091	4292	1021	7771	762	1762	2558	1215	4411	2547	1673	1049	1855	709	3410	1395	2506	4609	1738	859	1139	384	2046	2346	1461
DHX33	1500	1223	1759	1580	1485	2198	1404	2728	752	1053	1161	4826	1144	2025	3252	3027	857	2429	1970	1621	2954	3809	2943	1185	1560	1998	2602	1538	2703	1206
MEOX1	35	5	48	60	625	2803	28	56	417	2492	819	148	11	360	136	222	86	304	834	511	123	105	32	2470	684	602	11	72	14	162
THSD7A	33	377	69	1767	359	1512	337	428	124	1572	193	224	58	80	62	244	280	248	721	64	658	121	405	1061	299	545	493	136	214	235
LIG3	1702	5144	5349	2759	5359	1877	2651	5186	940	891	1748	2541	2038	3014	3494	5432	1643	3720	2062	5626	4069	2923	2173	2638	1744	2752	7855	3259	2961	3473
RPAP3	2528	1482	1878	2025	3037	1965	646	3276	918	986	1037	2732	1014	3999	1649	3106	2929	3625	2129	3618	3757	1657	1534	1155	1590	2231	3044	3398	3622	2167
ACSM3	154	103	1536	132	49	710	104	363	148	48	47	104	42	915	278	165	105	103	700	181	379	22	368	125	553	365	130	136	87	229
AC004381.6	651	425	587	883	396	531	246	422	658	242	365	719	151	879	202	855	160	991	244	2042	638	404	453	205	231	298	663	727	543	1031
CIAPIN1	5381	1693	6585	2337	2101	2186	1258	1762	1676	1390	3059	3694	2146	4675	3370	3617	2756	3584	1788	1986	2112	3402	3555	1405	1614	1703	1616	2096	3447	1979
SPPL2B	2824	2937	2036	2579	2218	2357	4787	1461	4710	1345	2346	2365	2178	1874	2951	2762	637	1829	2383	4241	2286	1594	4200	3761	1653	2120	604	1528	3070	3960
FAM214B	2855	1199	1893	2170	2078	2126	1140	1660	1656	1750	791	955	824	875	1623	1144	3257	1693	968	1760	2446	1328	639	1297	795	1503	1093	1014	560	2560
COPZ2	974	1147	1097	419	660	2430	363	1240	4609	2485	3824	2468	437	480	1280	923	117	605	548	198	1345	702	499	741	498	1600	41	890	401	1656
PRKAR2B	751	138	1413	1808	2057	39629	2144	9969	1385	28223	6842	4943	229	4727	1188	4599	283	5235	3101	5381	4636	2577	247	3237	4800	5168	7933	3325	557	1308
MSL3	2854	1150	3729	1209	1102	1873	1218	1479	1135	1530	3376	2482	797	2287	3999	1155	1802	1675	2814	1351	2497	2059	1449	1405	1621	1780	638	1361	1620	1800
CREBBP	8200	7120	8175	6081	8556	15129	3597	10598	3101	7811	13556	18231	4514	4336	9369	8732	6364	10760	8904	10094	15694	7923	2593	11421	6874	10309	7975	11649	9330	8118
BZRAP1	178	745	3050	2923	1150	2272	1550	825	601	506	889	1449	2505	1296	3309	2782	40	502	2511	1247	1647	3055	37	1926	1994	1817	1830	271	1270	574
MPO	7	5	9	0	5	28	17	1	9	23	4	6	4	28	16	27	1	14	50	2	9	42	0	35	35	20	15	11	7	2
PON1	31	9	2	2	24	8	0	0	6	3	7	7	1	1	10	37	4	3	11	32	9	14	20	16	11	6	9	4	0	12
GCFC2	1144	1071	3391	974	1341	2366	1032	2066	775	1465	1613	2685	868	1341	1607	2021	878	1396	1443	1396	2331	2165	1035	950	1218	1505	2917	924	1684	947
WDR54	556	580	544	2227	1616	514	207	416	1141	197	521	700	1926	287	359	1239	958	1936	453	2814	1585	692	301	821	446	578	1288	1154	957	1520
CROT	171	877	366	1655	1796	1377	425	2744	1072	623	797	774	2472	624	409	921	1735	1296	1141	981	2285	631	326	1121	2244	2906	1241	1227	575	2076
ABCB4	49	150	78	133	93	173	7	90	86	83	105	126	28	52	96	697	10	83	264	132	298	60	19	128	68	200	118	106	79	206
KMT2E	3108	4727	6375	5251	5011	11712	3276	7922	1259	6538	9000	11424	3653	2686	8915	10540	2502	9361	7972	4293	10828	7001	1122	5707	5564	8139	7580	4133	7067	2950
