TCGA.A7.A6VY.01A	TCGA.E2.A1IG.01A	TCGA.D8.A1XQ.01A	TCGA.A8.A082.01A	TCGA.A2.A0CU.01A	TCGA.BH.A1F2.11A	TCGA.AO.A0JL.01A	TCGA.A8.A099.01A	TCGA.E9.A3X8.01A	TCGA.E9.A1NF.11A	TCGA.D8.A27H.01A	TCGA.AR.A24Q.01A	TCGA.AC.A8OR.01A	TCGA.D8.A1Y3.01A	TCGA.A7.A0DA.01A	TCGA.E9.A1N3.01A	TCGA.E2.A1LL.01A	TCGA.AR.A24R.01A	TCGA.BH.A0BW.11A	TCGA.AC.A7VB.01A	TCGA.A8.A096.01A	TCGA.E9.A244.01A	TCGA.A2.A3XU.01A	TCGA.A2.A0CO.01A	TCGA.BH.A1FB.11A	TCGA.A2.A0EW.01A	TCGA.A7.A0DC.01A	TCGA.A8.A07L.01A	TCGA.AO.A03P.01A	TCGA.C8.A8HQ.01A
ENSG00000082929.7	16	0	0	0	0	10	39	1	3	3	15	0	0	9	7	1	3	14	6	0	3	0	5	4	5	4	4	0	4	22
ENSG00000083622.8	0	0	0	0	0	0	0	0	0	0	0	0	0	0	1	0	0	0	0	0	0	0	0	0	0	0	2	0	0	0
ENSG00000093100.13	5	4	5	4	1	55	40	2	0	21	16	13	1	1	23	5	1	0	34	2	10	31	0	12	10	8	3	1	1	8
ENSG00000099869.7	5	9	1	0	10	27	1	1	74	7	25	1	1	4	10	0	4	1	15	2	22	2	0	24	16	36	6	4	0	4
ENSG00000100181.20	66	211	126	5647	2252	1996	3363	91	815	1625	2512	3048	22	49	1341	267	158	132	1689	80	334	1497	1595	562	2669	731	2911	2280	78	147
ENSG00000115934.11	0	0	0	0	0	0	0	0	0	0	0	0	0	0	0	0	0	0	0	1	0	0	0	0	0	0	1	0	0	0
ENSG00000116652.6	19	9	8	33	22	90	3	6	2	36	32	21	33	14	30	110	1	45	77	141	42	11	6	49	50	56	174	22	25	16
ENSG00000116883.8	242	1113	218	366	818	196	52	84	330	83	98	111	198	104	159	358	82	181	110	619	91	99	213	909	158	311	79	69	33	231
ENSG00000117242.7	372	316	197	346	469	677	149	266	255	353	536	270	452	258	504	795	268	549	553	323	698	377	131	331	360	583	264	300	570	245
ENSG00000120055.7	40	30	29	101	21	26	23	73	23	3	35	17	70	97	18	110	23	53	25	92	64	16	80	38	19	26	39	46	24	42
ENSG00000120664.9	6	5	12	4	8	18	23	7	2	4	17	1	11	3	24	8	1	5	14	2	18	16	58	9	20	7	4	1	9	9
ENSG00000122043.9	4	0	2	0	0	2	0	0	9	0	0	1	0	0	0	0	2	3	6	0	3	0	0	2	0	1	2	0	3	4
ENSG00000122548.5	2	4	0	0	10	34	2	13	0	23	7	0	0	2	5	28	0	4	14	6	1	0	0	4	10	23	35	4	0	8
ENSG00000124835.2	0	2	0	0	0	2	0	3	0	1	3	1	0	0	0	1	0	0	1	2	2	2	0	0	2	0	27	0	0	2
ENSG00000124915.9	0	0	1	0	2	0	0	0	2	0	0	0	0	6	0	0	0	0	2	0	0	1	3	2	1	0	4	0	1	1
ENSG00000125514.8	0	0	1	0	0	0	0	0	0	0	0	1	0	0	0	0	0	0	0	0	0	1	0	0	1	0	0	0	0	0
ENSG00000125804.12	41	0	1	1	5	8	11	1	5	3	3	1	14	0	0	8	2	6	11	2	25	10	2	7	14	13	8	5	4	0
ENSG00000125899.7	0	0	0	0	0	0	0	0	0	1	0	1	0	0	0	0	0	0	0	0	0	0	0	0	0	0	0	0	0	0
ENSG00000126005.14	2070	1366	2492	1575	3133	4692	568	6033	4345	2469	3178	2993	2086	2371	1636	2787	2307	4151	1286	1607	4181	1419	221	3172	1538	2501	703	4604	581	2201
ENSG00000128254.12	2	7	10	5	2	5	7	4	5	7	10	15	10	4	4	10	6	10	9	6	14	5	4	12	5	5	8	2	3	4
ENSG00000129816.5	0	0	0	0	0	0	0	0	0	0	0	0	0	0	0	0	0	0	0	0	0	0	0	0	0	0	0	0	0	0
ENSG00000129845.5	0	0	0	0	0	0	0	0	0	0	0	0	0	0	0	0	0	0	0	0	0	0	0	0	0	0	0	0	0	0
ENSG00000130600.14	809	2608	273	1349	1225	2221	830	932	2676	2709	2837	2739	511	364	2050	339	2755	694	776	885	3112	664	479	3914	191	2093	285	1636	1043	2171
ENSG00000131007.8	0	0	0	0	0	0	0	0	0	0	0	0	0	0	0	0	0	0	0	0	0	0	0	0	0	0	0	0	0	0
ENSG00000131484.4	0	1	1	0	3	2	3	1	0	0	0	0	1	0	3	2	1	2	1	2	3	2	0	8	0	3	2	0	1	2
ENSG00000131538.7	0	0	0	0	0	0	0	0	0	0	0	0	0	0	0	0	0	0	0	0	0	0	0	0	0	0	0	0	0	0
ENSG00000131548.7	0	0	0	0	0	0	0	0	0	0	0	0	0	0	0	0	0	0	0	0	0	0	0	0	0	0	0	0	0	0
ENSG00000132204.12	2	0	14	1	2	0	0	0	7	1	0	1	1	1	0	14	137	0	13	1	16	1	5	2	7	0	2	0	0	4
ENSG00000132832.8	19	22	17	21	10	26	6	5	48	83	31	16	7	26	11	13	3	53	31	60	26	3	2	28	19	22	8	10	13	28
ENSG00000136275.9	0	0	1	0	0	9	0	1	0	2	1	0	0	1	2	0	0	0	0	0	3	0	1	0	0	2	1	0	1	1
ENSG00000136315.4	0	1	0	2	3	0	2	0	2	1	3	0	0	2	1	1	0	0	0	0	4	3	0	0	1	0	1	0	0	0
ENSG00000137808.12	0	0	0	0	0	0	0	0	0	0	0	0	0	0	0	0	0	0	0	0	0	0	0	0	0	0	0	0	0	0
ENSG00000142396.9	1055	692	310	1060	897	1366	442	885	970	637	603	461	673	837	724	1430	254	953	1067	2001	1327	296	771	1192	1007	1360	1115	809	1443	1079
ENSG00000145063.13	4	24	8	617	98	8	0	0	64	0	8	23	11	48	17	0	1	170	14	7	5	7	8	6	4	4	201	180	10	260
ENSG00000146521.8	2	17	121	6	32	86	52	15	24	34	429	171	8	5	215	14	2	7	62	6	20	75	0	42	90	16	142	15	8	25
ENSG00000146666.5	15	1	62	3	15	21	1	0	7	4	8	6	2	0	1	7	5	3	18	4	38	0	0	4	9	7	13	0	4	13
ENSG00000147753.8	0	0	0	0	0	0	0	0	0	0	0	0	0	0	0	0	0	0	0	0	0	0	0	0	0	0	0	0	0	0
ENSG00000147761.7	0	0	0	0	0	0	0	0	0	0	0	0	0	0	0	0	0	0	0	0	0	0	0	0	0	0	0	0	0	0
ENSG00000149443.6	0	0	0	0	0	0	0	0	1	0	0	0	0	0	2	0	0	0	0	0	0	0	0	0	1	0	3	0	0	1
ENSG00000149656.7	0	4	4	0	0	1	0	1	0	1	2	3	0	0	0	4	0	2	9	2	1	0	0	0	5	8	34	5	1	5
ENSG00000151303.11	0	7	2	10	11	100	5	3	21	68	1	5	46	12	1	5	4	9	19	9	1	3	0	8	42	24	42	7	3	28
ENSG00000152931.7	263	5	251	16	10	170	1472	161	45	14	466	1812	70	113	288	2231	153	4	432	462	1	339	1294	225	391	228	12	98	4	15
ENSG00000153363.11	375	1043	651	757	782	731	373	1179	860	271	984	791	504	635	340	1221	1155	1591	411	2060	1739	527	1263	499	391	538	699	138	1569	782
ENSG00000157306.13	19	84	34	51	31	103	54	46	131	41	29	19	45	78	70	220	6	37	100	119	59	43	32	105	56	49	84	23	66	181
ENSG00000162888.4	22	8	23	6	11	8	9	15	1	3	16	6	1	8	15	10	2	9	46	13	35	13	5	13	12	19	3	11	5	17
ENSG00000162947.4	0	0	0	1	2	3	1	0	0	0	2	0	0	0	3	0	0	0	0	0	0	0	0	0	0	0	10	0	1	1
ENSG00000163009.7	16	17	38	43	31	2	37	3	10	5	45	20	7	32	28	2	11	33	17	159	23	24	48	12	1	10	21	14	42	67
ENSG00000163364.8	155	511	162	205	305	380	106	147	898	244	585	215	170	4209	263	1327	1798	596	178	524	3809	152	26	1090	121	1306	128	826	2671	846
ENSG00000163597.13	2492	2085	2320	1626	1470	1822	468	1760	754	722	3281	3523	1132	3549	1677	2138	926	2169	1387	3264	2524	5902	2229	1042	895	1263	1857	2586	4060	1471
ENSG00000163915.6	0	0	5	0	0	5	1	0	0	0	3	4	0	0	1	0	27	0	0	0	0	0	2	2	1	0	7	0	0	1
ENSG00000164621.5	3	0	5	0	1	12	2	0	9	6	2	4	3	8	4	3	1	0	1	5	1	1	10	1	0	4	23	3	3	1
ENSG00000165511.6	164	42	70	19	64	227	28	62	92	145	272	153	43	230	72	59	72	110	146	17	148	152	30	69	104	157	146	140	94	42
ENSG00000166770.9	963	207	477	78	815	1252	992	96	433	546	784	1987	918	79	2027	985	543	128	756	718	1124	503	1160	517	1070	1107	1021	140	129	192
ENSG00000166917.8	0	1	0	0	2	10	0	0	17	1	0	2	0	0	0	0	0	0	5	1	0	1	0	7	2	1	3	0	2	1
ENSG00000167046.4	1	0	3	0	2	10	3	4	9	7	2	2	3	0	6	3	0	6	3	7	1	0	0	5	7	4	2	10	0	4
ENSG00000167117.7	1	2	1	4	2	3	0	3	0	0	0	2	0	4	0	2	0	0	2	24	4	0	3	0	0	0	5	7	2	8
ENSG00000167355.6	1	1	0	0	5	4	18	0	2	4	0	1	0	0	0	4	96	2	6	6	0	0	0	7	1	2	51	0	0	1
ENSG00000167459.15	0	0	0	0	0	0	1	0	0	0	0	0	0	0	0	1	0	0	0	1	0	0	0	0	0	0	2	0	0	0
ENSG00000167912.5	30	15	30	6	9	38	152	10	18	15	146	681	3	11	11	2	9	22	122	0	18	330	116	41	31	26	2	2	5	32
ENSG00000168367.8	0	0	0	0	0	0	0	0	3	0	0	0	2	0	0	0	0	0	0	0	0	0	1	1	0	0	0	0	0	0
ENSG00000170161.6	27	61	54	34	17	52	26	17	56	39	64	76	89	26	18	87	23	40	42	74	40	32	7	22	77	47	68	81	61	88
ENSG00000170590.7	0	0	0	0	1	4	0	4	0	1	0	2	1	0	0	0	0	1	0	0	0	0	0	0	0	0	5	0	0	1
ENSG00000170846.14	1517	1713	1209	994	3375	1008	449	1573	1823	517	1490	1154	919	3494	2167	2439	820	2082	762	2792	1919	2399	2174	971	907	1199	2983	3764	1937	2355
ENSG00000170919.14	647	351	1113	451	365	2171	1582	151	654	519	829	410	492	141	1573	470	186	294	2193	243	602	2832	235	581	2146	775	693	157	437	605
ENSG00000170983.3	0	0	0	0	0	0	0	0	0	0	0	0	0	0	0	2	0	0	0	0	0	0	0	0	0	0	1	0	0	0
ENSG00000171671.6	0	0	1	12	0	0	4	0	0	0	2	3	0	0	2	1	0	6	0	2	1	8	1	1	3	1	62	2	1	0
ENSG00000171889.3	9	8	0	0	0	33	0	0	13	0	12	5	2	0	0	1	210	1	38	1	2	3	0	12	21	4	1	3	3	3
ENSG00000172250.13	50	72	47	61	76	119	9	61	27	34	37	50	87	59	118	67	6	73	50	15	78	67	77	78	95	73	41	3	21	64
ENSG00000172965.13	2238	1276	1709	1119	520	502	2208	1084	2619	834	2747	1461	638	2141	3162	931	1177	703	801	1426	2689	1513	2988	856	305	637	618	747	1507	2599
ENSG00000173727.10	216	44	1915	18	203	285	125	87	149	58	342	431	126	160	391	200	967	90	77	133	293	219	51	65	166	111	656	91	256	87
ENSG00000173811.9	16	17	9	23	10	24	14	6	11	22	4	9	63	5	6	84	1	10	8	22	10	13	16	15	13	17	20	3	20	14
ENSG00000173862.3	0	1	0	1	3	8	0	3	0	1	8	4	2	0	4	2	0	2	5	1	8	1	0	3	3	3	27	3	1	2
ENSG00000173867.8	4	23	28	23	19	46	11	11	7	22	38	25	9	9	23	11	4	14	12	23	13	14	5	16	18	8	19	4	49	34
ENSG00000174171.5	81	11	14	1	5	174	57	286	346	5	25	62	4	22	21	97	5	66	356	10	41	43	151	133	264	71	11	16	1	41
ENSG00000174365.18	679	437	636	365	492	532	470	964	1813	266	540	511	696	931	351	618	169	4642	335	1246	546	554	312	580	510	468	1780	744	415	469
ENSG00000174403.14	0	1	2	0	9	4	2	3	0	12	1	9	1	0	4	1	0	1	11	0	1	3	0	1	1	5	6	1	0	0
ENSG00000174407.10	0	0	0	0	0	1	0	0	0	1	0	0	0	0	0	0	0	0	0	0	0	0	0	0	0	0	2	0	0	0
ENSG00000174680.8	26	1	0	5	2	101	1	30	224	3	3	0	31	1	5	185	0	11	41	6	72	5	0	30	175	38	61	1	18	18
ENSG00000175061.16	5298	11381	13590	17096	5942	22738	9233	12843	14759	8821	5615	9198	24671	24343	11773	33535	9085	15656	12486	8575	35928	38548	81607	9260	11257	16201	31913	22034	34604	6435
ENSG00000175147.10	234	63	71	109	120	192	28	20	84	14	104	36	45	29	91	130	32	37	170	125	101	19	32	113	178	90	23	28	84	70
ENSG00000175604.2	0	0	4	0	0	3	10	0	0	1	5	1	0	1	0	2	1	0	5	0	2	2	0	5	1	8	18	4	1	2
ENSG00000175611.10	293	64	249	165	68	304	120	122	217	89	134	244	152	99	190	350	188	291	260	276	371	68	257	157	202	85	175	97	326	219
ENSG00000175699.11	0	0	0	0	1	0	0	0	1	0	0	0	0	0	2	1	0	0	2	5	0	0	0	0	0	0	2	1	0	1
ENSG00000175746.6	7	2	3	2	10	0	93	3	1	1	138	13	0	2	5	2	5	2	5	49	24	6	9	4	1	3	1137	7	7	10
ENSG00000175772.10	69	5	287	28	19	47	35	26	34	37	26	75	22	101	153	97	51	71	53	35	86	109	77	27	74	53	29	29	70	56
ENSG00000175773.11	5	7	18	5	14	43	11	19	29	14	19	40	26	33	15	63	11	17	27	17	35	36	53	16	54	16	8	7	21	12
ENSG00000175967.3	1	7	0	0	1	84	0	5	2	8	2	0	0	0	2	140	0	2	9	1	55	0	0	17	9	19	3	4	0	2
ENSG00000176075.7	0	0	0	0	0	0	0	0	1	0	0	0	0	0	0	0	0	0	0	0	0	0	0	0	0	0	1	0	0	0
ENSG00000176236.6	21	5	30	7	7	15	20	11	23	3	4	9	10	10	47	17	6	11	39	31	16	23	13	14	38	18	24	16	20	17
ENSG00000176320.2	0	1	2	1	4	16	1	3	2	2	5	2	0	0	0	2	0	10	22	0	3	5	0	2	2	7	6	1	0	0
ENSG00000176349.10	1	1	0	1	1	6	2	0	0	1	4	3	0	0	0	4	0	2	3	1	0	1	0	2	0	0	18	0	0	4
ENSG00000176515.1	3	0	0	0	0	0	0	0	0	0	0	2	0	0	1	0	0	0	2	0	2	0	0	0	0	0	5	0	0	0
ENSG00000176593.6	255	256	168	370	216	387	278	163	94	186	265	435	252	187	664	277	28	268	473	620	416	144	197	422	397	505	452	470	767	697
ENSG00000176659.7	5	11	28	19	3	18	1	3	5	34	28	12	15	6	38	15	53	18	48	2	39	11	31	13	15	41	3	6	2	20
ENSG00000176728.6	0	0	0	0	0	0	0	0	0	0	1	0	0	0	0	1	0	0	0	4	0	0	0	0	0	0	0	0	0	0
ENSG00000176753.5	27	5	61	72	68	36	22	36	9	8	54	120	60	71	46	17	1	82	13	1	25	9	1	19	16	23	27	40	24	34
ENSG00000176754.11	25	10	1	1	8	4	20	3	4	5	0	0	0	4	28	0	0	0	10	34	2	3	0	2	7	10	1	0	0	19
ENSG00000176840.10	2	0	0	3	1	0	1	1	7	1	0	0	0	2	0	230	0	0	1	1	0	0	1	0	1	0	3	0	1	3
ENSG00000176868.2	0	0	0	0	0	0	0	0	0	0	0	0	0	0	0	0	0	0	0	0	0	0	0	0	0	0	0	0	0	0
ENSG00000176912.3	207	35	210	65	20	17	115	62	95	4	24	144	59	163	42	70	13	34	9	79	48	86	149	35	12	22	30	72	134	243
