TCGA.EK.A2RC.01A	TCGA.Q1.A6DV.01A	TCGA.C5.A7CK.01A	TCGA.EK.A2R8.01A	TCGA.EX.A8YF.01A	TCGA.EA.A3QE.01A	TCGA.EX.A449.01A	TCGA.FU.A23L.01A	TCGA.EA.A5O9.01A	TCGA.MA.AA3Z.01A	TCGA.EX.A69M.01A	TCGA.MA.AA3X.01A	TCGA.ZJ.AAXF.01A	TCGA.VS.A9UR.01A	TCGA.EK.A2RA.01A	TCGA.EA.A3HQ.01A	TCGA.HG.A2PA.01A	TCGA.IR.A3LH.01A	TCGA.VS.A8EG.01A	TCGA.FU.A770.01A	TCGA.VS.A953.01A	TCGA.EA.A3HR.01A	TCGA.EA.A5ZF.01A	TCGA.C5.A1MP.01A	TCGA.VS.A9UM.01A	TCGA.DS.A7WF.01A	TCGA.Q1.A5R3.01A	TCGA.C5.A1MN.01A	TCGA.EA.A44S.01A	TCGA.JW.A5VH.01A
ENSG00000000003.13	2430	5167	2279	4919	921	4147	4879	7828	10218	3150	4222	3504	1893	1869	5547	5338	3825	1796	4136	1969	2068	5298	11112	639	2455	3727	1503	3904	1692	3950
ENSG00000000005.5	0	2	2	2	0	0	1	3	0	0	5	0	21	2	0	2	1	0	0	1	0	8	0	2	1	6	3	0	0	0
ENSG00000000419.11	2347	2545	3239	2716	1999	1744	2452	4218	1847	2185	2558	2213	1506	1269	4204	4516	1854	6825	2530	1764	3191	4369	4557	3086	1667	2325	963	5562	3078	2794
ENSG00000000457.12	849	1028	1042	579	846	1803	1032	2484	583	706	2122	781	650	625	1598	1989	1658	993	1706	551	419	1522	1220	1213	945	1161	355	505	841	1258
ENSG00000000460.15	908	764	1423	1276	852	723	1176	2092	1274	879	1615	714	537	535	1551	2493	1559	1317	1568	622	1286	1344	1249	819	565	937	356	739	731	964
ENSG00000000938.11	308	1493	199	297	405	1096	210	647	163	574	461	830	675	218	1587	1564	380	3317	308	661	285	523	978	815	259	131	282	189	487	139
ENSG00000000971.14	5486	5420	2121	6290	13069	14651	445	15463	181	2526	711	451	1780	295	6733	1192	19045	9813	5720	649	1246	865	870	1096	3778	12430	2328	6777	442	846
ENSG00000001036.12	1992	3954	3399	5575	4867	3091	8027	3972	4979	3074	3426	3028	844	2900	5076	4808	8139	8568	3240	5072	4528	5454	4673	1608	1621	4275	7051	7500	1916	1280
ENSG00000001084.9	828	1181	6204	463	1089	4435	424	9426	2512	2231	1876	1380	1810	737	2947	7184	59070	3176	4055	962	3046	4296	9447	639	845	2308	961	8353	1393	4444
ENSG00000001167.13	1013	1801	1983	1893	1255	1883	1505	6101	2029	1573	2402	1154	773	2030	3461	3979	4316	3624	2839	2416	2308	2998	1754	1498	1929	2257	1053	2989	835	2022
ENSG00000001460.16	481	2859	804	385	750	817	866	1213	478	601	335	1260	287	308	1627	1774	1457	672	1336	1006	670	685	999	387	229	844	373	1659	508	673
ENSG00000001461.15	3475	2147	3550	1166	2752	8197	1104	3510	1915	2072	1539	3832	1762	1224	2893	7602	5712	1748	6618	1659	2877	1815	1500	1684	2218	2216	1841	5406	1836	1843
ENSG00000001497.15	3002	3546	3184	4016	2077	3456	7456	6067	8115	2059	2691	2253	2221	3017	3105	5764	2993	3868	3191	2731	4485	4590	7562	2413	1574	3453	4514	2767	3684	2820
ENSG00000001561.6	257	1855	407	56	1495	310	2227	1235	618	37	197	95	119	1147	80	363	910	379	1495	2197	92	873	2095	315	134	1375	259	33	165	1820
ENSG00000001617.10	7247	5360	5705	8352	4241	17187	2631	9984	5943	15351	8392	7374	8555	8977	19650	31266	7685	9232	28432	6690	8882	15835	5340	8696	5894	2266	12668	8492	7937	8501
ENSG00000001626.13	1294	36	14	29	107	101	38	71	1	158	21	2	11	13	20	11	5330	1	175	5759	2	545	102	254	7	301	1667	0	5	239
ENSG00000001629.8	2610	3458	4012	3414	3969	5066	2516	4082	1937	2753	2757	3081	1370	3193	2974	6648	4553	3230	4041	2760	3172	5205	3065	1934	2600	4409	446	3534	2375	3418
ENSG00000001630.14	129	156	648	262	311	236	387	318	44	164	165	245	102	520	95	809	333	138	983	295	525	666	301	126	213	559	101	420	138	441
ENSG00000001631.13	1776	2002	2778	1659	2249	3593	1519	3257	764	1439	1587	1273	982	1612	1792	3540	2771	1831	2785	1113	1504	3528	1454	1660	1745	1643	168	1298	1854	1857
ENSG00000002016.15	338	539	939	513	314	891	347	832	371	320	500	127	507	234	621	652	492	212	557	387	418	530	791	316	287	583	257	167	628	611
ENSG00000002079.11	23	24	25	19	7	24	17	42	7	9	3	20	9	18	16	146	46	21	11	43	15	57	10	17	51	22	2	277	11	6
ENSG00000002330.12	2382	2509	1423	1597	2590	2000	4261	2087	2066	1919	1216	1392	1224	1360	1504	2506	2817	3591	2156	2452	2412	2245	2186	1924	1139	1752	7429	3134	3357	1995
ENSG00000002549.11	5164	4665	2991	5256	15295	23010	6604	8141	7509	5534	10003	4493	4148	6239	8609	15706	11854	23059	2717	3984	10012	3160	3013	6036	2848	7841	1652	11608	3035	23095
ENSG00000002586.16	8724	14013	7323	16786	6456	6610	16181	8928	12734	8543	8167	9588	4622	6973	16312	8818	15624	18946	18132	3185	5046	12182	4702	12783	6912	12803	23125	42627	13564	4509
ENSG00000002587.8	2722	2436	201	405	399	3395	483	378	831	74	517	796	397	959	1487	1236	3736	488	2042	2686	268	1181	1034	164	471	673	578	3228	666	173
ENSG00000002726.18	734	203	46	252	12820	168	496	6375	16	26	56	13	178	45	72	67	2037	48	61	12	6	295	329	312	51	4295	1674	157	11	2622
ENSG00000002745.11	6	80	23	2	7	19	16	83	6	9	0	5	28	1	39	113	36	11	4	43	6	23	28	4	14	47	0	44	6	694
ENSG00000002746.13	44	161	140	9	24	30	6	26	11	0	4	8	27	56	0	57	62	69	8	19	110	8	42	123	83	21	18	153	33	17
ENSG00000002822.14	4740	2016	869	1394	2497	1854	1721	3605	2558	2061	1535	2528	1245	1797	2110	4344	1518	2074	2213	2127	4184	2484	1556	3315	1717	2425	7566	3008	4127	2433
ENSG00000002834.16	10523	10051	13675	14145	12438	20650	8163	16723	7920	11189	17631	6444	5898	14349	16359	20781	13753	16939	18688	13355	13761	23514	25052	7995	9359	16570	9414	13687	8401	16319
ENSG00000002919.13	1583	1366	1622	1271	1200	2557	1335	1725	1487	1199	1850	900	945	941	1403	2323	2417	1733	1812	1293	1590	2479	1935	1178	1380	1683	3919	1416	1847	1414
ENSG00000002933.6	1366	1747	164	243	2152	1243	601	1552	392	350	953	693	904	177	875	2111	2602	1995	429	189	382	498	910	1828	887	2197	797	193	766	165
ENSG00000003056.6	3031	3350	7980	6350	3053	6663	3098	8989	2631	2867	4743	3289	2516	1667	2665	9193	6786	4386	5902	3611	4816	7541	4523	2701	2611	3799	235	2760	1610	2647
ENSG00000003096.12	116	333	1755	8	44	900	1047	1059	432	731	160	14	210	565	923	229	1826	345	250	644	840	2062	762	44	16	11	145	559	218	512
ENSG00000003137.7	1103	170	741	476	122	718	219	122	51	269	39	393	996	276	644	290	279	707	62	424	267	388	425	453	330	265	14	1558	183	794
ENSG00000003147.16	471	2186	61	1778	2910	130	10297	1769	1437	1562	1725	93	826	1547	230	881	1398	1259	1286	3170	34	1175	1301	258	365	3140	1940	18	220	1924
ENSG00000003249.12	704	1107	440	324	148	713	1156	535	2939	2007	145	2956	369	1319	2039	4455	1162	872	2449	789	1347	3366	2449	1941	1652	6231	1416	764	2334	3481
ENSG00000003393.13	501	2193	2798	754	1181	2114	1298	1730	826	995	1501	829	617	1268	1440	1083	2392	1885	1779	500	1201	1080	1648	602	701	2340	719	2792	490	1759
ENSG00000003400.13	1079	1250	760	559	1677	7198	1294	4063	2030	2464	3126	682	454	1259	2066	1764	2006	2388	3407	998	307	1412	1822	973	1019	913	1910	1195	650	125
ENSG00000003402.18	9322	7489	4603	2907	8465	20987	4806	10275	3684	4020	7895	8735	4625	7012	6416	14630	10479	9664	8010	2586	2157	3860	5982	6920	5124	6897	7469	4440	4166	2606
ENSG00000003436.13	1140	191	220	17672	907	5979	88	225	42	41	193	298	646	32	104	603	967	3288	1119	145	208	2181	386	563	674	652	144	252	200	1027
ENSG00000003509.14	676	658	817	390	893	775	667	1254	561	349	684	318	311	529	893	794	839	921	616	460	561	796	764	386	368	597	982	526	610	885
ENSG00000003756.15	2932	8194	4291	3513	4421	5867	5210	6281	2673	4129	6299	2712	3969	5051	10460	6722	3916	5210	6131	3737	5377	5967	4181	4345	2791	6843	3227	2075	4108	7578
ENSG00000003987.12	58	350	80	65	120	79	70	102	56	53	50	69	58	177	92	147	112	58	70	20	64	41	254	65	56	72	70	30	114	74
ENSG00000003989.15	1077	5661	111	6557	31395	227	180	1001	3	5	15105	195	786	908	49	238	9866	161	137	1195	44	3823	888	682	50	680	71	35	61	62
ENSG00000004059.9	10144	8501	5083	9006	9958	10022	7344	12328	9686	8637	6131	9005	4653	3292	12691	9630	11410	11584	10298	4643	9409	13471	7110	7744	4935	8404	17201	8908	15667	8613
ENSG00000004139.12	139	469	163	88	414	356	1348	348	113	118	190	137	142	771	123	501	241	253	566	246	46	360	538	161	150	637	113	53	91	60
ENSG00000004142.10	7511	5571	5804	5773	6859	10269	7691	9224	6221	3087	7607	3237	3210	4221	7193	9132	8120	8062	8022	4156	5171	13339	10828	7392	4868	5863	13015	5543	8352	5388
ENSG00000004399.11	2581	3805	3811	10205	2336	3592	4796	3727	1619	2151	1863	4368	1986	2480	5592	7876	3319	12637	4412	2197	5136	2453	5699	5664	6535	3608	4027	1739	2839	5001
ENSG00000004455.15	9675	8606	9201	9598	7093	11280	7448	12732	11588	5236	9673	9114	6279	5228	24556	23727	11593	12956	16031	5879	12506	12748	8694	6507	6245	8254	11932	7099	10547	5791
ENSG00000004468.11	571	65	169	434	1157	1163	58	1302	91	158	717	492	150	138	4775	443	464	3315	118	23	103	256	495	516	485	203	352	34	97	40
ENSG00000004478.7	12988	7337	25892	13009	9242	14320	11618	20548	30471	8687	12480	6929	8415	3410	10925	28849	9824	4500	20644	6450	17771	12455	9732	7905	6670	6799	22871	6902	14260	15243
ENSG00000004487.14	7393	5733	8072	7455	3817	11016	5080	8759	8787	5293	4403	7596	4535	2646	13844	16462	6142	7383	10920	3675	10418	4900	8336	5101	6988	7378	10438	10132	7942	11834
ENSG00000004534.13	2899	8861	4497	4286	3906	5254	4593	8473	1772	3895	4133	2112	3456	3673	9992	4173	3858	4902	4985	5437	4231	4585	3810	3181	2699	4988	8989	1250	2994	8798
ENSG00000004660.13	2526	1121	1614	284	761	3085	1183	2406	1124	822	732	581	777	632	738	1396	1447	641	2482	1534	1560	1511	425	5039	2449	1867	2006	285	2001	452
ENSG00000004700.14	1187	1435	3532	2128	1191	2903	1141	1821	667	1335	1212	980	806	814	946	3790	2270	1211	2274	1371	1510	2236	1466	1007	1350	2698	134	2026	498	1141
ENSG00000004766.14	1608	1129	1459	948	1563	2156	1167	2247	954	1075	1695	1266	737	825	1519	2981	1991	1345	2256	1016	1536	2791	1094	1085	1191	1216	394	960	1348	1147
ENSG00000004776.10	445	360	452	260	55	89	34	606	16	245	12	276	1099	23	147	399	1010	311	852	238	27	866	301	609	149	74	211	13	266	94
ENSG00000004777.17	1087	1930	1298	281	500	906	3536	1878	676	313	541	511	383	1661	2638	1360	895	2100	2074	857	2893	1744	2950	1272	1433	1115	549	221	2379	1047
ENSG00000004779.8	3587	3144	3978	4311	3069	3591	3481	3938	4825	2025	2561	2797	2127	1892	4018	6042	4217	3296	3029	1421	2667	2996	3901	2632	1713	2500	6243	3598	4407	3255
ENSG00000004799.7	217	1678	69	49	4216	122	109	999	21	11	102	449	825	59	57	1571	967	94	221	443	17	400	411	132	91	1627	103	18	44	163
ENSG00000004809.12	0	27	6	3	2	3	8	8	4	67	0	19	0	8	161	6	19	19	2	1	14	6	101	11	0	6	0	0	1	9
ENSG00000004838.12	36	7143	34	24	1298	24	1645	23	59	43	53	87	41	643	480	1709	303	136	122	1233	144	174	1568	97	35	197	325	50	38	75
ENSG00000004846.15	1	1	16	0	0	5	3	0	8	0	2	4	28	12	0	3	5	1	0	4	0	0	7	0	0	0	7	0	2	1
ENSG00000004848.6	1	1	36	1	3	3	2	9	0	1	1	0	1	2	1	0	3	3	2	5	1	1	42	2	0	25	0	0	8	5
ENSG00000004864.12	1010	1868	1930	2317	1870	1848	1738	4022	707	1256	1428	2674	974	1266	1632	3015	2274	1369	2199	2544	1732	2319	1955	705	633	3151	856	1217	1038	5500
ENSG00000004866.17	1962	2284	1574	1277	1413	2043	2938	2159	1477	1133	853	890	583	574	1434	2232	2359	1951	1704	1353	2073	1956	1361	1062	1106	3878	1531	1000	1905	1677
ENSG00000004897.10	2080	2887	3920	5010	2849	4258	1973	4169	1650	2419	4192	2110	1383	2262	3614	5770	3944	5519	4363	3031	3283	6022	4291	3287	2726	3437	2727	4099	3434	4514
ENSG00000004939.12	1	0	1	2	1	1	2	0	1	1	2	206	1	1	0	5	0	4	12	1	1	0	3	1	3	1	1	0	2	1
ENSG00000004948.12	6	3	2	1	5	26	1	8	0	3	3	0	2	0	3	9	1	9	1	1	1	12	4	9	3	0	0	1	2	14
ENSG00000004961.13	1204	1288	2584	2120	1549	3119	2308	3233	3081	1397	1890	1591	879	1179	1555	2416	2554	2292	1821	1590	869	2646	1158	855	1085	1188	1170	2530	2056	1222
ENSG00000004975.10	2249	1922	3623	934	1950	2889	2221	3810	1858	2383	1145	1657	1349	953	2246	4569	3178	2041	4294	1837	4874	4495	1427	2729	1922	3747	2435	1627	1232	2953
ENSG00000005001.8	4172	4046	1156	1339	2485	9162	2317	12650	5949	2309	4820	7135	1641	1723	4549	5306	14194	1689	12073	6956	1418	2909	6579	851	2548	2475	3536	12331	1051	632
ENSG00000005007.11	7347	6857	9221	6116	16215	10662	7029	9495	9395	7135	8704	6560	5601	7245	6082	15889	9913	9481	11944	5846	10955	12235	8120	6016	6515	10906	5698	8477	4192	10734
ENSG00000005020.11	2233	2835	1579	3953	3506	3350	1916	3325	1166	1683	1341	2131	1239	1878	2275	4498	3113	3588	3246	1626	2318	3506	2454	1485	1437	2273	175	2431	1690	1704
ENSG00000005022.5	24685	18595	30070	22349	22882	49041	35236	35212	32954	18723	16888	31082	13661	12387	30684	44479	26654	18434	28379	23357	47454	23702	32978	12171	24627	17001	15132	15388	22467	18232
ENSG00000005059.14	3697	2345	956	1354	1020	4282	1516	2029	2096	3905	1514	664	777	1015	4306	5006	3501	3407	2873	1913	3416	3119	1124	3578	2407	2999	2128	1382	4860	1017
ENSG00000005073.5	357	82	286	696	367	589	77	424	12	234	86	29	274	8	450	97	410	442	87	48	198	271	564	327	145	1658	139	208	68	225
ENSG00000005075.14	2600	2044	1551	1962	2931	2724	2701	3960	2840	1180	1464	1756	900	1258	4038	2508	2664	2327	2190	1471	2563	2963	2076	1471	948	1663	6614	1938	3620	1974
ENSG00000005100.11	1388	1554	2266	932	1494	2144	1337	2808	1429	963	672	856	780	730	1378	2483	2237	1138	2185	1247	2322	3180	708	1077	1195	1645	3385	1479	787	2218
ENSG00000005102.11	55	287	132	12	24	169	17	68	5	10	28	46	245	26	55	185	110	124	94	584	13	170	64	253	86	41	81	562	60	37
ENSG00000005108.14	122	118	46	5	95	59	469	59	6	12	154	58	51	59	32	124	186	110	62	823	2	298	132	141	52	39	17	4	6	71
ENSG00000005156.10	920	1027	1397	1135	1203	2038	1346	3028	765	921	1906	728	882	1269	2243	2486	1976	1762	1909	1289	679	2253	3261	1607	1003	1689	1595	1065	1270	2069
ENSG00000005175.8	2222	2128	3464	2778	1462	2967	1306	3994	2045	1407	1797	934	1104	618	2335	4058	2800	2840	2622	2395	2249	2428	2104	1643	1300	1362	1470	2884	2141	1899
ENSG00000005187.10	128	347	70	63	101	171	719	432	36	91	32	23	72	875	191	84	393	259	239	229	10	167	381	71	34	616	70	14	63	12
ENSG00000005189.18	600	1293	386	469	315	629	1066	484	656	960	578	181	232	397	1139	829	711	358	628	339	197	861	1126	699	599	811	447	234	1000	441
ENSG00000005194.13	2447	3135	3936	3599	1548	4201	2270	5058	2792	2363	2334	2536	2404	1108	3460	4119	3432	3627	3194	1294	2837	2344	3625	1841	2136	2878	3093	3460	3965	4814
ENSG00000005206.15	2366	6552	3207	1249	3246	3027	7569	2905	2040	2331	2887	924	2063	3803	1904	2042	2899	2954	2912	2233	3389	2464	2778	2454	1706	2966	4301	767	3317	8079
ENSG00000005238.18	1383	828	2541	1849	490	2951	605	2091	911	1341	551	1617	748	637	1201	1316	2320	1757	1769	1726	545	1464	875	1089	886	1454	3445	1598	660	1016
ENSG00000005243.8	456	216	1614	119	130	1920	138	1686	691	1499	57	140	391	35	204	797	3270	1575	1038	80	272	4154	511	1057	199	74	8262	1487	1319	205
ENSG00000005249.11	277	3346	409	67	1056	428	20	567	77	95	174	713	1852	191	334	369	709	993	73	68	124	469	1672	490	128	75	7	116	108	292
ENSG00000005302.16	1570	2512	2096	1861	1376	2745	1990	4274	2614	1791	1773	1510	1156	1395	2227	3249	2021	2676	2281	1172	823	6312	2248	1280	1686	2443	1876	1966	2191	1650
ENSG00000005339.11	5218	6926	8983	4049	5915	9124	4430	18719	3192	2397	5505	6207	5065	7065	5484	19692	7727	6619	10276	5124	4624	13314	8034	4742	5179	9345	2771	4433	4753	4056
ENSG00000005379.14	658	5541	837	184	949	1007	1846	1674	368	779	661	27	484	2215	1493	724	1137	1441	951	1259	1342	833	925	878	918	3197	793	111	700	7098
ENSG00000005381.7	3	4	2	3	6	14	0	5	1	1	2	9	2	28	0	11	6	7	1	4	1	25	14	5	4	4	0	0	0	7
ENSG00000005421.7	5	179	0	1	20	5	9	7	0	0	0	0	20	1	13	0	13	1	0	8	1	2	10	1	2	11	13	0	16	72
ENSG00000005436.12	1058	1750	925	752	773	1094	989	3491	729	929	1349	702	508	612	806	1784	1313	1178	1019	1474	1115	1437	879	1221	1256	1333	2133	927	2083	1305
ENSG00000005448.15	400	4489	1976	793	327	1041	1504	1056	1223	503	400	516	616	1436	3296	1675	818	1289	793	1206	2251	770	2309	305	209	1988	4333	2144	1167	1586
ENSG00000005469.10	3699	885	975	688	543	5294	483	4590	432	2714	3122	1953	1511	449	3206	2515	3995	1766	1251	383	1066	4097	1422	647	3803	951	555	1361	3717	448
ENSG00000005471.14	31	4	19	1	31	49	11	43	5	13	22	57	36	8	33	45	25	94	17	11	12	46	40	26	38	12	11	8	44	17
