TCGA.EK.A2RC.01A	TCGA.Q1.A6DV.01A	TCGA.C5.A7CK.01A	TCGA.EK.A2R8.01A	TCGA.EX.A8YF.01A	TCGA.EA.A3QE.01A	TCGA.EX.A449.01A	TCGA.FU.A23L.01A	TCGA.EA.A5O9.01A	TCGA.MA.AA3Z.01A	TCGA.EX.A69M.01A	TCGA.MA.AA3X.01A	TCGA.ZJ.AAXF.01A	TCGA.VS.A9UR.01A	TCGA.EK.A2RA.01A	TCGA.EA.A3HQ.01A	TCGA.HG.A2PA.01A	TCGA.IR.A3LH.01A	TCGA.VS.A8EG.01A	TCGA.FU.A770.01A	TCGA.VS.A953.01A	TCGA.EA.A3HR.01A	TCGA.EA.A5ZF.01A	TCGA.C5.A1MP.01A	TCGA.VS.A9UM.01A	TCGA.DS.A7WF.01A	TCGA.Q1.A5R3.01A	TCGA.C5.A1MN.01A	TCGA.EA.A44S.01A	TCGA.JW.A5VH.01A
LINC01587	42	1	2	3	0	7	0	5	0	4	1	114	2	5	189	0	1	5	12	0	0	5	3	1	13	3	0	1	0	0
AC000111.6	1	0	0	0	1	3	0	0	0	0	0	0	0	0	0	0	0	0	0	3	0	0	1	0	0	0	0	0	0	0
XXbac-B461K10.4	4	6	7	0	2	7	6	30	3	2	7	1	8	7	5	5	4	5	7	2	7	18	1	0	6	10	16	10	7	6
IGF2-AS	32	2	10	2	3	1	1	2	4	0	0	0	3	119	1	2	9	3	1	1	0	13	8	15	14	2	0	173	1	11
TPTEP1	161	19	146	21	3	9	11	44	3	3	6	111	357	1	8	22	576	39	11	24	2	53	235	104	27	7	42	2	12	69
RP11-153K16.2	0	0	2	0	0	0	0	1	0	0	0	0	0	0	0	0	0	0	1	0	0	0	0	0	0	1	0	0	0	0
DLEU2L	11	86	47	6	14	16	19	33	7	13	21	9	16	25	15	74	21	15	32	16	11	48	30	11	23	39	0	13	10	13
RP11-268J15.5	154	185	632	345	740	249	191	97	125	115	226	87	177	584	287	254	109	149	354	91	207	208	117	142	188	179	201	92	269	683
PINK1-AS	333	333	231	263	208	325	790	476	287	232	171	159	179	137	402	441	544	257	624	138	110	271	295	137	179	384	321	298	249	434
C10orf95	41	151	23	119	147	52	120	40	55	40	8	35	23	36	29	95	55	18	56	54	75	48	47	37	31	80	53	9	48	33
SPG20-AS1	16	15	4	0	10	6	19	19	6	2	2	1	3	8	0	2	13	3	4	7	8	10	8	5	3	10	0	6	3	2
LINC00544	2	1	0	0	2	9	0	9	0	2	2	0	0	0	0	2	2	14	1	0	0	1	0	2	0	1	0	0	0	0
KIAA0087	2	5	2	0	0	1	2	1	0	0	0	1	0	2	1	0	3	0	1	1	0	2	0	0	0	132	0	0	0	66
AC105760.3	0	2	3	0	0	1	2	0	0	0	0	2	0	1	2	1	0	0	0	0	0	1	0	0	0	0	0	0	0	3
DKFZP434K028	1	11	3	1	1	3	7	0	0	1	3	1	2	0	0	0	3	1	0	18	0	0	1	0	0	0	0	0	3	1
LINC00029	0	1	0	0	1	0	0	0	0	0	1	0	0	0	2	0	0	0	0	0	0	0	0	0	0	0	0	0	1	5
FAM182A	427	112	21	0	6	79	14	16	0	15	3	26	5	1	3	70	108	3	0	5	6	7	0	41	252	2	139	329	159	0
C20orf187	0	0	2	0	0	0	0	0	0	0	0	0	0	0	0	0	0	0	0	0	0	0	0	0	1	0	0	0	0	0
MMP24-AS1	1990	1155	1054	1569	1128	2464	1580	3930	888	846	1342	2456	878	1515	2331	1958	1836	2702	2094	1838	2140	5484	4631	966	1829	1345	7572	1498	1648	1276
C22orf24	5	18	10	4	2	4	4	12	2	6	5	3	2	5	9	6	7	12	5	9	9	6	9	3	2	20	13	20	1	8
TTTY1B	0	0	0	0	0	0	0	0	0	0	0	0	0	0	0	0	0	0	0	0	0	0	0	0	0	0	0	0	0	0
TTTY1	0	0	0	0	0	0	0	0	0	0	0	0	0	0	0	0	0	0	0	0	0	0	0	0	0	0	0	0	0	0
H19	2665	535	1955	53208	109	233	95	2644	24	6423	99	50547	3493	41490	117	3061	3765	1841	66	70	8231	1570	3059	1642	359	14117	703	35960	176	265
TTTY9B	0	0	0	0	0	0	0	0	0	0	0	0	0	0	0	0	0	0	0	0	0	0	0	0	0	0	0	0	0	1
RP11-798G7.5	1	3	2	1	1	0	3	1	1	3	1	0	0	2	0	1	3	1	1	2	1	1	1	2	1	0	0	0	1	3
TTTY6	0	0	0	0	0	0	0	0	0	0	0	0	0	0	0	0	0	0	0	0	0	0	0	0	0	0	0	0	0	0
TTTY6B	0	0	0	0	0	0	0	0	0	0	0	0	0	0	0	0	0	0	0	0	0	0	0	0	0	0	0	0	0	0
LINC00470	0	0	1	1	0	0	1	2	2	0	0	1	0	0	1	0	0	0	0	0	0	1	246	0	0	1	3	0	0	4
LINC01260	27	7	4	58	11	75	2	78	5	9	8	6	14	17	130	12	10	59	4	3	6	41	3	11	11	2	312	117	13	0
C7orf69	0	0	2	1	0	0	0	0	0	0	0	1	0	0	0	0	1	2	0	1	0	0	0	0	0	0	0	0	0	0
RP11-84C10.2	5	0	0	0	0	1	0	1	0	0	2	3	0	0	4	4	3	25	0	0	0	0	3	0	1	0	0	0	1	0
RP11-809H16.2	0	0	0	0	0	0	0	0	0	0	0	0	0	0	0	0	0	0	0	0	0	0	0	0	0	0	0	0	0	0
ERVK3-1	820	1193	1452	729	735	1488	879	1198	835	414	846	441	450	760	1394	830	777	1539	960	449	1048	489	1099	718	509	830	813	653	773	888
AC062028.1	3	9	1	0	2	3	9	16	0	7	1	0	0	4	4	2	3	4	0	0	0	4	8	1	1	14	16	2	0	0
LINC01558	10	0	0	3	11	8	121	4	5	2	2	0	6	36	0	4	28	3	2	6	1	18	25	6	1	35	0	2	0	10
LINC00525	1	2	12	60	21	10	0	14	2	3	10	1	5	1	1	1	24	140	3	0	2	1	6	0	0	7	3	34	0	7
TTTY7	0	0	0	0	0	0	0	0	0	0	0	0	0	0	0	0	0	0	0	0	0	0	0	0	0	0	0	0	0	0
TTTY7B	0	0	0	0	0	0	0	0	0	0	0	0	0	0	0	0	0	0	0	0	0	0	0	0	0	0	0	0	0	0
C20orf78	0	0	0	1	0	1	0	2	0	0	0	0	0	0	0	1	0	0	0	0	0	1	0	0	0	0	0	1	0	3
LINC00266-1	1	0	0	0	0	2	1	7	2	0	2	1	0	1	2	1	0	2	0	0	1	2	1	1	0	0	2	0	2	1
RP11-96C23.13	8	1	7	4	0	1	2	9	9	10	4	3	12	3	11	7	4	4	2	2	1	1	1	13	1	5	0	0	24	0
PART1	17	12	10	0	305	527	262	335	13	0	0	2	2	552	2	5	402	1	30	9	4	343	95	11	37	98	0	83	533	2
LINC00467	666	1155	284	637	868	1390	923	589	275	461	1917	82	164	358	1459	970	643	456	332	496	53	499	534	529	171	563	1226	388	710	682
RP11-66N24.4	106	90	117	16	28	196	91	133	39	28	79	22	40	42	80	34	84	62	63	26	52	37	74	73	122	58	178	17	120	82
C1orf147	7	18	13	3	8	50	29	37	5	24	14	14	18	22	15	45	21	14	33	6	11	35	10	16	52	13	0	4	23	2
AC007364.1	0	4	0	0	1	0	0	0	0	0	0	0	0	1	2	0	0	0	0	0	0	0	2	0	0	0	0	0	2	1
C2orf48	93	112	84	13	167	53	92	170	98	25	115	64	9	31	567	63	64	57	53	62	76	107	40	84	108	44	150	71	372	27
LINC01116	31	14	187	218	48	109	152	1068	291	28	41	16	124	71	37	878	22	964	526	58	312	98	107	113	141	8	1447	1772	7	41
SNHG16	1018	705	2598	1377	977	1457	386	1594	2054	643	1207	681	574	447	1632	3333	1668	814	699	920	2996	3463	884	1475	664	489	1483	924	936	1601
IGF2BP2-AS1	3	5	34	9	0	0	0	21	1	1	1	0	0	3	6	2	11	6	1	0	9	3	1	2	0	1	69	23	0	1
SMAD5-AS1	41	1	29	0	6	25	6	9	28	8	3	4	2	2	41	4	8	11	6	0	2	40	2	33	39	1	0	4	100	1
C10orf25	36	331	58	52	131	55	101	145	34	98	24	24	24	63	95	141	33	151	81	113	44	171	42	66	32	122	123	221	26	34
ZNF667-AS1	194	1331	501	18	23	67	1478	100	19	3	572	311	269	1003	35	88	597	130	47	18	21	139	70	91	69	723	16	12	42	94
MIR202HG	0	1	1	0	0	1	2	0	0	0	0	0	0	0	0	0	0	0	0	0	0	0	0	0	0	0	14	0	0	1
RP11-93B14.6	6	6	3	7	15	27	7	5	5	9	3	57	14	10	8	1	9	8	6	13	5	6	5	0	14	1	26	17	13	0
LINC00483	0	0	2	0	2	0	0	1	0	0	0	0	0	0	0	1	0	1	0	2	0	0	0	0	1	1	0	0	7	4
AC104389.28	1	0	0	0	0	0	1	4	0	0	0	0	0	0	5	0	0	3	0	0	0	1	0	0	1	0	0	0	0	0
LINC00905	0	0	0	0	0	0	0	0	0	0	0	0	0	0	0	0	0	0	0	0	0	0	0	0	0	0	0	0	0	0
RP11-25K19.1	36	151	10	10	61	109	12	83	24	30	36	3	25	79	57	41	130	106	15	119	43	28	8	44	23	168	20	78	30	13
LINC00917	0	0	0	0	0	1	0	0	0	0	0	0	0	1	0	0	0	2	0	0	0	0	0	0	0	0	2	0	0	0
RP11-262H14.4	20	29	40	5	7	13	101	34	49	6	8	24	13	20	26	30	32	13	29	4	16	15	36	4	9	63	73	16	13	60
LINC00266-3	0	0	1	0	0	0	0	3	0	0	0	0	0	0	0	0	0	0	0	0	0	0	0	0	0	0	0	0	0	0
AC093323.3	1159	1725	1260	986	822	1348	2146	1456	1164	1043	1003	502	947	3275	1367	2547	1741	1052	535	844	702	898	1347	688	379	1334	924	3033	1102	1351
TPT1-AS1	342	1095	323	193	261	258	592	518	147	216	132	208	167	731	398	197	329	322	238	379	109	518	300	358	177	773	1109	434	276	493
LINC00208	0	0	0	0	0	0	0	0	0	0	0	0	0	0	0	0	0	0	0	0	0	0	0	0	0	0	0	0	1	0
SHANK2-AS3	0	0	0	0	0	0	2	0	0	0	0	1	0	0	1	0	0	0	0	0	0	0	0	0	1	1	0	0	0	0
MIR31HG	5	21	83	199	47	178	0	17	49	10	6	8	44	28	108	43	150	18	163	243	109	39	8	6	8	345	41	89	1	32
SERHL	139	97	108	34	17	60	62	74	31	13	27	1	81	62	14	128	91	22	48	19	9	53	44	35	20	20	25	5	58	63
MIR4435-1HG	2151	1113	1435	1725	1518	1063	1114	1993	709	502	458	1366	443	1039	3254	673	1199	2467	754	3299	1338	446	877	943	488	634	7555	2345	982	670
CMB9-22P13.1	102	73	758	685	33	360	249	510	215	73	56	155	115	211	222	86	300	300	121	167	104	500	151	110	203	101	206	591	210	211
CCDC13-AS1	15	153	7	2	18	13	13	7	2	3	6	9	4	5	11	6	6	8	5	10	9	18	6	4	5	11	5	1	14	12
RP11-89N17.1	1	6	3	0	1	1	2	0	0	0	1	0	0	3	1	2	2	2	0	2	3	1	0	1	3	0	0	0	0	3
RP11-97O12.7	10	17	5	3	11	11	18	13	2	2	12	0	1	10	24	11	6	13	1	15	0	6	3	9	6	12	2	0	6	4
RP11-23P13.6	433	40	5	168	68	154	12	67	1	12	173	42	32	122	64	71	39	71	33	3	5	7	10	59	168	238	6	5	70	3
SNHG11	616	653	321	327	355	713	139	772	181	237	341	281	424	293	252	685	279	1144	451	253	278	1184	339	728	499	354	1021	497	1044	661
C20orf166-AS1	23	3	12	28	2	66	39	3	9	0	4	0	4	12	11	5	17	3	10	5	2	25	1	0	30	5	0	1	2	1
MIR1-1HG	3	1	1	0	0	2	1	0	0	0	0	0	0	0	0	0	0	0	0	0	0	0	0	0	1	0	0	0	0	0
GRIK1-AS1	5	4	2	0	4	6	0	2	0	0	0	9	1	19	54	1	1	5	5	1	3	3	0	8	0	6	0	1	3	0
LRRC75A-AS1	18779	9993	9491	12355	11102	12882	6735	14434	10083	3698	4139	3710	5123	4434	6630	31542	18067	5356	6646	13016	32042	18033	2159	11928	6684	8585	9747	6303	5385	19028
TMEM51-AS1	455	262	52	71	194	708	169	376	186	154	177	345	192	190	1345	462	127	121	1362	177	50	214	73	135	529	252	518	66	391	335
RP11-276H1.3	2	0	0	0	0	0	13	1	0	0	0	1	0	0	4	0	1	0	2	2	3	1	2	0	0	2	1	0	1	3
LINC00476	332	333	367	131	215	175	180	383	198	159	215	81	89	226	317	208	256	203	138	142	66	98	166	354	124	96	242	176	260	341
LINC00521	1	0	2	0	1	0	0	0	1	0	2	0	1	1	3	10	0	0	1	0	0	0	2	0	0	7	0	0	1	0
C15orf54	1	0	1	1	1	1	1	7	0	0	0	1	0	0	0	2	3	3	1	1	2	2	1	0	1	0	0	1	1	5
LINC01106	57	85	70	83	36	58	43	99	34	27	33	11	32	48	31	123	68	16	44	46	126	52	55	16	11	193	55	115	19	4
RP11-121M22.1	19	35	9	12	11	14	31	47	4	8	11	4	9	13	27	25	30	10	5	9	6	16	5	15	12	20	5	5	25	16
RP11-544L8__B.4	0	1	1	1	0	2	4	8	0	0	1	3	1	2	1	3	1	1	1	2	4	9	0	0	1	0	0	0	0	0
LINC00302	0	0	8	1	0	19	0	0	1	1	0	0	0	1	0	0	1	0	0	0	0	14	0	0	0	0	0	8	0	0
C10orf111	12	41	12	3	20	17	18	23	12	10	6	2	3	15	22	21	8	9	16	20	4	13	36	7	7	28	7	1	15	21
RP11-404O13.5	0	5	1	0	0	0	1	4	0	0	3	1	1	3	8	5	0	2	6	0	0	3	0	0	0	1	0	1	2	1
AC110781.3	3	0	1	0	2	1	6	7	0	0	2	1	0	0	0	3	1	1	2	1	3	2	1	0	1	3	1	1	0	2
RP5-856G1.2	1	8	1	0	1	3	3	6	0	27	0	2	1	6	0	3	3	0	2	0	0	14	1	0	1	0	0	1	1	4
CTD-2368P22.1	80	51	420	87	92	55	151	306	50	111	96	170	99	465	83	160	169	104	154	6	161	126	84	213	200	25	98	191	179	30
C20orf197	9	44	1	0	28	16	20	24	0	4	9	5	18	34	23	6	15	24	3	2	46	10	54	6	7	23	13	1672	9	1
TTTY14	0	0	0	0	0	0	2	0	0	0	0	0	0	0	0	0	0	0	0	0	0	0	0	0	0	0	0	0	0	0
C15orf56	54	102	11	33	54	15	37	27	19	26	39	47	7	34	67	58	40	28	30	26	2	71	59	41	33	67	37	0	41	22
LINC00303	1	22	3	0	0	0	0	10	1	0	2	0	0	1	0	0	3	0	0	0	1	1	1	0	0	0	0	0	0	144
MIR7-3HG	2	1	0	1	1	0	8	4	2	2	0	2	0	0	0	0	7	2	1	0	0	0	0	1	0	0	0	0	1	2
RP11-334J6.7	0	0	0	0	0	0	0	0	0	0	0	0	0	0	0	0	0	0	0	0	0	0	0	0	0	0	0	0	0	0
TYMSOS	146	272	220	114	143	110	215	114	51	123	24	65	32	154	261	62	136	83	69	106	18	48	155	100	48	221	170	70	128	166
