TCGA.4G.AAZO.01A	TCGA.ZH.A8Y2.01A	TCGA.YR.A95A.01A	TCGA.ZH.A8Y4.01A	TCGA.W5.AA36.01A	TCGA.W5.AA31.11A	TCGA.W5.AA33.01A	TCGA.W5.AA34.11A	TCGA.W5.AA2T.01A	TCGA.ZH.A8Y5.01A	TCGA.4G.AAZT.01A	TCGA.W5.AA30.01A	TCGA.W5.AA30.11A	TCGA.W5.AA2Z.01A	TCGA.3X.AAV9.01A	TCGA.W5.AA2W.01A	TCGA.3X.AAVC.01A	TCGA.W5.AA2U.11A	TCGA.W5.AA38.01A	TCGA.W5.AA2G.01A	TCGA.3X.AAVA.01A	TCGA.W5.AA2X.11A	TCGA.W5.AA31.01A	TCGA.ZD.A8I3.01A	TCGA.W5.AA2O.01A	TCGA.W5.AA2R.11A	TCGA.W5.AA2H.01A	TCGA.3X.AAVB.01A	TCGA.W5.AA39.01A	TCGA.WD.A7RX.01A
LINC01587	7	14	11	19	0	2	12	4	3	2	0	22	3	10	3	9	0	1	2	5	1	1	3	3	6	6	0	5	112	15
AC000111.6	2	1	60	63	7	0	3	1	5	1	0	0	0	29	3	0	37	1	4	0	23	5	3	5	6	0	0	18	0	4
XXbac-B461K10.4	23	21	14	18	0	5	37	7	17	26	0	50	2	27	13	24	1	7	24	11	23	9	44	23	6	1	3	8	4	20
IGF2-AS	19	0	16	2	14	24	16	17	19	3	1	8	17	20	41	4	4	13	1	167	9	19	27	89	2	30	1	45	15	22
TPTEP1	11	85	26	12	11	27	17	9	7	22	481	48	14	71	45	32	17	6	21	33	20	18	216	22	5	15	64	92	25	15
RP11-153K16.2	0	0	0	0	0	0	0	0	0	0	0	0	0	0	0	0	0	0	0	0	0	0	0	0	0	0	0	0	0	0
DLEU2L	19	43	31	44	1	7	42	8	20	19	0	76	4	43	8	13	21	1	6	9	9	3	20	22	20	2	0	26	5	17
RP11-268J15.5	47	128	62	434	845	9	154	8	260	109	195	182	18	95	108	132	291	9	313	172	294	34	149	110	72	18	79	109	66	75
PINK1-AS	69	128	154	193	168	91	228	98	196	106	222	199	107	141	210	101	193	79	111	147	109	105	353	232	169	129	249	293	104	191
C10orf95	19	25	12	26	48	2	24	4	64	69	22	44	3	21	47	7	14	1	20	12	21	3	22	26	87	0	18	11	6	26
SPG20-AS1	0	10	2	13	1	1	2	2	28	3	4	3	3	2	5	8	3	1	0	5	4	3	13	0	2	3	8	5	0	1
LINC00544	0	3	2	1	1	0	1	0	0	0	0	0	0	2	4	2	3	0	0	1	0	1	0	0	0	1	9	1	0	5
KIAA0087	3	29	286	52	2	0	66	0	33	0	0	13	4	19	2	11	6	0	12	1	11	1	2	47	3	0	13	0	0	40
AC105760.3	0	0	0	2	0	0	0	0	3	2	0	0	0	0	0	1	1	0	0	0	1	0	2	0	1	0	0	0	0	0
DKFZP434K028	15	13	67	50	45	14	37	10	48	47	9	4	10	47	3	278	13	8	24	27	83	22	10	45	132	14	0	34	6	8
LINC00029	0	0	0	0	0	0	0	0	0	9	50	1	0	0	2	0	0	0	0	0	0	0	2	0	0	0	0	0	0	1
FAM182A	2	8	13	1	3	1	26	0	21	23	2	11	2	6	7	0	4	0	0	1	2	2	2	3	0	2	5	1	1	4
C20orf187	0	0	0	1	0	0	0	0	0	0	0	0	0	0	0	0	0	0	0	0	0	0	0	0	0	0	0	0	0	0
MMP24-AS1	741	3716	3306	3136	2848	846	2658	690	2288	2949	3591	1439	822	1773	2779	1396	2246	860	6384	1554	1389	844	1363	1932	1829	807	1606	1936	2018	2083
C22orf24	3	4	5	3	3	1	3	2	1	9	2	3	1	4	2	5	3	1	6	1	1	0	2	3	4	2	3	8	0	2
TTTY1B	0	0	0	0	0	0	0	0	0	0	0	0	0	0	0	0	0	0	0	0	0	0	0	0	0	0	0	0	0	0
TTTY1	0	0	0	0	0	0	0	0	0	0	0	0	0	0	0	0	0	0	0	0	0	0	0	0	0	0	0	0	0	0
H19	32	67	3535	998	185	2008	2431	2295	680	309	115	59	28776	450	5435	4085	188	14656	73	8125	226	4049	10415	234	1186	25309	486	2909	823	13603
TTTY9B	0	0	0	0	0	0	0	0	0	0	0	0	0	0	0	0	0	0	0	0	0	0	0	0	0	0	0	0	0	0
RP11-798G7.5	0	0	2	2	0	0	2	1	0	0	0	0	2	0	0	2	0	0	0	1	2	0	3	0	1	0	6	1	1	0
TTTY6	0	0	0	0	0	0	0	0	0	0	0	0	0	0	0	0	0	0	0	0	0	0	0	0	0	0	0	0	0	0
TTTY6B	0	0	0	0	0	0	0	0	0	0	0	0	0	0	0	0	0	0	0	0	0	0	0	0	0	0	0	0	0	0
LINC00470	0	148	9	1	1	122	4	22	0	0	0	2	26	2	9	171	0	2	0	3	1	8	21	0	0	9	2	1	0	7
LINC01260	4	1	6	1	4	0	5	1	4	12	1	14	4	1	29	6	4	1	2	5	2	1	4	11	8	1	95	5	3	11
C7orf69	0	0	1	0	0	0	4	0	0	0	0	0	0	0	0	0	0	0	0	0	1	0	0	0	1	0	0	0	0	1
RP11-84C10.2	1	1	0	1	0	0	0	0	0	1	0	1	0	3	1	0	0	0	1	2	1	2	2	1	0	0	0	4	0	1
RP11-809H16.2	0	0	0	0	0	0	0	0	0	0	0	0	0	0	0	0	0	0	0	0	0	0	0	0	0	0	0	0	0	0
ERVK3-1	406	918	563	406	434	202	937	265	739	1081	320	840	185	511	501	691	597	137	547	356	277	322	1226	696	525	229	814	635	641	607
AC062028.1	4	2	5	12	1	0	7	0	17	6	1	6	0	10	8	1	5	0	6	3	2	0	3	5	4	0	18	2	2	8
LINC01558	125	145	20	218	49	392	331	398	826	812	21	195	79	387	47	124	100	120	367	43	213	218	99	94	41	125	22	6	305	177
LINC00525	0	42	20	11	2	9	12	14	9	5	1	35	17	8	56	7	12	12	21	43	20	17	13	20	10	41	8	3	4	17
TTTY7	0	0	0	0	0	0	0	0	0	0	0	0	0	0	0	0	0	0	0	0	0	0	0	0	0	0	0	0	0	0
TTTY7B	0	0	0	0	0	0	0	0	0	0	0	0	0	0	0	0	0	0	0	0	0	0	0	0	0	0	0	0	0	0
C20orf78	0	0	0	0	0	0	0	0	0	0	0	0	0	0	0	0	0	0	0	0	0	0	0	0	0	0	0	0	0	0
LINC00266-1	0	0	0	0	0	0	1	0	3	2	0	1	0	0	0	1	0	1	0	0	0	0	0	0	0	1	2	0	1	0
RP11-96C23.13	1	4	2	5	0	2	6	3	1	5	4	7	1	3	5	0	0	0	0	1	0	1	4	0	1	1	2	2	3	1
PART1	0	1	1	3	11	1	0	0	1	2	2	4	1	1	2	0	2	0	4	3	0	1	1	10	2	0	5	3	1	0
LINC00467	165	138	350	509	198	452	263	420	623	1033	405	452	367	796	301	1123	631	319	572	319	160	253	336	328	375	271	362	349	146	470
RP11-66N24.4	59	51	77	52	36	20	151	18	113	117	70	101	10	73	33	105	47	17	39	41	27	29	92	90	101	11	135	54	26	77
C1orf147	0	16	2	6	1	2	6	0	3	11	1	19	2	5	18	8	0	0	3	1	3	0	19	14	4	3	39	9	1	15
AC007364.1	0	0	3	0	2	0	0	1	3	1	1	0	1	1	0	0	0	0	0	2	0	1	0	2	0	0	3	0	0	0
C2orf48	2	18	7	7	10	0	10	2	374	19	4	38	3	5	3	5	111	3	7	7	5	3	4	35	21	1	19	6	22	41
LINC01116	9	5	56	544	12	4	113	0	4	59	35	493	0	538	242	55	33	1	7	9	7	3	26	8	72	1	64	115	1	110
SNHG16	451	1233	879	2241	638	461	1544	593	859	1381	681	1230	373	1667	1045	1027	466	513	1016	1380	748	285	1383	1222	1818	459	606	484	238	835
IGF2BP2-AS1	2	1	0	2	2	0	0	1	3	0	4	10	0	2	3	2	2	2	0	1	3	0	1	3	1	0	5	3	0	3
SMAD5-AS1	5	7	118	7	32	2	32	6	30	3	55	16	4	75	4	8	5	7	71	6	6	7	28	13	45	20	6	0	4	7
C10orf25	14	310	94	306	25	143	156	112	189	274	98	249	105	474	177	60	103	153	140	68	33	101	230	122	31	176	106	67	46	137
ZNF667-AS1	17	41	1337	37	60	110	157	102	51	94	75	149	252	137	245	36	52	64	31	331	745	211	803	82	38	103	238	338	338	151
MIR202HG	0	0	0	0	0	0	1	0	0	0	0	0	0	0	2	0	0	0	0	0	0	0	0	0	1	0	3	0	0	0
RP11-93B14.6	5	0	0	4	0	0	7	0	3	4	6	8	1	2	11	1	13	0	1	3	0	2	0	3	6	0	16	10	0	2
LINC00483	26	46	26	5	0	1	13	1	6	3	24	41	1	13	24	1	1045	0	3	0	1	0	1	15	5	0	0	9	2	10
AC104389.28	0	8	1	0	1	0	1	0	0	2	1	3	0	0	1	0	0	0	0	0	0	0	0	0	0	0	2	0	0	0
LINC00905	0	0	0	0	0	0	0	0	0	0	0	0	0	0	0	0	0	0	0	0	0	0	0	0	0	0	0	0	0	0
RP11-25K19.1	75	77	11	72	19	1	34	7	2	2	8	80	9	153	122	480	16	7	3	23	54	14	221	51	2	9	212	82	75	32
LINC00917	0	17	29	0	1	0	0	2	0	0	0	2	7	0	0	23	0	0	0	0	0	5	0	1	1	4	1	0	0	0
RP11-262H14.4	5	8	37	27	58	2	27	9	29	9	43	12	9	38	36	32	6	5	10	34	17	10	19	79	28	7	74	26	1	18
LINC00266-3	0	0	0	0	0	0	0	0	0	0	0	0	0	0	0	0	0	0	0	0	0	0	0	0	0	0	0	0	0	0
AC093323.3	186	349	67	52	77	313	490	348	944	1321	449	784	356	450	774	426	591	295	259	354	139	306	641	801	362	277	1195	712	984	625
TPT1-AS1	299	776	592	479	335	159	203	94	445	414	380	276	160	254	402	208	843	160	79	202	369	221	648	477	166	108	588	710	120	235
LINC00208	0	0	0	0	0	0	0	0	1	0	0	0	0	0	0	0	0	0	0	0	0	0	0	0	0	0	0	0	0	0
SHANK2-AS3	0	0	1	0	0	0	0	0	0	0	0	0	0	0	0	2	0	0	0	0	0	0	0	0	1	0	0	0	0	0
MIR31HG	0	0	0	4	0	0	3	0	0	0	0	0	0	5	27	0	0	0	0	0	1	3	0	1	0	0	6	197	0	0
SERHL	15	19	39	3	58	3	58	3	69	63	50	68	5	58	39	97	27	6	33	50	79	13	102	30	64	11	90	42	41	40
MIR4435-1HG	485	1209	1455	1881	1264	120	834	108	1728	3224	1283	1178	118	1131	2043	1241	591	61	3398	1712	695	129	1822	1848	1447	77	616	1785	441	1299
CMB9-22P13.1	17	42	42	41	36	18	49	5	115	46	21	43	11	87	94	69	34	5	51	16	30	7	38	104	46	7	129	42	11	40
CCDC13-AS1	1	2	7	0	15	1	4	1	10	56	3	31	4	5	14	7	4	4	2	4	7	9	10	6	7	2	29	7	9	8
RP11-89N17.1	1	5	0	5	1	1	8	1	9	6	3	3	4	1	0	1	5	0	0	2	0	1	3	1	0	1	8	3	3	2
RP11-97O12.7	24	4	0	11	5	0	16	2	44	71	24	11	0	4	19	17	11	5	11	4	3	2	13	5	5	2	39	13	3	12
RP11-23P13.6	227	305	9	280	158	15	1725	11	1442	3055	181	331	13	64	37	705	20	5	45	7	11	20	49	58	13	12	926	93	56	134
SNHG11	370	1419	674	554	1015	212	418	280	819	1049	1401	844	310	659	673	290	546	203	2190	463	529	222	667	1486	770	145	713	362	205	673
C20orf166-AS1	19	2	1	5	13	1	12	3	2	4	13	3	1	10	11	0	1	0	5	13	2	8	13	5	25	3	30	2	2	4
MIR1-1HG	0	0	0	0	0	0	0	0	0	0	0	0	0	0	0	0	0	0	0	0	0	0	0	0	0	0	2	0	0	0
GRIK1-AS1	2	11	1	1	1	0	131	1	25	10	5	16	2	2	5	1	1	0	0	0	2	4	0	10	0	0	14	4	7	8
LRRC75A-AS1	8848	17076	17187	18586	20777	2728	11674	4519	12173	16326	18700	11753	4001	23457	9770	9930	8787	5173	8563	11418	22898	2181	8296	14881	14188	3099	11269	10603	2928	13128
TMEM51-AS1	327	307	489	360	266	3	28	5	560	34	570	107	22	316	138	397	346	10	613	438	138	24	304	92	351	6	18	548	11	68
RP11-276H1.3	0	0	0	1	1	0	1	0	2	2	0	1	0	1	3	0	2	0	0	0	0	0	1	1	0	0	2	2	0	0
LINC00476	65	73	48	48	128	89	155	49	110	101	158	102	64	218	148	85	80	95	41	46	81	86	192	52	93	36	357	57	45	112
LINC00521	1	0	0	0	0	0	0	0	1	1	0	0	0	0	2	6	1	1	5	0	0	0	1	0	0	0	2	0	1	0
C15orf54	1	0	2	48	2	1	1	0	3	1	1	3	0	3	3	0	1	0	2	1	6	0	5	1	0	0	0	4	0	0
LINC01106	306	59	135	107	99	6	137	10	433	160	142	75	9	166	87	79	88	8	222	136	163	16	65	108	156	1	6	38	2	80
RP11-121M22.1	3	30	26	52	12	20	23	17	22	41	28	7	11	20	8	15	20	21	50	34	41	14	5	29	19	13	31	12	2	24
RP11-544L8__B.4	1	0	1	0	0	2	3	5	1	1	0	5	9	0	3	0	0	11	0	6	0	3	2	2	0	2	4	0	0	1
LINC00302	0	0	0	0	0	0	12	0	0	0	0	0	0	0	0	0	13	0	0	0	0	0	0	0	0	0	0	0	0	0
C10orf111	11	10	4	1	7	1	15	4	18	22	7	27	1	16	26	4	5	2	9	7	22	7	17	11	7	3	11	8	4	22
RP11-404O13.5	0	0	0	1	0	0	3	0	4	2	1	6	0	18	2	0	0	0	0	0	1	1	5	0	3	1	1	2	0	0
AC110781.3	0	0	1	0	1	0	3	0	0	0	0	4	0	2	0	1	0	1	0	0	2	1	2	2	0	1	1	3	0	0
RP5-856G1.2	0	7	0	11	1	1	9	0	14	7	0	10	1	0	1	0	0	0	0	0	1	0	4	8	0	0	0	2	0	0
CTD-2368P22.1	161	463	242	23	24	27	209	49	423	389	211	245	55	185	107	414	105	17	96	107	227	69	334	449	6	20	320	240	203	55
C20orf197	2	28	4	7	2	1	10	2	4	0	6	9	2	3	166	2	2	1	14	3	6	3	18	5	3	0	21	12	2	12
TTTY14	0	0	291	154	0	82	24	0	0	18	501	270	54	0	35	0	0	0	1	0	1	68	328	0	166	0	0	0	83	0
C15orf56	31	61	4	41	29	0	2	1	86	68	30	10	1	12	16	74	19	1	49	8	3	1	18	18	43	0	5	21	6	11
LINC00303	0	1	1	0	0	0	0	0	4	1	1	1	0	1	1	0	3	0	1	0	1	0	2	0	0	0	2	0	1	1
MIR7-3HG	0	1	1	0	0	0	0	0	0	2	0	0	0	0	1	0	4	1	0	0	2	2	1	1	0	1	1	165	2	1
RP11-334J6.7	0	0	0	0	0	0	0	0	0	0	0	0	0	0	0	0	0	0	0	0	0	0	0	0	0	0	0	0	0	0
TYMSOS	50	71	135	92	83	26	49	50	134	34	41	162	26	38	13	70	77	23	414	127	71	18	64	88	107	27	14	17	67	72
