TCGA.4G.AAZO.01A	TCGA.ZH.A8Y2.01A	TCGA.YR.A95A.01A	TCGA.ZH.A8Y4.01A	TCGA.W5.AA36.01A	TCGA.W5.AA31.11A	TCGA.W5.AA33.01A	TCGA.W5.AA34.11A	TCGA.W5.AA2T.01A	TCGA.ZH.A8Y5.01A	TCGA.4G.AAZT.01A	TCGA.W5.AA30.01A	TCGA.W5.AA30.11A	TCGA.W5.AA2Z.01A	TCGA.3X.AAV9.01A	TCGA.W5.AA2W.01A	TCGA.3X.AAVC.01A	TCGA.W5.AA2U.11A	TCGA.W5.AA38.01A	TCGA.W5.AA2G.01A	TCGA.3X.AAVA.01A	TCGA.W5.AA2X.11A	TCGA.W5.AA31.01A	TCGA.ZD.A8I3.01A	TCGA.W5.AA2O.01A	TCGA.W5.AA2R.11A	TCGA.W5.AA2H.01A	TCGA.3X.AAVB.01A	TCGA.W5.AA39.01A	TCGA.WD.A7RX.01A
TSPAN6	1631	6779	10086	3720	2504	4405	11342	4832	10347	11781	7542	5132	3085	5152	3363	1261	3960	2476	8249	1777	4262	2330	13705	5254	2883	3534	226	2001	1380	9646
TNMD	0	0	10	0	0	6	1	0	1	0	0	0	1	0	1	1	1	1	1	0	1	0	0	1	0	2	5	2	1	1
DPM1	757	1278	1273	1129	1272	860	976	981	1504	2729	1121	1644	636	1199	1804	1465	1250	655	1696	1299	1254	719	2140	1212	1491	719	1146	1365	619	1266
SCYL3	1535	902	1026	875	504	557	1538	556	1635	3048	403	2652	374	1714	601	1565	1127	346	519	653	699	410	2230	753	1017	344	602	584	634	1317
C1orf112	162	426	166	316	123	123	390	70	585	557	127	1044	98	369	242	590	217	34	297	204	239	83	662	370	358	74	162	238	205	451
FGR	137	437	151	316	191	201	668	121	57	82	254	378	233	487	670	127	421	311	182	382	334	309	512	143	248	165	1537	484	53	594
CFH	145	16520	8296	3434	9164	67991	13777	55512	1166	3227	8253	3352	48063	4820	7735	1926	909	35982	445	15332	1280	46932	16167	17588	11627	61751	1184	3519	42013	16252
FUCA2	1402	4126	3729	4034	3098	2530	3062	2152	2495	2327	1962	2998	1822	2019	2657	3151	3141	1589	4248	3127	1691	1280	4676	3235	3945	1545	1031	3204	3385	3375
GCLC	447	5075	3206	2023	662	7688	2608	9232	1509	2113	776	3248	2724	1407	1843	546	2140	4711	2055	2566	1154	3708	2306	2180	1266	11904	1489	1122	1899	1778
NFYA	1093	2270	1428	1659	1210	639	1687	597	1391	4152	538	1916	445	1433	1130	1680	824	525	1333	2216	1612	567	3082	1411	613	520	953	1669	491	1297
STPG1	147	184	161	365	213	78	399	82	443	739	367	376	96	597	377	329	523	74	326	109	277	95	432	410	241	68	245	462	230	323
NIPAL3	498	1189	618	837	759	206	1586	339	826	1862	621	1152	201	1489	1162	962	836	163	752	497	932	194	1406	1021	845	167	1278	1833	570	690
LAS1L	1226	2803	1243	2783	1928	992	1821	1243	2077	2585	2993	2109	858	1934	1686	1989	2135	935	2285	1857	2002	812	3402	2252	2505	897	2667	2278	971	2232
ENPP4	654	1801	1052	1431	479	488	1640	912	1440	2698	407	1481	333	2044	1130	1379	526	329	772	1406	885	469	452	881	686	418	380	916	2069	1306
SEMA3F	330	406	680	654	1239	347	579	223	496	847	771	1501	364	902	1951	524	2141	198	937	779	898	303	1684	834	332	184	380	4952	465	502
CFTR	4297	7569	34648	76756	1230	325	4637	196	10201	2319	10499	231	348	32574	4730	36	14204	230	2089	1649	64560	1879	1325	5962	6004	258	6	16760	14	1474
ANKIB1	1161	3404	2438	2899	921	789	3100	917	1377	2908	550	2827	583	3105	1806	2102	2709	455	3035	2573	1805	618	3303	1941	1944	564	956	6971	463	1508
CYP51A1	169	331	122	428	129	756	418	791	218	410	85	654	609	335	161	541	153	220	145	404	193	335	387	241	354	459	20	849	58	165
KRIT1	420	1686	1195	1502	581	660	1928	778	1054	1709	313	1461	569	1177	1010	1548	2204	552	1084	942	1133	596	1428	929	1375	564	1058	3613	437	1087
RAD52	302	253	604	396	231	168	809	205	777	1664	273	585	118	762	341	852	472	123	297	234	577	159	776	914	439	114	591	327	118	466
BAD	1421	2229	2524	1948	3737	1047	1356	954	1256	2018	6967	1433	829	1693	1902	1155	1304	770	3157	1367	2322	853	1262	2135	3677	849	1569	2560	1508	1852
LAP3	3384	1543	3662	4935	2720	5262	4178	5057	3616	4460	3071	4987	3612	7222	3371	4173	5903	4103	3843	4339	2221	3145	4266	2835	2548	5118	4353	3465	3560	6548
CD99	3928	2810	6813	5240	6797	5619	4971	4129	4546	7638	10249	5371	5713	5492	11729	2873	5380	4234	9063	8780	4150	4261	11165	3684	9266	3669	8014	9362	1521	5703
HS3ST1	11395	977	1194	548	411	27	1703	26	566	522	845	2210	85	2058	895	333	1163	59	456	472	783	152	372	3416	283	48	369	3770	48	2557
AOC1	3	1630	49	24	18	596	94	8	11	8	5	18	379	19	1727	2	3073	10	6	38	44	220	219	32	20	521	364	325	1	106
WNT16	1	1	1	1	2	0	6	4	7	12	0	3	2	2	21	1	9	1	0	2	4	0	9	2	1	2	95	4	2	8
HECW1	3	10	8	53	11	19	44	12	22	18	7	62	24	47	111	38	6	6	4	5	39	5	22	40	1	11	1	92	0	14
MAD1L1	897	1834	631	2119	1543	739	1018	1445	1392	2023	2495	1254	617	1029	1502	823	1401	514	2790	1374	1195	468	1693	850	1660	564	2868	2187	1418	1606
LASP1	7862	21840	15390	12048	18855	6105	13418	6525	15983	19547	7608	14299	4692	12133	13242	13297	12817	4267	28643	20609	13171	4396	30262	29672	22815	6676	9214	18168	16343	11423
SNX11	585	1293	546	1175	871	477	1029	529	1253	1234	1019	1055	280	910	1150	842	571	338	1946	669	906	443	1256	1019	1332	367	2673	1361	897	1005
TMEM176A	2983	10804	3120	13872	695	31282	4191	34054	8652	15466	6996	1155	27425	1476	4624	5035	1931	17105	180	7048	5359	29583	7110	3954	3926	31995	4305	3030	7422	8608
M6PR	2781	2648	2214	3825	873	1204	3624	1485	3160	9911	329	3047	931	6052	3145	5594	2236	825	2951	2882	2549	802	6903	3283	3987	1205	1726	3688	745	2316
KLHL13	88	190	180	96	47	136	738	112	26	250	123	351	72	396	190	101	499	190	28	125	76	102	111	14	90	114	36	89	22	89
CYP26B1	12	134	26	171	125	37	193	82	3038	761	0	83	40	558	105	52	34	14	21	323	47	21	8259	1642	12	10	221	42	75	54
ICA1	860	1865	1404	2354	2000	500	1853	104	3081	3112	1215	3082	783	1454	1278	1162	194	68	2251	1557	629	526	3466	892	2414	274	979	3137	423	2116
DBNDD1	1942	1185	3466	1000	1746	104	7181	120	8103	8444	7464	2196	337	439	1336	1048	2292	565	4274	3008	2256	659	2907	2830	4360	118	478	732	1278	2192
ALS2	495	2576	1350	1833	858	1821	1914	1810	2375	2434	594	2408	1008	2128	1161	3272	1149	886	1519	1512	1238	1129	3209	2252	1534	1208	411	1221	961	1536
CASP10	365	1676	861	741	343	520	1444	569	913	1390	612	1302	454	826	1303	871	1420	268	2076	533	762	473	917	1329	871	375	1572	1008	345	1058
CFLAR	5079	9714	7624	11211	4107	3381	10860	3387	6582	11766	5493	9165	2700	8045	7409	6925	5528	2413	5738	7022	7019	3471	10498	10580	5611	3299	10061	5807	2830	7870
TFPI	118	2842	3419	815	306	8783	1872	9045	606	775	285	2480	9230	2137	4404	154	23224	10992	169	3315	590	8274	3354	5775	2165	9438	1688	5684	5962	7272
NDUFAF7	259	696	653	734	644	412	559	480	725	378	387	770	352	567	449	456	487	258	442	456	510	330	583	702	580	445	945	578	245	603
RBM5	1550	2611	4702	2073	1913	1403	3303	1497	3427	7133	1507	3654	1446	2624	3234	2352	2555	1455	1735	1724	2704	1949	4289	3279	1719	1125	8913	4593	907	3079
MTMR7	60	49	75	109	91	54	28	69	141	117	55	54	44	85	37	64	33	42	64	64	76	30	80	52	31	56	57	71	93	54
SLC7A2	94	367	730	2871	712	17787	1375	22873	187	4178	461	950	15453	1991	1520	528	454	17700	44	3269	960	8641	7113	162	843	23078	270	2177	4785	1612
ARF5	2721	6747	7555	7144	6258	2282	5640	2921	8250	8816	12148	5695	2442	5845	5270	4453	10029	2429	12517	6457	7877	2344	5816	4401	12327	2458	5925	5859	2693	7170
SARM1	222	1666	537	450	593	137	735	94	1001	561	287	577	75	388	219	246	336	68	646	310	90	128	186	1321	866	65	370	397	105	401
POLDIP2	2787	6261	8057	12115	9390	8326	6803	8217	8500	9436	6654	6613	5714	6299	2770	6818	5961	5745	6962	6921	6178	5614	12438	7210	12346	5991	2995	4640	6626	7942
PLXND1	1131	3468	2461	4467	4448	1289	5390	1072	4334	7627	3796	6943	2118	5495	10294	3047	3543	1076	7353	4825	3313	1763	11437	5651	2116	1123	4518	4012	1177	4344
AK2	2278	5546	3558	3873	8361	4672	2476	5613	5613	3723	7313	2736	2965	2680	3407	2827	5827	3066	11502	6640	3350	3369	4460	2956	5490	3298	3635	4160	3735	4968
CD38	77	45	60	63	18	206	209	149	23	4	95	447	140	97	692	129	420	121	18	146	63	116	131	11	38	111	2974	153	98	297
FKBP4	3303	3407	6936	9714	7148	3411	4954	3090	6056	22940	8798	7779	2147	10027	3684	7702	8091	2697	9635	6090	9300	2625	22516	6392	13995	3364	1915	5409	4540	5207
KDM1A	943	1502	1564	1606	2069	968	1930	1083	2106	2570	1969	2533	919	1949	2996	1372	3226	971	1635	1552	1949	967	3424	1611	1795	727	2514	3480	728	2193
RBM6	1733	2227	3216	1780	2408	1185	2757	1270	4564	6493	2323	3670	1207	2467	3455	1869	2276	1224	1583	1766	2094	2102	3176	3493	2880	1379	12563	4102	1058	3357
CAMKK1	107	201	79	316	86	41	162	19	397	593	229	333	74	155	412	121	137	32	142	130	193	81	161	195	95	26	876	415	32	228
RECQL	336	1353	457	2645	137	270	1319	395	583	2164	51	874	186	1408	955	1807	611	128	611	852	613	229	1042	1061	649	272	428	1267	239	462
CCDC132	417	1118	828	1061	626	359	1221	444	661	1196	324	1565	320	1226	723	983	759	292	838	1134	1138	366	1275	628	1221	259	755	3365	487	748
HSPB6	74	229	1024	116	259	176	729	278	162	439	994	1077	1031	635	1820	120	73	251	49	690	305	439	498	218	277	269	509	575	1095	774
ARHGAP33	347	350	585	407	348	79	635	66	2523	1092	251	1131	188	507	290	638	674	122	494	546	460	205	417	733	747	85	1081	463	654	605
NDUFAB1	1195	1414	2313	2709	2939	1802	1187	2179	1719	2846	3598	1782	1450	1587	1896	1998	3616	1557	1910	2048	2480	1146	1520	1734	2164	1384	1280	1859	2111	2320
PDK4	199	3898	1312	2339	869	14933	3563	10856	1052	1198	602	1491	5016	1803	7659	207	9393	40013	77	2003	957	6829	1586	161	981	8176	2183	2295	523	3152
SLC22A16	0	1	0	0	1	1	6	0	1	0	0	4	0	2	6	2	4	0	2	5	3	1	4	3	0	0	3	12	0	5
ZMYND10	14	63	377	283	37	9	135	6	221	539	592	160	9	224	55	70	43	9	9	34	216	18	52	221	17	3	105	43	17	529
ABCB5	18	1	0	10	0	0	8	0	3	6	0	16	2	3	7	5	72	0	8	19	16	0	11	2	1	0	3	4	1	0
ARX	1	0	1	138	39	0	1	0	1	0	2	6	2	0	58	2	7	0	3	1	54	0	4	3	2	0	10	100	0	0
SLC25A13	566	1736	2507	2058	1149	8281	1743	7196	955	2007	746	1900	4406	1801	1123	1606	2312	4253	2017	2634	1603	4066	3002	1062	3011	5004	479	2979	1449	2297
ST7	419	1028	1038	1180	906	1804	1132	1725	903	883	721	1314	1352	1053	1015	1227	1505	1595	1497	1138	630	1068	1436	836	848	1478	551	1033	713	1144
CDC27	889	2412	2011	3073	1335	1235	1894	1389	1751	2254	898	2497	906	2578	2533	1935	2861	731	2555	2544	1657	984	3119	2348	2464	1388	1472	2996	1191	1803
SLC4A1	0	4	1	2	1	2	16	4	5	1	0	4	8	2	0	0	3	12	1	2	1	9	22	1	2	0	2	0	1	4
CALCR	3	7	1	0	1	0	0	1	1	1	0	4	3	1	4	0	73	1	2	4	3	1	1	1	1	1	2	40	0	2
HCCS	681	1049	1267	1958	1903	527	825	686	759	1303	766	780	555	829	910	1435	1096	632	1413	809	1297	397	1945	750	801	577	595	997	565	851
DVL2	721	2691	1251	1660	1129	340	1556	441	2236	2691	951	2750	380	2011	1341	1568	1003	316	1024	796	1412	453	1291	2229	755	265	1627	1187	545	1392
PRSS22	1455	114	1759	227	889	34	1147	21	1181	4910	1714	1062	41	2172	2666	632	1102	40	2320	2417	2516	160	6287	3328	1132	48	10	4368	18	1519
UPF1	3327	5930	4745	4967	5038	2912	8765	3474	7571	9198	5004	6850	2355	5623	5503	4678	6115	2401	5744	4280	6656	2939	7224	6506	7895	2556	5996	7805	4509	5654
SKAP2	1082	2388	1540	1974	909	251	1543	616	3396	3738	809	4103	435	1848	2299	1189	3885	354	1654	2719	1384	373	987	1440	2216	502	1789	4135	281	1786
SLC25A5	7378	9206	8885	17946	23647	8857	6366	11366	9926	8872	6525	7709	6486	13328	9236	13388	12309	5905	17971	12098	14160	5630	11939	8923	21056	6813	5683	8952	8816	10425
CCDC109B	282	415	121	559	398	51	354	39	967	992	214	292	92	585	703	312	146	39	124	417	425	81	287	793	805	64	2388	1330	33	395
HOXA11	0	1	0	35	0	0	3	0	2	2	0	12	0	3	157	1	18	0	1	0	1	1	0	0	4	0	0	11	0	6
POLR2J	574	1801	1549	2093	2047	806	994	1096	1232	2318	4037	1527	851	1027	1350	1160	1636	933	2652	1596	1623	818	1543	989	2511	832	1980	2732	676	1782
DHX33	307	1940	733	1029	759	616	1601	801	1323	1531	529	1858	367	1336	780	1060	639	318	477	699	821	437	1677	1394	711	492	704	719	556	1205
MEOX1	9	57	89	33	22	11	81	4	14	35	75	120	10	117	592	38	43	2	6	46	108	13	82	11	20	2	718	376	7	212
THSD7A	686	221	290	125	56	122	241	116	195	105	69	318	122	199	698	102	69	115	1171	583	240	182	264	210	96	179	57	573	87	196
LIG3	673	1187	662	1861	731	457	1416	454	1105	1726	526	1696	320	1300	700	1622	1527	390	963	787	555	411	2835	861	1605	452	746	1491	672	993
RPAP3	538	918	784	1176	698	517	1032	674	1213	1962	630	1186	384	1813	1468	919	1154	376	985	644	961	380	1800	1048	1091	636	1144	931	558	1021
ACSM3	186	604	998	987	763	5720	2066	4023	304	18312	577	1236	2446	3556	548	332	2260	3098	1752	1164	7624	2834	1613	674	885	3350	135	840	73	1475
AC004381.6	26	109	127	108	124	72	150	120	381	265	94	253	53	76	97	156	454	66	213	188	326	52	99	146	245	58	141	133	183	199
CIAPIN1	1719	2576	2844	2408	6131	723	1823	767	2455	3677	2265	2180	564	1216	2013	2139	3043	500	3228	2195	3124	646	2956	2766	2803	656	1815	1508	1123	2373
SPPL2B	2604	3278	3647	3448	4269	995	3727	1055	5562	5505	5038	4169	884	2287	2246	3162	4288	743	2710	1515	2887	1241	6968	3112	5071	707	8248	3596	1114	3181
FAM214B	1411	473	1542	1210	871	281	876	245	1016	2230	1007	850	224	1380	1277	1204	737	205	985	704	664	353	1364	1422	1769	361	753	2044	594	568
COPZ2	54	72	731	616	204	688	446	667	370	577	357	236	686	341	534	297	784	653	376	304	162	519	342	518	187	621	265	749	139	455
PRKAR2B	46	91	93	254	45	128	248	134	43	78	144	134	152	210	457	113	45	148	22	472	127	140	305	121	43	108	239	401	9	139
MSL3	602	1101	999	1260	723	354	1298	473	1676	1567	658	1675	385	1597	1388	812	589	299	765	758	887	422	2153	938	804	436	3766	1175	460	1208
CREBBP	2294	5500	3733	3295	2431	2140	8407	2625	2859	6912	2584	4893	1724	6231	4332	4824	8665	2086	2089	3876	3876	1877	7768	5725	2882	2062	4185	4262	1629	4035
BZRAP1	665	889	1410	2157	1049	175	2371	191	6106	2846	1004	3180	229	1593	1062	797	315	215	52	349	1029	455	1116	2830	132	227	2361	917	56	1805
MPO	2	1	1	9	2	19	129	4	2	2	4	8	11	4	46	2	1	3	3	15	4	9	48	0	1	3	22	14	11	7
PON1	8	676	3807	292	10	21044	2838	25188	3352	97	5	689	18922	272	25	26	24	10276	16	3661	51	16094	1738	510	1062	26132	2	5	1389	5786
GCFC2	241	876	576	1346	642	1040	1164	1007	1047	1466	617	989	573	1358	687	1156	880	649	889	976	558	573	1453	845	948	676	716	627	387	1134
WDR54	247	500	545	986	843	51	599	57	1170	1266	1662	380	95	878	641	579	661	55	227	447	691	103	482	1672	1126	68	1016	839	48	964
CROT	186	1450	982	562	347	1915	1031	1577	927	955	419	1506	996	778	609	371	1912	1371	533	656	1161	858	1464	727	1686	1152	351	979	667	844
ABCB4	14	675	551	322	24	5516	731	7749	17	11	22	34	2920	23	125	16	66	2633	9	2215	59	3957	1154	19	575	7806	696	91	3493	1637
KMT2E	1899	5760	2072	3038	1062	1040	5696	1093	2967	6694	782	3274	911	4735	3071	3422	3249	777	1504	3111	3214	1062	5474	3216	1759	833	2666	2019	922	2642
