TCGA.AD.6901.01A	TCGA.AA.A01Z.01A	TCGA.A6.2680.11A	TCGA.AA.3977.01A	TCGA.DM.A28G.01A	TCGA.AA.A02O.01A	TCGA.CK.4950.01A	TCGA.D5.6529.01A	TCGA.AD.6964.01A	TCGA.AA.3514.11A	TCGA.AA.3560.01A	TCGA.D5.6923.01A	TCGA.AA.3939.01A	TCGA.AZ.6599.01A	TCGA.AZ.4615.01A	TCGA.CM.6166.01A	TCGA.D5.6931.01A	TCGA.CM.6168.01A	TCGA.DM.A1D0.01A	TCGA.AY.6196.01A	TCGA.D5.6540.01A	TCGA.AZ.6605.11A	TCGA.CM.5861.01A	TCGA.AZ.4323.01A	TCGA.AA.A024.01A	TCGA.DM.A282.01A	TCGA.AA.A00R.01A	TCGA.CM.5348.01A	TCGA.AA.3520.01A	TCGA.D5.6930.01A
LINC01587	0	0	0	0	0	0	0	1	0	0	1	1	0	0	0	0	0	0	0	3	0	5	0	2	0	0	0	1	0	0
AC000111.6	6	2	1	0	9	1	2	4	6	3	2	4	4	4	1	7	2	10	13	0	2	1	0	0	2	4	2	6	0	6
XXbac-B461K10.4	8	0	4	0	10	0	2	5	0	1	0	11	0	3	1	0	1	6	15	8	2	15	2	7	1	3	2	12	1	8
IGF2-AS	13	0	1	0	265	1	3	9	4	1	0	13	0	0	0	30	5	2	3	16	5	4	0	50	1	47	0	6	17	5
TPTEP1	139	47	129	18	15	11	33	91	50	51	17	93	30	3	36	19	52	285	18	489	68	520	11	161	4	46	8	328	32	32
RP11-153K16.2	0	0	0	0	0	0	0	0	0	0	0	0	0	0	0	0	0	0	0	0	0	0	0	3	0	0	0	0	0	0
DLEU2L	11	3	2	0	20	5	14	9	7	4	2	17	3	7	9	6	10	19	17	27	29	17	8	37	0	10	2	18	6	4
RP11-268J15.5	188	39	332	6	71	81	45	104	49	23	35	560	65	50	23	37	169	105	655	124	323	37	78	122	63	290	58	221	31	15
PINK1-AS	191	47	228	92	308	140	439	322	342	351	140	224	64	408	160	258	436	374	463	201	824	213	219	178	132	247	134	292	128	357
C10orf95	60	52	21	15	200	41	130	76	124	53	13	109	26	192	30	79	110	63	41	31	112	6	86	40	63	172	34	37	37	59
SPG20-AS1	3	1	0	1	0	0	1	3	2	0	1	3	2	0	0	0	0	1	4	1	0	3	0	2	1	1	0	3	1	0
LINC00544	0	0	0	0	0	0	1	0	0	0	0	0	0	0	1	0	0	0	0	5	0	0	0	2	0	0	0	0	0	1
KIAA0087	26	0	1	0	23	1	2	0	2	1	2	2	3	21	2	0	4	0	0	3	0	0	0	115	2	1	0	4	3	0
AC105760.3	0	0	0	0	0	0	0	0	1	0	2	1	0	0	0	0	0	0	0	1	0	0	0	0	0	1	0	0	0	0
DKFZP434K028	4	0	23	3	2	2	11	1	3	1	2	0	0	10	13	0	12	0	10	74	23	0	20	1	11	9	0	11	0	12
LINC00029	0	1	0	0	0	0	0	0	11	0	0	0	0	0	0	1	0	0	0	0	0	0	0	51	0	0	0	0	0	0
FAM182A	6	0	4	0	1	1	1	0	2	0	3	1	0	6	1	9	1	0	5	8	0	3	1	4	0	12	0	3	3	0
C20orf187	0	0	0	0	0	0	0	0	0	0	0	0	0	0	0	0	0	0	0	0	0	0	0	0	0	0	0	0	0	0
MMP24-AS1	1745	1112	2211	394	1608	2087	2146	559	1505	2476	717	3033	801	1151	569	1809	887	1536	1965	1693	2051	1441	1367	1608	1039	5089	394	2708	720	1450
C22orf24	7	5	1	6	5	3	6	3	2	7	0	70	0	5	9	9	8	6	4	8	9	6	0	17	2	8	6	28	11	3
TTTY1B	0	0	0	0	0	0	0	0	0	0	0	0	0	0	0	0	0	0	0	0	0	0	0	0	0	0	0	0	0	0
TTTY1	0	0	0	0	0	0	0	0	0	0	0	0	0	0	0	0	0	0	0	0	0	0	0	0	0	0	0	0	0	0
H19	1609	73	338	128	6269	362	479	848	581	50	75	4776	46	4	230	1523	8830	574	244	3354	423	1107	379	20080	102	1014	173	526	173	635
TTTY9B	0	0	0	0	0	0	0	0	0	0	0	0	0	0	0	0	0	0	0	0	0	0	0	0	0	0	0	0	0	0
RP11-798G7.5	0	0	0	0	3	0	1	0	0	0	0	1	0	2	0	0	0	0	1	0	3	0	0	0	0	0	0	1	0	1
TTTY6	0	0	0	0	0	0	0	0	0	0	0	0	0	0	0	0	0	0	0	0	0	0	0	0	0	0	0	0	0	0
TTTY6B	0	0	0	0	0	0	0	0	0	0	0	0	0	0	0	0	0	0	0	0	0	0	0	0	0	0	0	0	0	0
LINC00470	1	5	0	0	1	2	0	1	0	0	0	5	0	0	0	0	71	0	1	0	2	6	0	112	0	1	0	1	6	1
LINC01260	30	3	3	4	6	5	7	37	9	9	2	4	10	2	5	3	45	4	60	18	3	3	0	19	0	1	95	6	7	0
C7orf69	1	1	0	0	0	1	0	2	4	0	0	4	0	1	0	0	4	4	1	9	0	0	0	0	0	0	0	4	0	0
RP11-84C10.2	2	0	1	0	4	4	0	2	1	1	0	0	0	0	0	0	1	3	3	5	0	1	0	1	0	1	0	2	2	1
RP11-809H16.2	0	0	0	0	0	0	0	0	0	0	0	0	0	0	0	0	0	0	0	0	0	0	0	0	0	0	0	0	0	0
ERVK3-1	785	147	657	77	627	289	772	583	322	444	161	662	162	486	256	548	765	488	1008	588	575	304	148	998	87	828	236	517	235	346
AC062028.1	3	0	2	1	0	6	2	5	3	2	0	3	1	1	0	0	3	0	2	1	5	1	1	13	0	5	2	8	0	1
LINC01558	520	19	206	6	65	59	37	84	25	5	60	221	5	13	12	24	30	62	83	55	58	23	46	88	4	98	4	439	17	87
LINC00525	69	0	2	2	11	8	42	36	3	26	15	56	23	2	1	7	23	43	39	6	5	2	0	19	10	28	5	15	9	10
TTTY7	0	0	0	0	0	0	0	1	0	0	0	0	0	0	0	0	0	0	0	0	0	0	0	0	0	0	0	0	0	0
TTTY7B	0	0	0	0	1	1	0	0	0	0	0	0	0	0	0	0	0	0	0	0	0	0	0	0	0	0	0	0	0	0
C20orf78	0	0	1	0	0	0	0	1	0	0	0	0	0	1	0	0	2	0	0	0	0	0	1	0	0	0	0	1	0	0
LINC00266-1	6	0	0	0	0	0	0	0	1	0	0	8	0	0	0	2	0	1	0	4	1	7	3	20	0	0	0	2	0	0
RP11-96C23.13	2	0	42	0	2	1	1	3	1	1	0	3	0	1	4	3	3	0	12	2	0	12	2	4	0	1	0	3	1	3
PART1	36	76	318	28	143	77	46	33	40	37	5	16	100	9	2	219	4	68	57	87	3	94	83	173	61	538	1	150	105	5
LINC00467	268	33	293	97	358	58	192	130	335	200	76	300	127	771	359	108	224	245	538	242	641	106	868	208	139	411	122	858	100	365
RP11-66N24.4	44	17	14	5	82	30	14	31	43	12	7	49	1	48	11	26	36	28	140	65	37	16	2	61	9	94	8	46	3	14
C1orf147	19	4	3	0	10	9	14	23	15	7	7	30	0	7	3	7	20	11	13	14	18	4	3	19	5	6	3	24	9	4
AC007364.1	3	0	2	0	0	1	0	0	0	0	0	0	0	0	0	0	0	0	3	1	0	0	0	2	0	0	0	1	0	1
C2orf48	7	10	7	1	37	5	11	25	9	6	15	69	5	34	56	17	15	9	138	51	83	3	6	43	4	27	27	40	35	14
LINC01116	112	59	93	12	39	25	146	635	62	75	11	105	236	67	33	303	41	178	20	130	64	331	94	210	17	73	21	140	360	106
SNHG16	718	799	454	302	1215	700	1167	1915	826	602	684	1651	719	1107	521	1006	1000	1346	1640	494	1258	627	733	948	401	1527	649	551	501	1059
IGF2BP2-AS1	1	0	9	0	1	1	5	0	3	3	0	3	1	2	0	5	0	0	7	12	6	1	0	0	1	8	1	2	0	1
SMAD5-AS1	3	0	1	0	3	0	2	4	1	1	0	2	0	8	2	3	0	3	0	1	4	3	1	0	0	4	0	0	0	1
C10orf25	32	26	98	9	93	13	58	95	115	58	69	105	18	144	36	73	66	60	82	124	111	142	94	102	39	50	2	83	41	92
ZNF667-AS1	137	11	245	13	40	23	67	112	76	88	30	140	19	10	20	45	55	180	21	194	43	799	22	251	13	63	19	160	32	48
MIR202HG	1	0	4	0	0	0	2	0	0	1	0	0	2	0	0	0	0	0	0	0	0	0	0	1	0	1	0	0	0	0
RP11-93B14.6	152	52	13	3	11	10	18	3	3	18	12	22	5	28	11	5	2	15	44	42	5	2	6	19	13	23	4	55	14	4
LINC00483	513	67	4028	56	260	145	1676	849	10	2818	116	370	361	191	126	177	612	223	1021	45	52	200	125	206	302	395	5	106	138	198
AC104389.28	1	9	5	10	1	0	0	0	6	0	0	0	0	12	0	18	2	0	1	1	0	1	0	1	0	0	0	0	0	0
LINC00905	0	0	0	0	0	0	1	0	0	0	0	0	0	0	0	0	0	0	0	0	1	0	0	0	0	0	0	0	0	0
RP11-25K19.1	20	5	134	26	212	117	153	141	130	110	51	26	37	383	54	22	65	68	60	98	116	244	34	226	35	160	14	31	49	140
LINC00917	0	0	0	0	1	0	0	0	0	0	0	1	0	0	0	1	0	0	0	0	0	0	0	2	0	0	0	0	0	0
RP11-262H14.4	72	15	19	4	14	11	36	22	58	23	5	24	2	29	4	18	16	33	15	23	14	19	7	50	9	42	0	12	2	14
LINC00266-3	1	0	0	0	0	0	0	0	0	0	0	1	0	0	0	0	0	0	0	0	0	0	0	0	0	0	0	0	0	0
AC093323.3	565	457	580	224	999	146	488	473	566	394	288	978	164	709	257	462	424	535	901	531	900	875	782	760	252	811	129	611	372	754
TPT1-AS1	1130	67	644	80	424	167	211	373	143	206	105	502	133	442	132	207	335	407	1454	467	368	395	90	435	109	480	72	936	219	133
LINC00208	0	0	0	0	0	0	0	0	0	0	0	0	0	0	0	0	0	0	0	0	0	0	0	0	0	0	0	0	0	0
SHANK2-AS3	0	2	0	0	0	0	0	0	0	0	0	0	0	0	0	1	0	0	0	1	0	0	0	0	0	1	0	0	0	0
MIR31HG	3	0	62	0	0	0	1	4	3	0	0	5	2	39	8	0	8	3	0	0	21	1	6	10	7	1	3	8	22	13
SERHL	28	11	6	5	47	9	9	4	66	32	4	44	3	16	6	7	41	5	40	10	15	34	10	55	9	30	13	36	21	20
MIR4435-1HG	1080	265	151	179	456	406	665	647	807	277	288	1337	426	160	392	613	501	1116	860	866	1088	118	413	517	114	771	409	964	573	751
CMB9-22P13.1	43	58	71	2	32	7	58	62	26	87	28	64	18	10	36	25	32	60	12	105	54	77	46	112	11	61	10	54	13	59
CCDC13-AS1	6	2	7	5	3	2	4	4	4	8	1	6	3	9	0	4	6	3	7	6	14	17	2	11	2	6	1	17	1	7
RP11-89N17.1	5	0	0	0	2	2	0	1	1	2	0	4	0	1	1	2	0	2	0	3	4	0	0	1	0	2	0	5	0	0
RP11-97O12.7	14	1	12	3	13	0	2	10	3	1	4	3	1	12	3	6	11	6	10	7	10	16	4	13	2	10	2	17	1	9
RP11-23P13.6	670	25	19	6	365	160	5	63	3	0	7	248	30	4	2	30	14	51	95	38	5	8	13	58	6	280	11	8	206	3
SNHG11	756	314	423	112	483	524	582	601	412	195	505	1020	225	342	148	451	227	302	803	447	263	188	136	602	134	1201	170	924	241	229
C20orf166-AS1	1	0	133	0	15	1	5	4	0	14	1	4	0	6	1	8	8	45	3	2	3	826	0	382	0	12	1	58	7	4
MIR1-1HG	0	0	7	0	0	0	1	0	0	0	0	0	0	0	0	0	0	2	0	0	0	36	0	8	0	1	3	0	0	0
GRIK1-AS1	1	0	6	0	1	0	0	4	1	2	0	5	0	0	2	0	1	3	2	4	1	2	0	4	0	0	0	2	0	1
LRRC75A-AS1	17094	3657	10793	2778	42905	6456	17341	16800	19740	10439	9522	10521	23608	28790	7459	12382	13772	15344	13298	6145	10911	7045	21262	11908	5608	16074	5210	10983	11966	13483
TMEM51-AS1	231	71	162	11	205	93	104	165	55	118	62	160	36	200	42	87	127	136	262	526	212	116	65	121	48	92	34	447	73	67
RP11-276H1.3	0	3	0	0	1	5	0	1	1	0	1	2	0	0	1	1	1	1	0	1	1	0	0	2	1	5	2	2	0	0
LINC00476	211	74	203	35	181	46	119	106	175	170	72	89	121	194	38	132	134	189	190	135	123	145	105	207	52	150	38	157	128	130
LINC00521	0	0	0	0	1	0	0	3	0	0	0	0	0	0	0	0	1	0	0	0	1	0	0	1	0	0	0	2	0	0
C15orf54	0	2	0	0	2	0	2	3	4	1	0	17	0	0	0	0	1	5	3	2	5	0	0	0	0	0	1	2	1	2
LINC01106	150	10	29	21	165	18	104	102	91	70	10	93	10	41	14	175	73	67	143	49	88	10	21	41	8	355	24	90	36	47
RP11-121M22.1	1	9	18	0	18	10	5	17	13	5	3	17	2	39	4	11	7	7	7	19	8	13	9	8	5	16	6	22	7	1
RP11-544L8__B.4	1	0	1	0	1	0	1	1	0	0	0	2	0	0	2	0	1	3	0	3	1	8	0	5	0	1	0	4	0	0
LINC00302	0	0	0	0	0	0	0	0	0	0	0	0	0	0	0	0	0	0	0	0	0	0	0	0	0	0	0	0	0	0
C10orf111	9	1	15	2	11	2	9	6	10	12	3	11	6	14	10	10	13	7	15	14	9	4	3	33	4	10	2	9	6	6
RP11-404O13.5	0	0	1	0	0	0	2	2	0	4	0	3	0	0	0	1	0	2	0	4	2	1	0	2	0	0	0	7	0	0
AC110781.3	3	3	0	0	0	0	0	2	0	0	0	1	0	0	0	1	2	2	0	3	0	0	0	80	0	2	1	1	0	0
RP5-856G1.2	2	0	0	0	1	0	0	2	0	0	0	12	0	2	0	3	0	2	1	1	4	0	2	0	0	1	0	0	0	0
CTD-2368P22.1	305	4	80	9	97	6	31	40	52	58	2	165	6	3	8	15	40	67	192	166	16	247	7	498	5	223	15	287	49	15
C20orf197	5	0	1	0	1	1	3	4	2	2	0	8	0	0	1	3	3	10	1	18	2	0	1	12	0	2	1	9	1	2
TTTY14	33	6	0	16	2	4	0	12	11	1	1	7	11	8	6	0	31	0	0	38	5	110	0	98	0	0	0	16	0	13
C15orf56	3	0	6	0	21	13	16	5	10	2	1	12	0	16	3	24	3	12	3	13	9	3	12	21	4	21	12	13	3	11
LINC00303	1	0	2	0	5	1	0	0	1	0	2	1	2	0	0	0	1	0	0	0	0	1	0	3	0	3	0	0	0	0
MIR7-3HG	0	0	7	0	0	5	1	2	0	3	0	2	0	0	0	0	3	0	0	0	0	0	0	676	0	0	0	39	3	0
RP11-334J6.7	0	0	0	0	0	0	0	0	0	0	0	0	0	0	0	0	0	0	0	0	0	0	0	0	0	0	0	0	0	0
TYMSOS	6	77	85	44	61	33	107	37	48	102	1	23	27	61	95	25	45	65	30	20	66	13	65	37	36	73	185	23	51	83
