TCGA.AD.6901.01A	TCGA.AA.A01Z.01A	TCGA.A6.2680.11A	TCGA.AA.3977.01A	TCGA.DM.A28G.01A	TCGA.AA.A02O.01A	TCGA.CK.4950.01A	TCGA.D5.6529.01A	TCGA.AD.6964.01A	TCGA.AA.3514.11A	TCGA.AA.3560.01A	TCGA.D5.6923.01A	TCGA.AA.3939.01A	TCGA.AZ.6599.01A	TCGA.AZ.4615.01A	TCGA.CM.6166.01A	TCGA.D5.6931.01A	TCGA.CM.6168.01A	TCGA.DM.A1D0.01A	TCGA.AY.6196.01A	TCGA.D5.6540.01A	TCGA.AZ.6605.11A	TCGA.CM.5861.01A	TCGA.AZ.4323.01A	TCGA.AA.A024.01A	TCGA.DM.A282.01A	TCGA.AA.A00R.01A	TCGA.CM.5348.01A	TCGA.AA.3520.01A	TCGA.D5.6930.01A
TSPAN6	3740	2673	3518	1754	8013	2697	8357	8324	3624	8777	3773	16064	5439	4501	2349	10361	5040	643	11189	1224	1232	897	1927	1698	2746	19456	2068	1244	2910	2170
TNMD	214	0	22	18	99	5	37	67	39	83	40	65	53	18	1	44	40	17	167	986	0	18	0	4	70	433	26	4	7	1
DPM1	1903	545	1678	692	1894	444	2278	2046	1055	1477	455	5184	1556	932	960	2930	1461	2476	4467	1345	1398	816	714	2746	356	3532	492	1788	968	1144
SCYL3	540	152	881	211	1118	211	835	916	568	877	216	1107	523	650	303	487	796	804	1110	953	719	528	746	732	214	771	213	1131	415	358
C1orf112	246	120	110	151	410	158	697	682	171	368	202	1068	263	209	173	336	757	496	721	334	522	111	420	542	72	449	252	350	347	320
FGR	411	16	228	66	90	75	687	881	549	452	79	559	66	33	190	55	305	962	52	1422	491	181	63	888	23	99	404	1595	191	199
CFH	2669	74	2289	205	364	152	1101	1984	1701	2613	244	2866	320	149	861	482	1375	3958	517	3728	9401	1332	425	2530	72	465	406	2091	963	863
FUCA2	2952	1709	4125	1005	4556	1890	6829	3453	2621	4380	1941	6888	1526	4049	4340	3020	4061	4213	6585	1960	5040	1439	3373	2215	1622	4950	2417	3635	2216	4160
GCLC	2076	828	2977	613	4006	555	2676	1752	1201	2449	813	4729	603	759	1467	1952	2329	3023	7084	1554	1070	2123	952	1410	586	2499	562	2261	1130	1492
NFYA	1865	435	964	530	1787	607	2282	1540	910	1412	536	2639	429	1578	948	1717	1536	2062	2410	1286	1392	663	1392	1725	482	1785	575	2434	1026	1147
STPG1	276	149	1273	100	618	185	912	330	214	1119	104	318	168	518	183	339	443	617	1567	290	355	540	334	482	268	280	160	601	325	360
NIPAL3	1572	1018	5003	320	2242	1011	3337	1709	1130	3782	1020	1912	635	2024	738	1015	1739	2679	3416	2121	1812	3865	1616	1760	908	858	625	2683	1255	1747
LAS1L	3528	2024	1360	494	2494	3262	4166	3009	1714	1681	966	8959	899	1809	1174	4473	7463	2055	3797	1442	2163	1340	1263	2778	600	6012	1521	1166	1022	2235
ENPP4	1113	216	1702	528	1892	207	1429	1276	966	2762	273	1274	585	1710	892	810	1108	1799	2028	948	949	1343	1237	767	562	1568	209	1411	728	886
SEMA3F	1631	870	1362	227	2870	1142	2505	788	1995	747	603	2734	291	6488	207	596	1939	1209	882	1771	991	884	898	2366	911	1574	484	593	1352	1231
CFTR	8712	4089	3348	2785	14195	6013	9478	9936	3565	8439	5039	12106	4622	4044	655	6514	4682	28202	11411	13	1293	930	583	557	3078	9612	1297	8121	3563	675
ANKIB1	1706	531	2852	601	2441	596	3059	2992	1467	1975	646	5433	836	2452	1392	1785	2474	4609	3274	2015	1980	2143	1238	2277	617	2302	324	8043	1113	1532
CYP51A1	287	268	464	74	521	196	1607	541	211	417	70	1248	201	433	422	248	1453	930	337	118	462	122	222	140	163	250	37	1294	267	396
KRIT1	1151	322	1208	280	1482	340	1694	1557	845	955	349	2269	344	1240	569	1120	1256	2231	1831	1041	1178	1135	729	1420	272	1309	400	5772	504	547
RAD52	284	110	312	100	478	283	618	596	191	460	128	725	147	443	125	354	542	479	969	253	424	329	134	843	104	382	189	346	162	209
BAD	1075	733	2250	308	1162	761	2014	1218	1158	1932	200	1467	605	1350	925	1024	1037	1021	1709	1028	1379	1661	716	938	934	1477	556	1028	1424	1548
LAP3	4831	1864	5366	1182	3747	1828	7779	5838	6234	41159	2675	6984	1664	2656	8463	2386	5394	7747	5053	7866	3739	2369	3629	4995	1175	3107	6590	3922	3116	5171
CD99	11056	702	11510	2313	6783	4300	11439	8130	8302	6729	3867	7173	2870	8640	9944	9844	4989	7897	9920	10055	8019	15470	5618	8763	2319	16388	4387	6448	5919	9833
HS3ST1	253	193	340	216	487	524	1036	706	527	308	122	1051	318	1091	246	306	735	627	508	744	1424	122	645	315	560	679	370	490	373	789
AOC1	3325	2646	109825	1059	10268	9274	33205	9386	7028	45031	2547	5318	4188	25727	5793	2905	9112	8682	9165	2514	6994	3569	3620	5532	10452	12583	230	10885	6450	8856
WNT16	2	0	18	5	11	2	7	1	16	4	0	6	3	3	1	2	5	25	1	19	3	70	1	25	0	0	15	29	2	4
HECW1	25	19	27	5	47	6	32	179	62	33	14	282	17	4	28	48	91	271	20	114	22	41	9	116	3	29	6	68	43	64
MAD1L1	1645	833	929	248	1125	1165	1978	1490	984	1285	238	2752	267	1076	790	882	1433	1435	1762	1108	1079	912	681	2283	478	1491	573	2791	543	1788
LASP1	15999	2961	59450	2976	13230	17347	32238	20391	11818	41314	4488	25696	4220	13740	6596	14360	23600	16876	14837	12772	17260	6891	9895	12352	5383	17155	7995	24746	6565	15568
SNX11	749	155	1217	309	879	498	1821	1286	947	1726	573	1438	561	692	762	948	1069	983	1729	937	1327	1064	543	1263	401	1086	475	1216	608	740
TMEM176A	12583	4282	29081	872	9800	6178	5497	10505	3558	12544	14820	16681	4221	9561	1045	5028	4917	3911	5886	5318	2898	1792	4996	5428	2839	13348	1013	22628	5284	4864
M6PR	2982	1199	2695	871	3002	2360	6963	8547	2579	2877	1788	6148	1648	3170	2262	2333	6498	5257	4991	2566	3545	2322	1984	5505	830	2094	1337	3413	1715	3202
KLHL13	34	195	575	45	307	401	169	1743	68	196	320	36	7	395	98	229	51	243	60	79	10	680	59	296	149	665	15	162	441	208
CYP26B1	201	20	436	52	28	17	361	280	56	220	28	1235	20	66	19	46	150	131	17	1063	256	210	27	1587	9	4	47	113	43	256
ICA1	4902	1205	1231	559	4102	2005	4695	1781	1328	1455	1864	4259	714	6218	1858	1993	1222	2869	5585	1573	3297	286	3713	2063	1407	3668	850	8974	1256	2981
DBNDD1	1613	812	178	172	1598	429	527	573	706	139	377	1683	134	306	846	566	612	1733	4596	196	950	189	1237	1933	483	2085	585	1002	668	460
ALS2	975	209	1688	135	880	344	1500	1391	709	482	226	1744	213	1036	842	708	1507	1108	1407	988	1201	792	645	1439	326	833	435	964	337	767
CASP10	1170	336	2129	374	1017	575	3530	3017	979	7883	656	1758	501	1307	2106	448	2212	1345	1788	1745	2443	531	1016	1137	632	925	1808	2533	880	1153
CFLAR	5338	938	7113	764	3982	1195	5945	6094	3007	7051	899	6903	757	4037	2212	2342	4353	5932	4498	7090	4399	3668	1937	5872	1102	3873	2050	6800	1575	2509
TFPI	456	76	2542	150	245	103	689	1346	357	435	91	1848	374	101	362	582	702	1326	201	1917	1467	1688	1421	1362	28	430	151	945	294	410
NDUFAF7	671	154	430	175	693	168	918	587	324	349	175	1004	223	354	381	604	527	693	1068	493	506	515	263	712	150	749	235	602	326	328
RBM5	6485	966	3223	454	4838	1751	2783	3457	2744	2843	1755	4365	734	5014	1112	1282	3461	3955	6677	3264	3788	3156	1206	4551	1070	3726	1426	3969	1388	1995
MTMR7	15	7	99	4	36	7	41	56	20	62	6	25	27	19	28	16	24	38	30	26	55	81	82	70	7	35	19	44	7	14
SLC7A2	169	95	369	74	45	650	151	114	91	112	105	147	47	105	38	30	70	458	47	745	1591	707	1203	1005	7	28	30	276	43	138
ARF5	6720	5351	7813	1441	5785	5436	11440	7020	3971	5593	4023	8282	3446	5285	3128	4065	4601	6266	11733	4035	6030	3406	4262	7780	2988	8929	2843	8203	3968	4778
SARM1	265	41	573	39	511	432	585	462	270	258	83	647	53	385	90	248	447	522	538	327	293	440	189	907	138	232	181	638	98	325
POLDIP2	3782	2159	6349	1783	7117	8558	9568	7582	4289	6607	2686	9561	3007	4115	3505	7492	5998	6520	18298	2729	5842	4332	4386	4815	2351	7609	3443	4668	2322	5577
PLXND1	4742	864	1923	540	1499	1316	4614	4894	4643	1539	471	8352	344	6189	1331	1295	5236	6514	4963	11808	4943	3176	1906	7340	709	1432	2724	5555	1416	5750
AK2	3336	2210	10142	2395	7497	2632	9005	4773	4019	8959	2793	9877	3428	3764	4379	5093	5983	7234	13505	2855	5781	2827	3642	4452	1737	7799	4233	3713	4474	5553
CD38	88	19	348	69	135	20	730	689	669	1145	51	79	69	37	142	8	352	216	3	1595	31	48	16	1388	6	20	348	95	113	275
FKBP4	7887	4414	6112	3407	8333	7264	14899	20885	6959	7143	5483	17035	5309	7355	6030	5103	13509	10004	33052	1658	10777	3599	8290	17601	2993	7413	6089	7281	4192	9497
KDM1A	4874	2650	3199	1998	9657	4166	7505	5920	4248	3555	3542	5421	1848	4432	4104	3510	7194	6931	9348	2384	4912	2700	2765	5091	2131	4173	2944	6323	3666	4616
RBM6	6629	1041	3424	416	5047	1452	2506	2791	2209	1894	758	5778	576	3651	902	2724	3357	3384	9543	3509	3831	2212	966	7428	824	6513	1370	3348	1195	1877
CAMKK1	459	355	353	185	1330	676	879	1429	665	290	185	1315	265	803	193	228	798	1115	733	415	717	1189	667	1053	254	607	217	611	124	1002
RECQL	776	127	617	254	704	249	1457	2058	528	901	237	1701	282	554	492	606	1586	2119	636	1076	795	1158	405	1416	116	355	433	1329	555	603
CCDC132	996	180	946	257	1064	220	1669	1411	1235	1350	443	2031	472	921	785	675	897	1704	1653	696	901	1039	549	887	323	887	322	4546	541	689
HSPB6	663	85	6466	26	128	27	88	60	86	734	16	713	14	81	19	270	40	1103	39	2864	72	38116	70	1940	8	156	60	1615	49	90
ARHGAP33	509	271	112	82	352	518	256	442	207	125	23	554	78	793	154	351	346	403	1607	430	492	196	63	1677	51	1231	297	593	143	86
NDUFAB1	1908	2046	4511	1319	3325	1465	4674	1900	2260	4164	1129	3760	3260	2109	2343	1994	2024	2722	5992	1187	2357	2275	1889	2392	688	3641	2927	1778	2799	3017
PDK4	3070	33	14603	75	380	102	6040	300	849	4313	121	654	203	759	144	256	352	1839	1587	7399	439	7684	966	1852	335	348	51	3376	247	186
SLC22A16	4	0	4	2	0	3	5	7	1	2	1	3	1	2	0	3	2	7	4	6	1	1	1	8	1	4	0	8	5	5
ZMYND10	14	8	11	0	13	12	27	15	15	14	23	29	3	38	8	4	34	18	71	31	54	21	16	117	16	7	26	54	18	28
ABCB5	41	4	5	3	0	0	0	25	6	8	0	2	2	6	0	0	1	48	2	71	1	206	2	13	3	1	1	20	1	0
ARX	1	0	47	4	3	57	7	1	0	17	4	5	5	217	15	1	9	13	0	8	16	3	24	67	40	4	1	247	15	10
SLC25A13	1116	465	2039	706	1920	730	3276	1960	940	2827	902	3077	851	1135	634	847	2170	3076	1874	960	1134	553	924	1262	626	1321	618	6205	1157	812
ST7	976	581	1183	398	1054	783	1852	1261	580	811	1025	1990	579	1260	960	1019	1042	1950	1422	859	1017	906	1090	974	400	1434	616	1486	754	1219
CDC27	1279	322	2040	799	2648	402	3413	3464	1541	3138	268	3742	809	1747	2060	3488	2735	3502	5518	2293	2638	2195	2004	4351	500	2740	1343	2827	879	2011
SLC4A1	3	5	21	1	0	0	3	5	1	0	0	2	0	0	1	0	4	1	2	73	1	13	0	7	0	0	0	1	0	0
CALCR	4	0	10	0	13	0	3	8	5	2	1	1	3	23	0	6	5	10	27	17	2	1	0	11	5	0	1	350	0	3
HCCS	1756	1090	2238	497	1473	723	3175	1901	813	3248	752	2502	1108	982	1519	1585	1472	1474	2143	941	1240	913	1052	1087	613	2780	708	819	989	1043
DVL2	1392	569	1361	314	1883	1048	2142	2196	1491	1239	370	1685	431	1406	807	773	1992	1665	1208	1042	1724	1810	741	1711	441	873	627	2014	489	1370
PRSS22	1168	290	17	192	1180	1506	280	1267	318	39	72	1452	142	288	657	445	458	750	765	1426	3093	11	802	123	497	931	218	3581	294	394
UPF1	7419	3578	6834	1289	7271	6574	13840	11285	6516	8624	1295	11381	1479	9805	3685	6147	10187	8214	12037	6191	8042	5816	4355	7076	3065	6173	3605	7626	3439	7768
SKAP2	2927	618	4519	278	2403	464	3799	2563	1761	4025	689	3088	859	2196	1490	1446	1829	3179	3394	1960	2273	1446	1222	2379	740	1530	628	7065	1215	1417
SLC25A5	12515	21938	81056	9394	25198	29850	85688	36090	12751	62582	23781	66853	34075	13839	16409	22307	66979	21731	24415	7222	16358	12450	13038	20159	9924	33620	20323	16218	19148	23754
CCDC109B	703	144	423	522	216	249	1497	556	795	1225	408	593	304	496	1443	337	397	926	494	967	1471	351	1287	1290	137	339	1350	772	224	1188
HOXA11	1376	558	24	105	776	410	944	579	227	471	568	1162	260	573	531	869	540	889	1224	199	428	2991	837	714	232	1555	66	639	437	788
POLR2J	1808	769	1621	364	1488	1605	3292	1983	1096	1652	544	2210	948	1527	568	1361	1334	1675	4489	1001	1762	915	934	1393	669	2763	588	4098	897	1219
DHX33	1100	569	743	563	2234	820	1789	2518	1124	922	374	5526	541	1751	776	798	2750	3164	1356	817	1363	846	917	1569	385	1198	669	1239	371	1514
MEOX1	129	6	340	16	20	11	126	209	44	124	56	379	36	5	5	35	61	193	2	426	74	428	2	533	8	15	90	59	73	95
THSD7A	134	5	101	4	37	14	111	121	130	64	6	83	5	55	35	37	54	300	59	437	51	496	62	344	8	29	18	226	17	112
LIG3	929	756	1039	279	1479	2008	2515	1716	1185	1265	585	3222	500	1665	599	1942	1914	1821	1629	819	1709	1312	979	1577	476	1737	700	1612	557	710
RPAP3	881	283	996	503	1780	379	1994	1815	970	973	216	2277	837	961	994	1985	2040	1900	2978	873	797	1110	934	1677	375	1609	500	1353	744	1202
ACSM3	276	345	412	542	1927	746	4888	725	1044	3001	239	431	439	1494	170	438	2791	724	1050	199	176	246	323	427	573	1253	187	304	176	625
AC004381.6	114	52	165	152	206	129	306	121	243	255	121	303	62	439	200	112	233	187	358	279	410	113	287	269	46	248	239	312	117	266
CIAPIN1	2360	1461	2204	882	2928	1244	3691	2162	1992	2431	2900	3216	1343	2015	1758	2714	3326	2607	4605	1645	2049	1223	1531	2361	970	2679	1211	2471	2158	2492
SPPL2B	4028	2467	5480	526	4099	6444	4264	2047	1892	2670	223	3869	809	5475	988	2478	4279	1899	8428	2487	3093	1354	1281	2757	1698	5649	964	3281	1697	1574
FAM214B	4009	522	2307	159	964	324	1868	1224	753	2101	284	1319	472	702	538	262	951	1247	1843	1611	908	1128	671	946	1030	1731	277	1178	563	494
COPZ2	645	55	400	56	117	67	174	407	372	121	93	594	96	85	189	175	189	459	111	1059	217	1425	198	294	36	362	87	1005	219	378
PRKAR2B	546	33	1355	385	82	16	595	555	672	949	34	732	120	344	620	128	350	567	22	3191	77	1035	1161	1633	24	130	57	445	165	695
MSL3	1684	548	976	378	1321	669	1959	1777	1012	1206	446	1436	711	771	749	1294	1536	1560	1548	2166	1312	905	1061	1961	310	2121	541	987	594	737
CREBBP	5010	2571	6447	574	4109	1767	5870	5636	2746	5055	775	8358	630	5353	1918	2853	5809	6069	4730	4620	4700	6883	2684	7004	1302	4017	1964	7813	1806	3452
BZRAP1	728	73	421	49	1963	578	167	286	784	161	39	880	111	318	81	2172	352	5325	381	769	700	688	96	1382	95	188	463	910	73	976
MPO	6	1	7	3	9	10	4	10	12	4	3	16	3	0	7	5	5	15	9	29	3	20	3	36	1	1	4	23	7	4
PON1	1	0	56	1	9	26	18	0	2	0	48	1	4	20	0	5	0	4	3	18	11	4	19	44	0	3	0	263	10	10
GCFC2	428	243	703	125	1245	131	1139	988	497	485	94	958	210	650	403	1159	779	860	1648	608	689	572	480	856	118	977	453	518	371	611
WDR54	428	353	270	144	505	663	519	621	588	228	308	594	190	363	485	291	302	492	553	356	1229	207	425	1461	160	384	407	757	214	607
CROT	461	140	3769	160	681	283	1742	979	283	1551	205	757	338	478	420	383	413	841	1100	386	268	959	402	392	177	758	26	2179	298	293
ABCB4	99	13	92	17	111	32	98	105	48	65	17	163	32	47	30	56	61	149	32	62	15	52	54	268	16	132	10	314	60	46
KMT2E	3320	798	4788	1120	5492	1334	4735	5011	2355	6715	1174	6535	746	4469	1520	2844	3407	6176	5365	4106	3402	4932	2252	4539	919	4853	1029	3378	1307	1696
