TCGA.GS.A9TU.01A	TCGA.GR.7353.01A	TCGA.GS.A9TY.01A	TCGA.G8.6914.01A	TCGA.GR.A4D6.01A	TCGA.G8.6325.01A	TCGA.FA.A86F.01A	TCGA.FF.8061.01A	TCGA.FA.A82F.01A	TCGA.G8.6907.01A	TCGA.FF.8047.01A	TCGA.FF.8043.01A	TCGA.FF.8046.01A	TCGA.FF.A7CQ.01A	TCGA.G8.6906.01A	TCGA.GS.A9TZ.01A	TCGA.FA.A7DS.01A	TCGA.FA.A4BB.01A	TCGA.FA.8693.01A	TCGA.VB.A8QN.01A	TCGA.FF.A7CX.01A	TCGA.G8.6324.01A	TCGA.FA.A6HO.01A	TCGA.FA.A6HN.01A	TCGA.FA.A7Q1.01A	TCGA.GR.7351.01A	TCGA.FF.8041.01A	TCGA.GS.A9TW.01A	TCGA.FF.A7CW.01A	TCGA.RQ.AAAT.01A
ENSG00000082929.7	1	0	0	1	0	1	0	0	1	0	0	0	1	1	0	0	0	0	0	0	1	2	0	2	0	0	0	0	1	0
ENSG00000083622.8	0	0	0	2	0	0	0	0	0	0	0	0	0	0	0	0	0	0	0	0	0	0	0	0	0	0	0	0	0	0
ENSG00000093100.13	36	5	28	2	36	11	9	2	26	9	11	120	1	90	5	265	45	14	9	20	184	10	5	12	28	10	82	87	14	37
ENSG00000099869.7	0	2	0	1	0	0	0	0	0	0	0	0	0	0	0	0	0	0	1	0	1	1	0	1	0	0	0	0	0	0
ENSG00000100181.20	2144	25	29	63	20	45	236	35	21	14	13	57	28	6	61	51	35	187	102	55	52	21	105	51	58	38	40	38	15	52
ENSG00000115934.11	0	0	0	0	0	0	0	0	0	5	0	0	0	0	1	0	0	0	0	0	0	0	0	0	0	0	0	0	0	0
ENSG00000116652.6	34	1	1	10	1	1	5	0	2	1	7	3	0	27	1	21	15	1	1	17	51	2	8	14	4	1	2	20	6	3
ENSG00000116883.8	108	30	53	154	828	70	279	62	328	111	543	132	310	71	174	80	40	216	48	198	159	516	575	37	331	62	43	130	161	39
ENSG00000117242.7	240	79	143	152	162	113	377	105	253	110	88	217	48	220	155	182	138	120	148	94	142	157	213	151	294	165	62	242	135	95
ENSG00000120055.7	19	6	1	11	7	4	38	6	32	1	5	6	9	27	7	29	15	12	16	28	80	4	35	28	38	13	4	38	7	8
ENSG00000120664.9	0	4	0	0	1	2	1	0	0	0	0	3	3	1	1	1	0	4	1	1	1	2	2	3	0	1	0	1	1	0
ENSG00000122043.9	13	7	6	3	3	1	10	9	1	0	2	0	2	2	2	3	0	4	14	1	0	5	2	12	0	3	4	5	0	0
ENSG00000122548.5	3	1	2	0	1	0	1	1	10	0	3	3	1	0	2	0	1	1	1	1	2	2	2	0	0	0	1	1	0	0
ENSG00000124835.2	0	0	0	0	0	0	0	0	0	1	1	3	0	0	0	0	0	1	0	0	1	0	0	0	0	0	0	1	0	0
ENSG00000124915.9	1	1	45	0	0	21	0	2	0	0	4	0	3	0	0	0	0	0	1	1	0	0	2	6	0	0	3	1	1	2
ENSG00000125514.8	1	139	0	0	1	10	0	0	0	0	7	0	0	0	0	2	0	0	0	0	0	0	0	0	0	0	0	0	0	0
ENSG00000125804.12	1	2	0	0	0	2	0	2	1	0	0	0	2	0	1	1	0	0	0	0	0	0	0	3	1	0	0	0	1	10
ENSG00000125899.7	0	0	0	0	0	0	0	0	0	0	0	0	0	0	0	0	0	0	0	0	0	0	0	0	0	0	0	0	0	0
ENSG00000126005.14	869	3450	1274	1616	1742	2148	1442	1253	1969	1424	2524	3809	801	1044	2404	1106	768	1117	2391	1307	1039	1849	2224	1997	1253	2690	2047	1446	1884	1047
ENSG00000128254.12	17	6	6	4	8	1	12	3	7	1	13	4	8	22	11	8	15	7	7	9	7	5	6	5	9	4	5	15	4	9
ENSG00000129816.5	0	0	0	0	0	0	0	0	0	0	0	0	0	0	0	0	0	0	0	0	0	0	0	0	0	0	0	0	0	0
ENSG00000129845.5	0	0	0	0	0	0	0	0	0	0	0	0	0	0	0	0	0	0	0	0	0	0	0	0	0	0	0	0	0	0
ENSG00000130600.14	270	1369	19	821	545	20	46	36	539	14	243	24	711	47	75	82	138	85	102	168	1743	95	38	44	500	34	244	36	322	1
ENSG00000131007.8	0	0	0	0	0	0	0	0	0	0	0	0	0	0	0	0	0	0	0	0	0	0	0	0	0	0	0	0	0	0
ENSG00000131484.4	3	0	0	0	0	0	3	0	0	0	0	0	0	0	1	2	0	2	1	4	0	0	1	0	0	0	0	0	1	0
ENSG00000131538.7	0	0	0	0	0	0	0	0	0	0	0	0	0	0	0	0	0	0	0	0	0	0	0	0	0	0	0	0	0	0
ENSG00000131548.7	0	0	0	0	0	0	0	0	0	0	0	0	0	0	0	0	0	0	0	0	0	0	0	0	0	0	0	0	0	0
ENSG00000132204.12	1	6	0	4	1113	5	3	0	3	8	4	1	10	0	5	2	0	0	7	2	0	1	0	0	0	2	0	0	1	0
ENSG00000132832.8	60	44	147	106	195	58	179	34	276	12	401	12	60	77	68	180	66	79	110	110	72	7	108	43	59	7	176	271	38	103
ENSG00000136275.9	10	2	0	1	0	0	0	0	0	3	3	3	0	0	132	0	5	0	1	1	13	2	52	0	22	0	0	0	0	20
ENSG00000136315.4	0	0	0	0	0	0	0	0	2	2	0	0	0	2	0	0	1	0	1	0	0	0	2	1	0	0	0	1	2	2
ENSG00000137808.12	0	0	0	0	0	0	0	0	0	0	0	0	0	0	0	0	0	0	0	0	0	0	0	0	0	0	0	0	0	0
ENSG00000142396.9	1153	598	373	463	571	445	2875	388	1015	309	907	859	253	1094	901	1075	971	349	1173	674	1369	497	1164	780	851	286	635	917	687	432
ENSG00000145063.13	5	0	4	1	3	4	25	2	4	26	2	10	0	5	15	3	18	5	4	16	10	3	14	6	1	0	4	1	2	12
ENSG00000146521.8	139	11	2	9	22	10	5	3	10	3	4	3	7	1	4	8	454	6	11	7	9	7	8	11	4	4	1	11	22	0
ENSG00000146666.5	44	0	0	548	17	0	16	4	2	0	232	2	14	2	1110	1	4	1	1	3	368	123	35	2	1	0	0	4	120	0
ENSG00000147753.8	0	0	0	0	0	0	0	0	0	0	0	0	0	0	0	0	0	0	0	0	0	0	0	0	0	0	0	0	0	0
ENSG00000147761.7	0	0	0	0	0	0	0	0	0	0	0	0	0	0	0	0	0	0	0	0	0	0	0	0	0	0	0	0	0	0
ENSG00000149443.6	1	0	0	0	1	0	1	0	0	0	0	0	1	0	0	0	0	1	0	0	0	2	0	1	0	2	1	0	0	0
ENSG00000149656.7	0	0	0	0	0	0	1	0	0	0	0	0	1	0	1	0	0	0	2	0	1	0	1	0	0	0	3	0	0	0
ENSG00000151303.11	0	1	0	0	0	0	1	2	2	0	0	1	0	1	0	2	2	2	2	0	2	1	0	1	0	0	0	0	0	1
ENSG00000152931.7	5	32	9	3	8	5	4	8	1	6	4	5	2	3	23	0	1	2	18	31	2	6	1	4	47	1	10	3	0	9
ENSG00000153363.11	342	2241	315	914	1141	524	268	233	208	701	899	841	361	449	294	591	340	1031	1046	456	546	436	488	494	781	556	436	571	464	341
ENSG00000157306.13	39	68	9	37	63	15	72	43	31	37	77	42	38	45	82	61	45	62	21	58	155	85	67	96	56	16	34	55	50	47
ENSG00000162888.4	59	22	3	25	20	6	47	11	18	4	51	13	13	74	9	137	32	14	4	28	41	10	80	127	58	6	4	56	15	0
ENSG00000162947.4	0	0	0	1	2	4	0	0	0	1	2	0	4	1	4	0	0	1	0	0	0	0	0	1	1	1	1	0	0	0
ENSG00000163009.7	46	20	22	60	39	14	25	43	10	1	12	20	38	97	11	25	33	16	81	149	154	21	48	52	42	21	13	119	31	22
ENSG00000163364.8	24	25	60	132	40	30	65	13	37	16	26	47	41	43	27	163	57	47	58	34	79	47	42	27	79	11	82	312	35	78
ENSG00000163597.13	602	521	430	420	324	941	1109	570	835	224	663	299	490	1381	438	830	1177	718	738	859	789	546	953	688	1552	761	855	1925	821	348
ENSG00000163915.6	0	0	0	0	0	0	1	0	0	0	1	1	9	0	5	0	0	0	2	0	0	5	0	0	0	0	2	0	2	0
ENSG00000164621.5	1	4	2	17	12	4	2	1	1	7	18	4	3	1	0	0	2	4	4	2	3	7	2	2	6	4	15	3	1	2
ENSG00000165511.6	166	67	18	49	145	55	119	33	45	85	119	44	31	41	98	33	81	53	52	35	98	44	134	53	23	30	35	54	91	121
ENSG00000166770.9	814	41	218	97	41	199	211	23	1455	147	18	858	48	22	67	72	36	189	52	40	20	544	41	73	63	68	41	72	465	50
ENSG00000166917.8	0	0	0	2	1	0	0	0	0	0	1	0	4	1	2	0	1	0	0	1	0	0	0	2	1	0	0	0	0	2
ENSG00000167046.4	7	78	2	15	16	9	4	2	17	19	20	36	10	16	7	5	7	9	9	4	7	14	15	10	114	3	5	3	7	5
ENSG00000167117.7	0	3	0	0	0	0	0	0	0	0	0	0	1	45	3	0	0	1	4	6	1	2	0	0	2	2	1	1	0	0
ENSG00000167355.6	0	12	0	0	0	0	0	63	0	0	0	0	0	0	0	2	0	0	1	0	0	3	0	4	0	0	3	0	1	1
ENSG00000167459.15	0	0	0	1	0	0	0	0	0	1	0	0	0	0	0	0	0	0	0	0	0	0	0	0	0	0	0	0	0	0
ENSG00000167912.5	146	349	675	107	351	396	408	390	590	538	238	130	67	118	878	452	814	434	440	536	886	743	204	325	310	224	177	367	337	215
ENSG00000168367.8	0	2	0	0	0	0	0	0	0	2	0	2	1	0	0	0	0	0	0	0	0	1	0	0	0	4	0	0	0	33
ENSG00000170161.6	66	63	131	70	143	34	74	99	115	48	164	11	33	260	123	88	108	60	170	74	69	40	40	59	57	46	63	47	110	102
ENSG00000170590.7	0	0	0	0	0	0	0	0	0	0	0	0	0	0	0	0	0	0	0	0	0	0	0	0	0	0	0	0	0	0
ENSG00000170846.14	374	673	440	619	989	402	920	593	649	538	1045	580	848	800	908	412	750	961	727	474	772	770	745	776	982	448	613	634	1116	248
ENSG00000170919.14	307	183	102	225	259	123	303	166	219	52	294	221	164	285	115	506	144	232	173	101	481	285	459	632	329	124	118	392	178	75
ENSG00000170983.3	0	0	0	1	0	0	0	0	0	0	0	0	0	0	0	0	0	0	0	0	1	0	0	0	0	0	0	0	0	0
ENSG00000171671.6	0	3	0	1	0	1	0	0	0	0	1	0	0	0	0	0	0	0	0	0	0	0	0	0	0	0	0	0	0	0
ENSG00000171889.3	0	0	0	0	1	0	1	0	1	0	0	0	0	0	0	0	0	0	0	4	0	0	0	0	0	0	0	0	0	1
ENSG00000172250.13	12	15	20	22	30	61	58	14	8	6	16	26	59	52	18	45	12	18	20	44	57	43	49	22	26	6	53	17	19	7
ENSG00000172965.13	490	704	1767	2458	625	3320	1931	1697	395	505	249	2783	637	1441	1200	1578	731	1693	3724	361	368	754	617	1025	158	798	2163	3628	3182	1136
ENSG00000173727.10	76	160	505	124	215	606	1263	281	1439	763	5631	164	128	698	1466	1121	308	480	493	302	1736	106	509	174	573	484	578	782	159	350
ENSG00000173811.9	17	0	2	9	11	0	5	1	1	5	1	0	1	4	6	2	3	9	8	4	7	6	60	3	3	2	3	4	11	10
ENSG00000173862.3	4	18	0	0	2	0	0	0	2	2	0	8	0	3	0	0	0	1	0	0	2	0	6	2	0	0	1	2	0	0
ENSG00000173867.8	8	3	0	13	7	1	3	5	3	3	14	4	6	6	2	2	0	1	6	2	9	13	11	8	3	3	7	2	3	1
ENSG00000174171.5	64	7	1	38	142	13	177	2	73	1	32	3	26	53	18	197	45	31	53	30	38	1198	123	243	12	5	28	10	107	17
ENSG00000174365.18	247	397	338	579	493	516	586	452	349	298	200	633	484	603	564	236	378	342	394	85	693	427	502	414	419	443	502	332	491	200
ENSG00000174403.14	1	0	2	0	0	0	0	0	5	0	0	0	1	0	1	0	1	1	0	1	10	1	0	0	2	0	0	0	0	0
ENSG00000174407.10	0	0	0	0	0	0	0	1	0	0	0	0	1	0	0	0	0	0	0	0	9	0	0	1	0	0	0	0	1	1
ENSG00000174680.8	10	2	0	4	7	2	10	0	2	0	0	4	6	0	6	5	0	5	6	12	5	11	21	5	14	1	1	4	2	0
ENSG00000175061.16	9739	9988	3260	6610	11307	13212	14814	25959	13471	20108	18963	14949	18749	17474	11645	6747	21159	11557	26293	19568	20725	18933	9764	10199	22324	29536	25014	29256	14861	3737
ENSG00000175147.10	25	2	1	11	5	13	11	6	5	1	3	4	7	5	4	12	5	6	1	48	7	7	10	16	4	7	2	17	10	13
ENSG00000175604.2	1	2	0	2	7	0	1	2	3	2	6	12	2	1	0	1	2	3	2	1	5	12	2	2	3	4	4	0	1	0
ENSG00000175611.10	263	523	106	400	884	185	527	223	397	395	353	395	325	292	528	297	322	255	322	201	529	590	787	248	186	335	369	289	525	240
ENSG00000175699.11	2	4	1	1	2	0	6	1	3	5	7	14	1	0	0	0	1	1	2	1	5	1	4	1	2	5	7	5	2	17
ENSG00000175746.6	0	0	1	0	0	0	0	1	2	0	0	0	0	1	5	1	1	0	2	2	0	1	0	0	0	1	1	4	0	0
ENSG00000175772.10	1	3	0	0	1	1	4	0	1	0	0	0	0	0	0	3	1	0	0	9	0	0	3	1	0	0	0	0	0	0
ENSG00000175773.11	14	71	9	2	21	15	9	13	12	17	17	19	4	3	16	6	9	17	16	20	16	42	27	12	13	8	13	10	14	9
ENSG00000175967.3	1	4	0	0	0	0	4	2	0	0	0	0	0	1	1	0	0	0	0	0	0	0	2	7	0	0	1	2	1	0
ENSG00000176075.7	0	0	0	0	0	0	0	0	0	0	0	0	0	0	0	0	0	1	0	0	0	0	0	0	0	0	0	0	0	0
ENSG00000176236.6	4	0	1	7	13	2	10	0	12	0	15	3	4	8	6	7	6	11	5	2	6	13	5	19	7	3	3	5	13	2
ENSG00000176320.2	10	0	0	6	0	0	2	0	4	0	5	0	12	0	6	0	2	13	1	2	1	4	4	4	4	0	0	0	1	0
ENSG00000176349.10	0	1	0	4	0	0	3	1	1	3	0	5	10	6	1	3	2	3	0	2	3	0	3	3	0	0	0	0	1	0
ENSG00000176515.1	0	0	0	0	0	0	5	1	0	1	3	1	0	0	0	0	0	0	1	3	0	1	0	0	0	2	0	0	0	0
ENSG00000176593.6	495	11	28	48	133	15	98	11	301	50	3	83	11	60	142	63	55	47	25	11	1383	182	890	99	13	17	9	260	466	102
ENSG00000176659.7	17	0	0	6	3	5	6	0	1	4	0	3	0	0	4	17	9	9	11	0	5	2	2	19	6	5	5	3	2	5
ENSG00000176728.6	28	11	0	39	0	37	0	13	1	2	0	0	25	16	14	17	0	29	42	49	16	0	0	34	0	3	0	0	24	2
ENSG00000176753.5	17	5	4	8	0	6	0	0	44	2	1	0	2	63	6	1	11	4	1	0	0	51	6	2	0	1	0	1	43	3
ENSG00000176754.11	0	0	0	2	0	5	0	1	1	0	2	0	9	0	4	17	0	2	0	4	1	2	1	0	0	0	2	1	0	0
ENSG00000176840.10	0	0	0	1	3	0	0	0	1	0	3	0	5	6	1	2	0	0	2	4	7	5	0	0	18	0	0	1	0	19
ENSG00000176868.2	0	0	0	0	0	0	0	0	0	0	0	0	0	0	0	0	0	0	0	0	0	0	0	0	0	0	0	0	0	0
ENSG00000176912.3	23	171	51	226	139	95	22	44	75	29	6	69	169	194	113	31	54	26	106	97	36	31	40	56	92	127	165	140	96	20
