TCGA.GS.A9TU.01A	TCGA.GR.7353.01A	TCGA.GS.A9TY.01A	TCGA.G8.6914.01A	TCGA.GR.A4D6.01A	TCGA.G8.6325.01A	TCGA.FA.A86F.01A	TCGA.FF.8061.01A	TCGA.FA.A82F.01A	TCGA.G8.6907.01A	TCGA.FF.8047.01A	TCGA.FF.8043.01A	TCGA.FF.8046.01A	TCGA.FF.A7CQ.01A	TCGA.G8.6906.01A	TCGA.GS.A9TZ.01A	TCGA.FA.A7DS.01A	TCGA.FA.A4BB.01A	TCGA.FA.8693.01A	TCGA.VB.A8QN.01A	TCGA.FF.A7CX.01A	TCGA.G8.6324.01A	TCGA.FA.A6HO.01A	TCGA.FA.A6HN.01A	TCGA.FA.A7Q1.01A	TCGA.GR.7351.01A	TCGA.FF.8041.01A	TCGA.GS.A9TW.01A	TCGA.FF.A7CW.01A	TCGA.RQ.AAAT.01A
TSPAN6	91	117	261	143	63	121	139	87	100	78	35	139	78	66	71	85	147	161	219	302	48	149	124	109	307	86	97	134	55	78
TNMD	0	3	0	2	2	0	0	2	0	0	0	0	2	0	0	0	15	0	1	0	1	5	1	0	11	0	0	0	1	0
DPM1	1287	1068	821	1149	1184	1152	3704	901	2584	451	1550	2208	924	2315	1056	1745	2021	1107	2862	1816	1972	914	1284	1238	1581	1008	1569	2007	1994	531
SCYL3	820	1334	137	530	509	293	1121	341	407	205	518	199	214	945	295	767	660	540	512	658	640	314	869	933	1715	181	254	544	826	415
C1orf112	692	584	270	991	547	458	1292	538	437	90	864	338	336	1490	268	1020	1197	278	1049	878	587	131	586	644	836	408	671	950	968	201
FGR	3986	294	262	1782	750	4928	3803	2036	1715	100	296	677	732	2191	903	2968	1787	2827	3011	2681	956	840	3935	12594	942	1497	967	2974	1007	240
CFH	2015	1631	604	1895	945	1310	1242	1278	2464	118	370	787	1072	4373	711	2326	1869	809	3493	1752	659	1682	1057	2254	1382	951	808	3772	487	202
FUCA2	1857	1393	512	2404	1240	2846	2075	875	1531	334	1698	1762	879	1831	922	2581	1897	1574	3158	1372	646	1504	3179	1166	312	1650	988	1713	1987	559
GCLC	2703	459	729	881	409	1272	2618	680	1928	223	667	873	375	1622	522	1559	1278	1668	1396	899	997	1721	3131	2343	1596	510	563	1164	1303	431
NFYA	1965	2295	1033	783	784	1052	2502	563	1523	439	752	907	438	2919	581	1845	1820	1013	1042	1480	1655	525	3086	2183	1669	549	636	2205	937	319
STPG1	496	133	350	331	420	106	781	150	209	114	228	533	136	529	272	854	231	141	302	370	436	243	328	355	302	189	277	422	334	142
NIPAL3	2124	1058	811	810	961	555	2202	456	776	471	526	1338	388	1694	681	4557	837	658	844	923	1130	1077	1627	1694	1116	505	781	1634	960	687
LAS1L	2427	3444	3798	3487	3810	4067	6481	3793	6090	1988	4740	6045	4164	6019	3166	4042	3651	1822	3730	2576	3607	2382	5541	2861	6144	3622	4844	5220	3541	2905
ENPP4	1147	608	928	411	168	934	970	341	861	67	638	368	194	1834	476	923	1387	691	413	1046	808	628	1501	948	1439	385	178	586	529	295
SEMA3F	531	408	150	638	254	385	304	187	574	80	215	438	411	1544	661	436	1023	259	260	610	363	408	235	195	236	393	205	899	569	208
CFTR	10	18	1	2	0	0	3	1	5	1	0	5	9	1	1	0	2	2	5	26	0	4	1	0	4	7	0	4	0	0
ANKIB1	3588	488	459	566	676	431	2434	381	1698	321	685	618	255	3057	517	3357	1680	1147	811	1088	1458	968	2946	1800	1964	278	636	2130	1283	405
CYP51A1	215	35	11	28	13	31	275	14	122	8	61	61	13	162	23	125	76	13	50	115	113	22	146	42	158	19	13	69	68	49
KRIT1	1961	525	178	273	434	223	2247	227	847	189	625	477	182	1578	289	1188	1200	701	481	628	1149	451	2595	1301	1266	252	260	781	1015	229
RAD52	351	228	110	134	390	142	695	199	305	78	281	285	156	510	168	293	464	342	206	218	612	207	412	446	776	117	205	276	364	122
BAD	1014	2615	1070	3144	2814	2759	2660	1810	1644	1888	2370	4160	1283	1142	2185	1784	1155	890	2927	1142	1005	2429	1434	1310	915	2156	2109	1045	1403	2076
LAP3	13642	12360	3104	13172	4212	17921	15422	4897	6649	2916	6224	6209	4520	20205	7452	22521	13613	5051	19108	7246	6319	5116	16032	6658	7595	7310	10916	27489	7624	2600
CD99	6302	12450	24799	12526	5087	10905	6348	9691	4109	3581	1591	23940	5245	6555	9218	6019	5665	6019	21905	6111	3338	11068	11542	17497	2995	8805	4187	6668	9521	2960
HS3ST1	179	36	232	64	101	75	354	70	162	16	170	69	95	57	118	683	419	230	172	150	95	1662	103	135	270	40	360	71	108	78
AOC1	36	24	2	4	44	6	15	23	24	19	3	27	29	1	5	34	23	10	33	39	10	6	20	109	11	16	28	11	9	0
WNT16	14	3	0	2	17	5	14	5	4	0	0	5	3	6	3	10	2	18	4	5	14	2	15	56	33	6	9	7	80	0
HECW1	5	10	3	7	2	6	2	19	8	7	1	153	3	0	8	2500	0	6	13	3	2	104	4	8	10	3	21	1	1	17
MAD1L1	1882	5425	3510	4673	4618	4446	3513	3115	3867	3852	2923	5856	2850	2395	3567	2844	1674	987	2552	1853	1665	3232	3591	3397	1692	3289	5568	1494	3248	1173
LASP1	20517	19321	13175	10232	12443	12153	26488	6324	15779	5314	9233	15113	3401	23918	7142	28753	18837	9802	11580	13174	14887	6229	29461	22960	29604	6720	14694	23863	14092	3361
SNX11	2884	4889	1662	2550	3656	7175	3998	4215	3251	4231	5769	4991	960	3859	2783	15621	3124	2354	4157	2329	5222	4242	3250	7457	2002	2912	13631	7463	2641	2334
TMEM176A	3918	3465	3588	5854	3834	10760	7552	3929	4238	974	1960	4101	4126	4428	3202	7075	2530	10093	12612	2458	1578	3798	7809	5008	2058	3613	4712	4474	2031	859
M6PR	6057	1605	660	2022	849	2504	6738	1353	2698	375	1750	1152	934	7036	1261	11504	4087	1421	3213	3512	3111	1281	6869	3236	6668	1522	2069	6795	2647	400
KLHL13	11	76	18	5	12	2	8	65	27	1	6	7	7	33	3	18	18	4	6	16	25	166	10	20	9	227	1	12	135	7
CYP26B1	612	140	66	233	38	909	427	78	192	66	81	126	136	275	146	678	412	160	461	158	213	31	525	404	219	116	164	2933	109	19
ICA1	369	1086	572	469	530	315	1432	407	529	142	171	269	117	114	150	326	179	646	663	887	105	2091	477	558	132	268	872	159	333	619
DBNDD1	33	410	74	45	241	18	157	13	13	68	17	397	22	30	3	493	33	143	20	87	9	506	105	312	9	39	5	49	50	127
ALS2	880	245	226	372	366	296	1039	188	474	85	352	557	117	737	309	1017	502	560	360	580	359	253	698	595	620	196	332	797	520	240
CASP10	709	183	115	416	316	430	635	93	308	42	84	111	203	1048	158	1188	549	391	871	333	189	311	726	878	164	173	232	639	1168	45
CFLAR	21898	3680	3001	5806	7124	12205	12976	7827	4592	1431	13981	7960	1709	23048	5689	30806	14270	7729	11576	11474	7407	14625	17557	14831	3537	6333	9798	18992	12579	4727
TFPI	870	842	137	308	532	747	548	140	637	144	316	242	590	628	271	851	464	550	752	429	218	1011	782	823	264	525	258	830	395	100
NDUFAF7	678	661	578	617	661	460	1395	507	943	266	845	343	468	1165	552	1118	880	933	871	965	1017	551	725	1086	1061	476	1096	1005	736	348
RBM5	5379	4176	1324	4923	6340	3218	6949	3239	4547	1752	5882	4615	2219	5880	3987	5773	4506	3910	2858	3880	7830	4793	10120	9701	4442	2131	3228	5215	7460	1401
MTMR7	41	17	6	29	21	18	43	11	27	8	12	60	17	42	20	31	18	34	26	20	46	32	42	47	27	27	9	21	26	32
SLC7A2	223	147	39	95	81	63	194	75	224	46	36	386	71	265	46	177	119	186	35	101	80	190	204	305	94	230	73	54	31	127
ARF5	4913	6286	6182	9404	11826	9844	10634	9191	9276	7036	9482	9418	3805	7179	9608	5121	5893	4180	12750	2834	5259	9433	9415	8722	7183	9167	7626	4561	9044	2099
SARM1	434	104	40	106	120	98	442	54	68	55	161	91	46	661	73	428	250	61	94	215	107	293	433	329	336	63	61	484	208	84
POLDIP2	4402	7433	4837	6177	5319	7246	9038	4574	6358	3145	7155	5519	3978	9271	4397	5842	6260	4528	6802	5059	5321	4883	5626	4862	9554	5913	6817	6378	6016	3512
PLXND1	8732	2579	3460	7563	3586	12730	8602	2687	4823	1165	2001	3165	2888	5219	5012	14158	3324	4780	4952	4011	3832	3686	9645	6005	5552	4766	5272	11055	3473	2598
AK2	4495	4048	5445	7677	7282	4816	8775	7617	7672	3504	4776	7927	6257	10568	4844	5946	8222	4457	10368	8165	8461	4394	6086	5181	6149	6891	6360	7982	6970	5047
CD38	2955	3036	316	2858	3097	2198	2834	1092	2628	1240	3190	1903	2225	6576	850	8005	1800	1278	3248	361	2506	1308	5073	1670	8675	831	1220	3998	1524	282
FKBP4	2682	5630	3089	2271	4528	2792	11387	6214	6215	2674	5185	4225	6573	11737	4651	2171	8655	3555	6774	9301	4759	3857	7855	2046	6263	5381	3114	6400	6999	5733
KDM1A	2785	4647	2761	3642	3185	1687	5588	2361	4915	2737	3211	5826	1983	7397	1952	4816	1840	2476	4754	3885	6325	3296	3926	3388	3704	4264	3626	5567	3923	4801
RBM6	4481	5572	2482	7492	11737	2574	8149	4672	5870	3439	8732	5250	2854	6292	4798	7115	5861	3553	2576	4268	10496	3308	13290	14189	11765	2265	5560	7808	6485	4033
CAMKK1	315	143	33	273	130	185	238	100	139	49	224	79	155	85	89	139	107	82	149	148	80	275	335	205	317	133	85	157	212	86
RECQL	2501	384	110	525	236	456	2809	388	1002	106	506	1020	287	4244	638	3868	1895	223	1051	1160	1025	121	2073	1679	1609	353	1035	2824	648	133
CCDC132	1413	2777	332	502	623	561	1317	318	645	150	469	504	253	1101	418	1466	693	659	739	711	754	467	1342	930	890	249	454	816	858	195
HSPB6	20	78	22	82	141	36	200	12	397	6	38	32	102	43	31	8	126	70	43	57	259	26	59	80	95	30	22	27	34	78
ARHGAP33	947	114	349	827	696	133	1584	644	726	114	459	473	236	658	664	565	724	294	472	538	1650	391	662	1058	439	301	255	498	474	198
NDUFAB1	1485	4514	4576	5673	3496	5448	4792	4616	4342	1946	5512	7261	5655	3626	3205	2391	4065	3027	7402	4142	2581	2466	1948	1955	4761	4578	4005	3131	4257	5306
PDK4	194	123	117	183	134	36	372	63	274	115	70	7	431	787	148	175	697	144	163	824	126	1190	717	1053	924	38	55	53	128	181
SLC22A16	4	2	1	5	4	2	9	3	3	0	1	7	1	3	1	19	3	3	23	3	13	0	11	2	1	9	2	11	7	5
ZMYND10	30	17	31	60	92	39	51	19	43	29	98	47	30	46	46	65	28	85	23	63	253	21	100	255	180	21	31	88	70	34
ABCB5	6	0	0	0	3	0	0	1	7	2	4	0	2	19	4	0	6	0	2	0	0	5	0	0	5	4	0	20	0	3
ARX	28	2	6	0	1	0	3	0	43	132	5	23	3	10	0	0	3	2	1	0	36	3	1	1	2	1	3	0	2	20
SLC25A13	1755	1931	282	1003	1070	579	1520	1288	903	321	999	1453	346	2300	537	472	1092	491	931	988	703	289	1024	600	1032	738	545	951	1498	801
ST7	900	1462	464	544	837	924	1057	341	996	58	1295	1364	168	1310	408	232	515	1034	814	520	834	1584	1348	428	718	306	399	915	1247	989
CDC27	2710	1823	1113	1694	1502	1703	5261	1629	2593	853	1791	2025	1318	5243	1377	4169	3601	2274	2755	2674	2964	830	2878	2667	5158	1415	1822	3995	1816	1164
SLC4A1	1	2	2	12	6	4	3	0	0	5	3	3	35	3	8	2	0	11	2	12	5	15	1	10	32	1	6	2	2	2
CALCR	4	9	0	8	0	0	2	0	1	4	3	0	8	1	1	6	0	0	1	1	4	3	4	14	10	2	4	0	1	0
HCCS	1321	1086	539	1120	1155	948	1948	934	1394	431	973	1800	589	1859	603	3176	1347	932	1565	1246	1322	695	2266	908	2692	712	1051	2863	1360	884
DVL2	2048	1487	537	1453	2069	1217	2908	1187	1115	771	1894	790	659	2421	1108	1248	2145	770	1353	2190	2286	1219	2107	1835	2781	908	1304	1824	1994	405
PRSS22	4	27	2	1	4	1	1	2	1	3	1	0	4	0	0	0	7	4	6	25	0	4	5	3	1	21	4	0	0	1
UPF1	8012	6493	2756	4092	5992	4361	18707	3958	7324	2819	5526	5051	2731	11827	3801	13857	8826	4233	3169	4504	6666	3703	9798	7585	7677	3581	5547	9010	6541	2917
SKAP2	6925	4197	1809	3121	2699	1968	5798	2226	2606	1654	2290	2928	738	6353	3307	4721	6361	1951	3831	5769	5188	956	9065	3017	6077	930	2381	2895	3184	456
SLC25A5	12350	28935	12153	22560	20164	22824	37521	28626	29383	9073	24014	62793	17645	27815	23681	35622	19194	8473	51325	30085	20535	15422	23270	16762	45866	26178	50655	41163	23870	12362
CCDC109B	1635	1217	1872	2254	1838	1618	2535	1455	2002	2104	931	729	1105	2597	2009	1392	1507	1684	4107	1640	1377	2573	1970	2750	3284	1404	1477	1727	2485	690
HOXA11	14	5	44	10	0	2	35	0	3	11	1	1	6	88	7	1	177	11	7	14	79	0	2	0	16	3	6	4	120	8
POLR2J	1383	5662	3283	3330	7057	3162	3802	2782	3301	2983	3523	2571	2509	1760	2394	1737	2142	2402	4088	1907	2000	2588	3005	1825	1851	3376	2778	1765	3410	5816
DHX33	1433	425	566	543	521	559	2297	618	1131	243	730	305	943	3933	468	832	2915	1555	444	1044	1751	489	1277	1154	2809	733	562	1490	1059	818
MEOX1	860	295	207	276	487	495	762	169	274	169	494	253	435	488	44	1109	1004	280	437	230	160	797	846	740	188	194	233	850	243	0
THSD7A	87	34	12	41	5	14	48	16	127	3	12	79	32	69	30	168	202	18	33	43	79	45	21	43	61	28	23	60	24	6
LIG3	1622	574	828	541	703	549	2480	495	1138	136	641	731	423	1878	489	1001	1635	883	900	791	1154	432	1366	1121	1638	471	793	1511	1036	367
RPAP3	1780	1498	1329	1756	1721	1360	3575	1706	1918	1095	1982	5464	1116	3696	1360	3225	1668	1267	2994	2950	2622	1035	2087	3334	3891	1347	2065	2235	1726	1122
ACSM3	257	36	72	73	86	93	174	41	38	2	96	24	22	151	76	162	137	261	115	250	92	357	426	118	47	33	60	130	239	49
AC004381.6	291	383	214	450	472	137	488	403	149	309	328	1053	203	390	188	698	269	135	574	173	315	154	239	190	487	403	557	526	412	160
CIAPIN1	1770	2128	1125	2305	2177	3031	3144	2012	2963	1075	1564	1792	1350	3831	1993	3591	2609	1961	4570	1446	2518	1393	1988	2503	3259	1631	2314	2875	2786	1529
SPPL2B	1765	1883	1006	2821	3935	1751	3158	2627	1857	1862	3531	3356	1840	1936	2572	1477	1875	1747	1276	2789	3572	2041	4013	3737	3476	1813	1597	1541	2497	1229
FAM214B	1130	462	232	1197	728	1622	919	363	537	161	445	649	354	882	643	2063	491	672	811	374	468	491	1059	1290	764	485	635	1749	707	576
COPZ2	128	396	230	1244	194	545	157	403	363	296	144	315	285	122	402	70	114	264	876	347	164	501	136	148	389	359	235	262	138	428
PRKAR2B	671	16034	95	846	1469	459	500	179	313	31	574	857	2328	303	178	480	313	882	739	266	360	116	768	432	888	90	167	333	313	84
MSL3	3214	1293	607	2007	2682	2798	4953	1798	2676	1484	3115	2432	947	4120	1769	4182	2834	2900	3879	1563	6144	2250	5471	3576	5919	1035	1412	3613	2563	1748
CREBBP	7319	2020	1586	1416	2425	1304	8298	1118	3644	1518	1994	1196	725	5598	1621	7167	4757	2371	1119	2687	3731	2442	6186	4717	3804	1008	1353	4799	2482	1782
BZRAP1	660	150	325	257	598	153	4765	235	458	77	437	336	122	542	392	1678	232	1258	224	263	739	782	1547	911	265	72	2101	222	743	239
MPO	32	3	1	24	9	159	24	4	14	9	12	2	10	67	19	30	24	18	59	33	3	32	31	19	3	27	4	72	5	17
PON1	6	0	1	3	7	0	2	1	8	0	0	8	12	0	1	0	0	1	2	2	0	1	1	3	2	0	0	0	5	1
GCFC2	809	622	343	624	578	755	1550	90	716	439	697	873	368	1107	383	790	1162	880	778	591	921	614	704	948	1127	359	807	1112	617	644
WDR54	939	1140	2720	2246	1988	1292	2458	2110	1090	1992	2831	2434	1946	2297	2316	1546	1280	1080	3240	1479	1314	1415	979	1457	1745	2405	3626	1855	2649	2842
CROT	754	290	169	291	375	316	674	303	318	139	283	287	132	608	178	997	293	370	329	251	316	307	746	699	542	168	251	468	383	187
ABCB4	138	61	214	263	504	68	462	191	554	206	461	141	29	39	583	51	18	188	169	1411	556	789	352	866	2295	16	59	52	417	444
KMT2E	7194	1152	379	740	3150	426	5316	516	2189	633	1256	934	441	4167	889	4293	3396	1932	832	2533	3637	1144	7751	3399	2638	435	395	2456	1826	708
