TCGA.LN.A5U6.01A	TCGA.2H.A9GJ.01A	TCGA.L5.A88Z.01A	TCGA.JY.A93D.01A	TCGA.R6.A6XG.01B	TCGA.JY.A6FH.01A	TCGA.V5.A7RE.01A	TCGA.S8.A6BV.01A	TCGA.LN.A8I1.01A	TCGA.JY.A6FD.01A	TCGA.L5.A4OS.01A	TCGA.LN.A9FQ.01A	TCGA.LN.A49U.01A	TCGA.V5.AASV.01A	TCGA.L5.A4OR.11A	TCGA.JY.A6FB.01A	TCGA.R6.A6KZ.01A	TCGA.L5.A8NN.01A	TCGA.L5.A4OQ.11A	TCGA.LN.A7HZ.01A	TCGA.2H.A9GL.01A	TCGA.VR.A8EZ.01A	TCGA.LN.A4A3.01A	TCGA.LN.A4A8.01A	TCGA.LN.A49P.01A	TCGA.R6.A8WC.01A	TCGA.2H.A9GR.01A	TCGA.VR.A8EQ.01A	TCGA.VR.A8EO.01A	TCGA.L5.A4OP.01A
ENSG00000000003.13	4198	931	2041	1806	2371	1848	3764	1993	2742	1917	4237	2001	3001	1364	1886	956	4101	2685	1214	3750	1982	4596	2082	4823	6096	4437	1402	1702	5605	8528
ENSG00000000005.5	1	0	1	5	3	1	1	0	2	0	3	1	0	0	2	0	3	2	12	0	5	0	0	0	3	0	1	0	2	26
ENSG00000000419.11	4305	3045	3102	3013	3035	3303	2874	2286	3690	2300	4416	2699	2781	1187	1117	2141	4596	4706	2152	3955	3202	4645	3970	4510	4741	3283	2210	1288	2422	4472
ENSG00000000457.12	1586	1301	1613	1807	1555	2496	1338	1914	887	809	1413	1940	1683	973	617	1388	1255	1688	1551	1017	1527	692	1226	2295	1186	1366	1168	1057	1657	2312
ENSG00000000460.15	1408	781	830	991	1032	1297	1409	729	995	1197	1463	1436	1686	908	78	1013	1068	1574	309	856	1323	959	1138	2093	808	1002	740	688	2026	1002
ENSG00000000938.11	346	190	362	1706	63	174	117	1123	379	252	1645	468	173	743	142	263	359	295	1635	438	418	298	455	514	1397	75	481	817	476	394
ENSG00000000971.14	3134	1023	1815	21587	537	540	321	3247	4987	11328	4497	4004	5591	2178	1107	1199	5878	2442	107399	2785	5140	2295	1905	4309	4474	787	4913	734	888	2854
ENSG00000001036.12	3266	8470	4042	5888	6423	2881	15098	2942	3697	4143	6174	3149	3219	375	1819	11345	4756	8751	3344	3591	7624	3174	2340	2868	3680	4302	5376	8233	1687	6812
ENSG00000001084.9	5070	17925	28525	5185	4916	3064	4636	2278	18814	3722	4807	16357	35417	1230	2425	5925	4690	7003	3558	13627	5325	4527	4156	8045	7735	7472	3254	3467	1714	8572
ENSG00000001167.13	2113	6293	2116	3643	3914	3370	4109	6205	1943	1683	4132	2950	3471	4162	868	2248	2861	4780	2600	1255	2251	1181	2216	3723	1885	4577	2858	3373	5648	6956
ENSG00000001460.16	974	625	790	384	942	1580	456	783	416	1679	406	629	1412	608	389	602	462	630	610	662	729	1632	722	1503	840	880	612	487	754	1104
ENSG00000001461.15	2983	5620	1485	2951	3497	6103	1983	3152	1568	4015	1173	2795	2782	4249	2785	2758	2184	1885	3886	1379	4876	2605	2084	3887	3113	3616	2561	3040	2356	4545
ENSG00000001497.15	3127	1562	2897	2136	2614	4044	5751	2576	1594	2150	2990	1813	3466	2787	885	1707	4444	2719	2841	5299	2155	3832	1834	7864	7337	5495	3714	3086	3232	2613
ENSG00000001561.6	505	7276	82	2436	2924	6063	500	1953	729	130	3000	403	128	61	3501	12453	2397	3233	7120	247	4372	590	53	4276	1309	2684	1306	3022	128	7723
ENSG00000001617.10	9689	1551	9336	3320	1983	16462	6573	6970	8787	8026	7308	15335	6715	22156	1983	7609	3228	1988	4606	7802	4343	4174	6427	15832	5044	7117	4404	8872	6906	8402
ENSG00000001626.13	3	37391	7	2443	7673	1441	4675	129	31	82	225	98	22	67	25	7650	11090	23966	145	17	807	23	155	150	18	5301	4886	637	97	7983
ENSG00000001629.8	8180	6884	5081	7830	6202	10349	5914	2948	4956	8020	8925	6550	10509	4827	2095	6002	5665	5221	5729	2513	5894	3642	16295	11342	8672	9471	5453	4376	4682	8766
ENSG00000001630.14	1420	1265	315	399	1501	1393	1891	784	246	815	420	857	914	411	206	952	413	541	342	219	318	654	1257	828	1243	603	468	561	625	1459
ENSG00000001631.13	3223	3057	2697	3510	3456	5129	2294	1669	2719	3074	3958	3685	5273	3260	1223	2904	2605	3253	3701	2150	2636	2654	6265	6408	5677	3752	2764	1730	3949	4198
ENSG00000002016.15	505	731	499	658	674	538	1003	623	745	487	525	676	692	856	252	764	968	559	977	724	962	648	417	4857	396	1192	703	568	745	682
ENSG00000002079.11	106	45	33	51	66	96	74	65	61	18	126	53	110	39	13	111	66	26	12	17	55	16	389	70	95	98	191	57	45	55
ENSG00000002330.12	1856	930	1904	1161	2268	2012	2141	885	2437	2489	700	1446	1220	1290	1056	1495	1338	2052	1825	2164	978	3752	1029	2956	1141	965	1436	3664	2838	966
ENSG00000002549.11	3720	3058	4052	13291	9439	5895	7208	4406	2606	10673	15223	5447	2424	5633	1947	5380	5525	5055	8179	4586	6539	5565	5080	4563	15222	5401	5682	4732	5491	9822
ENSG00000002586.16	11315	3339	4829	9587	4387	5456	15731	4715	9937	8668	7658	8839	8951	7658	2860	10953	14492	8145	22110	6207	5376	10203	4387	26499	14115	12396	4934	9629	18799	8679
ENSG00000002587.8	325	1727	547	983	1737	816	2191	1221	1183	1889	434	311	207	279	362	1159	516	571	327	356	813	340	1003	898	737	1265	4770	7478	10115	2659
ENSG00000002726.18	2023	38891	188	3487	1699	33454	11307	30245	243	218	1139	87	15	172	563	5203	9956	139	71	18	18733	35	18	323	133	14176	7345	49908	98	29240
ENSG00000002745.11	188	140	19	33	11	10	39	27	28	13	26	53	61	5	5	7	19	6	37	27	12	11	24	17	26	19	62	11	71	42
ENSG00000002746.13	380	48	1322	215	36	94	18	38	163	115	252	767	1747	42	59	28	468	38	62	300	74	156	199	501	191	33	130	10	82	226
ENSG00000002822.14	4647	1307	1146	1182	3254	3043	1913	1221	2255	6164	2403	1267	4240	3355	600	1892	2644	2393	1278	1916	5101	2612	4706	1879	1697	1950	4949	6315	5175	2575
ENSG00000002834.16	23300	39180	10260	21197	29585	42905	19654	16025	13197	18887	31373	13259	18689	26432	11707	46878	30576	44451	10425	12932	28870	9598	14470	19861	14392	38607	23834	39279	18196	32164
ENSG00000002919.13	2553	1427	1386	1534	1212	1390	1212	855	903	1426	1729	1257	2028	966	581	1131	1967	1871	1704	1177	1482	1308	1518	2062	1829	1773	1558	1490	1050	2720
ENSG00000002933.6	1681	3203	1175	6353	2018	11295	6270	10290	1582	741	10765	1619	1750	1180	550	7414	9542	1105	7223	2299	8529	2022	538	2587	3663	18858	5502	38113	1144	9750
ENSG00000003056.6	7430	4204	4917	3335	2564	3604	3721	1591	2704	4146	4319	5393	4233	2548	1030	5643	5239	7978	3407	4454	3718	3697	4510	10234	4386	8290	2771	3891	2953	3119
ENSG00000003096.12	681	596	743	728	334	36	79	1084	437	1044	1631	2293	1667	1401	127	74	1980	4371	2310	1242	458	2202	446	510	3258	662	426	733	2241	107
ENSG00000003137.7	646	480	331	316	311	88	189	81	298	2133	1343	642	1366	153	72	452	207	164	436	86	164	82	685	296	159	90	190	704	149	503
ENSG00000003147.16	249	4024	151	2075	6065	3848	4124	2410	461	86	2119	148	34	64	1645	5827	3343	2927	587	127	8679	201	244	1207	1079	5464	6003	5308	728	4239
ENSG00000003249.12	4015	1733	3612	1502	4694	976	2171	1127	1462	1326	377	2418	373	6019	480	8128	1177	3240	886	677	726	508	1830	1510	948	1972	2572	6838	567	1070
ENSG00000003393.13	3579	3705	3469	2851	2399	3512	4509	1511	1557	1215	2735	3067	4058	1490	909	4039	3980	4410	3020	1207	4295	2991	1967	3965	3209	1913	2779	2408	2880	3255
ENSG00000003400.13	1149	6403	244	4389	2287	6752	4325	7082	1132	1368	3275	445	901	2454	719	7926	3008	3002	1695	555	1023	403	966	1845	3306	4584	2875	6170	255	11079
ENSG00000003402.18	12178	9842	9954	17548	7828	16416	7617	7351	4014	6161	14404	6374	6420	17360	4306	9412	9224	8219	20248	3340	13227	3856	8714	16854	16111	4876	10973	21599	3295	31474
ENSG00000003436.13	12815	3860	744	12863	4679	719	4081	3130	3121	627	3513	1062	859	272	651	6308	6327	1642	12083	475	3244	1346	1164	4787	1293	6001	4358	1060	455	2461
ENSG00000003509.14	859	651	1080	1059	1052	1515	1026	808	1061	439	1115	850	1000	814	383	947	1915	1141	1091	974	906	1026	958	999	1034	1175	805	868	980	1128
ENSG00000003756.15	4709	5908	2951	7796	3430	13245	6628	5549	2444	2241	9015	3536	3879	7515	3149	3193	7196	3607	10028	3029	10458	2615	3813	5698	3580	6644	4620	4704	2404	9207
ENSG00000003987.12	74	89	85	373	37	55	105	191	250	105	173	61	211	221	53	68	216	395	518	79	284	210	172	765	103	129	142	91	113	279
ENSG00000003989.15	477	332	189	1819	859	159	2626	707	2596	1457	8435	138	471	6947	1208	1741	8395	5857	27534	238	4539	269	2524	11259	510	5065	3122	18	406	321
ENSG00000004059.9	10019	3104	8253	3885	5786	4173	7928	3840	6067	4192	3114	7929	6068	7031	1722	6594	3082	4974	3068	6355	3335	10859	3025	8801	11592	7298	5845	7100	3450	5529
ENSG00000004139.12	339	1006	210	917	552	1162	166	582	164	81	570	433	206	127	314	376	934	896	1576	385	1109	674	219	388	505	1097	1334	1194	304	674
ENSG00000004142.10	9062	7097	12213	4246	10362	17935	7458	3328	7851	6232	7676	7272	10489	7267	4324	12614	11450	20105	4897	9423	5464	10223	7999	16512	6602	11820	8487	10715	7732	4506
ENSG00000004399.11	14062	3915	5397	16588	4414	25009	13362	7888	4872	2619	16667	13755	8392	3909	1260	14455	9047	12038	24028	3069	29749	3727	8241	12887	7515	6812	12076	17547	4277	5961
ENSG00000004455.15	8597	6476	3646	4882	10411	10648	6285	4153	5738	6578	9078	3384	6465	6893	2609	6163	6898	6737	4637	5292	11478	6290	6383	11677	7528	7261	4550	13999	5603	9028
ENSG00000004468.11	86	230	7063	2624	12	350	86	186	475	9875	3022	417	3856	463	147	16	489	630	833	872	895	3507	3512	459	1581	35	606	410	6916	558
ENSG00000004478.7	21907	6552	10756	3632	11953	10068	22963	4165	11132	9136	9914	18078	11344	7079	4798	13499	7858	4796	3576	14400	15171	18553	9759	28103	11386	21676	7228	11941	17540	11478
ENSG00000004487.14	9315	6645	4185	5028	7801	10820	7641	3619	6251	14038	5458	5367	11906	8223	1689	5900	6462	6944	5390	5419	8846	8712	6125	15493	6259	7679	3916	4047	14891	7660
ENSG00000004534.13	3156	3567	2230	5134	2779	9151	5082	3371	2203	1689	6973	2236	3041	3664	1530	2974	6732	4869	6392	2366	4632	2872	2386	4493	3221	6390	3975	3512	3068	5608
ENSG00000004660.13	1316	2142	2644	616	369	969	284	552	983	472	955	2937	1743	523	109	1057	498	277	909	1401	755	1610	1185	6715	1347	894	824	421	246	853
ENSG00000004700.14	4297	1981	1470	3967	1143	1212	969	845	676	3826	1650	2744	2219	1060	385	1636	1973	1647	3137	1306	2641	1362	2977	6261	1951	2326	1080	927	1155	1103
ENSG00000004766.14	2617	2403	1374	2894	2589	3369	1729	1162	1617	1771	2445	2064	2971	1282	792	2001	1830	1649	2406	1105	2853	1194	5740	2788	2205	2769	1934	1526	2052	3815
ENSG00000004776.10	481	3444	156	7112	100	159	51	1714	63	141	583	1034	391	102	515	182	1025	179	83007	345	1418	141	153	462	1360	52	1978	67	93	240
ENSG00000004777.17	2348	1317	421	941	659	1957	511	887	1486	788	1434	1076	2006	1270	172	1073	1201	851	972	718	3195	739	730	1234	1833	714	618	644	1308	1475
ENSG00000004779.8	3703	4481	2980	2826	10192	2691	4962	2829	4865	3535	2771	5809	3040	4295	2373	4441	4345	4298	2830	4824	3432	10653	3931	4040	4042	4514	3116	4067	4934	4273
ENSG00000004799.7	328	7834	241	10639	1730	1102	908	8692	100	154	7353	3158	47	82	8143	1984	1000	1939	130352	111	16341	128	187	381	1334	1080	5844	1911	238	12113
ENSG00000004809.12	1	92	3	16	3	2	1	6	9	8	16	21	7	3	0	2	6	2	48	5	5	4	4	29	5	3	6	10	10	6
ENSG00000004838.12	77	32	12	24	35	693	57	40	34	24	34	27	44	48	10	35	55	21	25	13	125	76	31	23	20	88	21	22	97	84
ENSG00000004846.15	5	4	3	29	1	5	1	6	19	48	7	4	13	5	0	1	171	5	143	3	25	24	9	7	64	2	9	0	45	4
ENSG00000004848.6	5	90	1	11	0	28	18	499	2	6	11	9	0	5	63	1	9	31	0	2	817	5	1	0	3	46	192	22	1	1
ENSG00000004864.12	2163	3655	2567	2834	6258	3577	5173	2769	3444	1859	7609	2132	4138	2047	1123	4292	3200	6522	1258	1646	2244	2208	11040	6307	2511	5344	2953	3065	3867	3223
ENSG00000004866.17	3412	1814	1540	2259	4033	1116	3740	1385	1242	1503	2089	1871	3131	1628	1574	3399	1914	2886	2257	1899	2295	2726	1233	4847	2746	2697	1798	2285	4809	2033
ENSG00000004897.10	10635	5233	5716	6848	6063	3659	4056	2747	3418	7490	5796	6752	13745	5285	1394	3664	6053	8241	7789	4219	7050	4687	5437	9728	5257	8515	3694	2911	5178	6682
ENSG00000004939.12	5	2	14	9	0	42	4	54	11	0	225	4	4	18	8	4	2	2	41	12	28	7	10	10	8	8	8	5	8	36
ENSG00000004948.12	16	63	31	22	393	35	1	3	22	5	25	114	27	15	3	2	83	42	15	15	46	4	107	18	16	1	2	3	32	49
ENSG00000004961.13	1968	1772	2770	1785	1385	2317	3029	1906	1076	2253	1259	1149	1276	1257	755	1820	2685	2565	1785	913	1469	1391	1132	2454	2493	3185	1520	2707	946	3160
ENSG00000004975.10	5470	2346	5309	2218	2279	2693	3655	1247	4612	5163	3704	6266	5583	1721	472	3079	2494	4849	3113	4032	2008	5317	3046	5430	4021	3198	1672	2488	7061	1768
ENSG00000005001.8	2349	3469	563	1615	629	4460	2188	14208	8701	4322	4821	3256	2529	2051	273	4770	1303	2696	18	274	302	105	4826	1057	1068	1949	1925	2488	54	4589
ENSG00000005007.11	15936	17147	11814	13225	11938	22520	18183	7573	7012	13337	8453	23733	13711	15945	4483	13675	8727	10819	15787	9895	15908	14548	10687	17600	10444	20201	10470	14646	11927	11766
ENSG00000005020.11	5180	3839	1497	5157	2586	6578	3496	3125	1245	3077	3700	3239	5039	1853	419	3592	3771	5472	6463	2139	9184	2156	2987	2077	3794	4291	4035	2393	1229	4749
ENSG00000005022.5	20161	20122	33516	15898	18967	27841	36093	30590	13723	16714	16052	23004	12616	15970	19272	18809	12808	23796	7859	29183	15850	65244	11884	21721	55910	43452	25470	37916	11981	17426
ENSG00000005059.14	3504	696	677	1774	1464	549	1127	1157	487	1382	623	845	913	1918	92	1105	544	879	1282	1426	2222	1661	1146	942	1602	792	805	1529	871	620
ENSG00000005073.5	89	589	62	210	573	1203	575	174	69	349	491	96	110	17	0	83	19	119	7	87	826	84	19	58	29	271	236	245	306	162
ENSG00000005075.14	2762	1547	3103	1559	4495	2030	5326	1279	6489	2448	2572	2665	2222	1893	798	3608	1709	2624	1202	4434	1518	4806	4698	3651	2878	3214	2424	3034	5713	2704
ENSG00000005100.11	2073	1509	4044	1964	2240	2064	2798	1038	2509	3381	4058	3393	3437	1267	657	3259	2139	2571	2177	1602	2832	2262	2692	2895	2099	3975	2754	1777	4139	1698
ENSG00000005102.11	10	68	1244	839	135	65	66	116	68	32	85	245	597	39	24	47	192	82	984	97	72	138	188	107	166	12	288	135	213	72
ENSG00000005108.14	142	290	281	1810	80	74	38	479	190	45	506	109	130	60	51	166	369	383	4840	122	3456	168	175	218	466	34	527	40	88	244
ENSG00000005156.10	1552	2186	3791	2419	3180	4150	1904	1212	3100	1877	3345	4326	8357	3599	842	3642	3603	4308	2349	2908	2938	2405	2183	4527	2878	4912	2463	1888	5811	3896
ENSG00000005175.8	2886	1865	2272	3314	2018	1987	3340	1179	2381	1779	2311	1988	4352	2299	675	2510	2751	4197	2111	2406	3078	3774	2045	5709	2955	3098	2198	1712	3036	1390
ENSG00000005187.10	111	973	23	462	507	315	1652	527	42	61	865	43	65	79	1928	1444	1703	5111	131	85	254	46	49	270	175	1370	607	502	618	455
ENSG00000005189.18	807	1003	173	197	484	1467	271	375	209	418	440	282	512	295	324	912	913	986	233	610	937	940	277	861	581	840	372	276	679	696
ENSG00000005194.13	5132	2916	4585	1938	5624	2541	3335	1866	2551	3058	2567	3298	2514	3760	991	4180	3122	3759	1863	3375	1697	3960	3084	3948	2727	2675	2433	2882	3894	3227
ENSG00000005206.15	2221	5126	4363	4251	5637	7944	5273	6262	7095	2588	3445	4528	5340	5901	2172	7100	5195	3240	3154	3800	7601	8439	3464	5427	2273	4824	8279	7743	3037	7100
ENSG00000005238.18	1961	2409	3191	1424	1172	3309	1496	3314	814	2329	2030	2508	2002	798	713	1483	1063	951	2574	707	824	865	1470	1424	3066	767	2272	1995	723	3425
ENSG00000005243.8	4404	85	1748	531	72	160	51	199	370	1136	286	1220	2416	382	128	75	260	188	2406	1174	181	786	1618	866	1414	242	189	98	107	110
ENSG00000005249.11	507	611	619	2157	122	571	119	528	826	213	641	1368	199	155	428	154	1086	513	14835	1362	641	1320	409	7626	888	40	802	94	700	396
ENSG00000005302.16	1739	1524	2311	3334	1740	3086	3790	2103	1529	2791	2594	1499	2214	1680	610	2007	4001	1602	2547	1118	2536	1300	1209	3748	2093	3608	2487	2180	1706	2893
ENSG00000005339.11	29697	11494	9806	19779	6358	11808	14111	7900	8917	17999	14393	21101	16073	16954	4702	13695	10382	16197	23219	9338	13802	7994	18046	23332	10626	19193	10905	9360	18327	24828
ENSG00000005379.14	152	190	1351	620	52	658	517	383	914	166	328	1689	354	277	775	492	698	148	3377	454	498	105	154	2460	990	1447	356	270	3501	1663
ENSG00000005381.7	3	8	10	21	2	4	3	8	1	2	29	2	8	1	4	1	11	7	29	3	10	1	21	6	16	2	8	3	7	106
ENSG00000005421.7	6	96	3	25	26	34	141	7	16	2	185	0	2	21	1	6	619	194	2	2	26	4	23	80	1	99	81	3	28	91
ENSG00000005436.12	2128	1247	1322	1431	3137	2175	1761	1125	1449	914	2052	1891	2179	2724	677	1704	2872	2332	2143	1595	2870	1896	1776	2701	1617	1989	1360	1151	3608	2081
ENSG00000005448.15	1956	636	566	332	809	751	287	759	1176	765	770	1177	1215	223	139	587	1501	906	449	1414	1421	2745	1405	742	794	659	564	503	1806	595
ENSG00000005469.10	2390	2770	1189	1339	1045	1154	714	676	915	957	1576	1042	1860	4601	451	785	1532	1246	2261	794	1342	668	4209	5929	2647	985	1017	593	902	1682
ENSG00000005471.14	79	105	42	250	32	122	29	81	18	16	92	122	69	28	7	32	198	178	139	37	364	44	54	91	92	101	85	17	48	81
