TCGA.LN.A5U6.01A	TCGA.2H.A9GJ.01A	TCGA.L5.A88Z.01A	TCGA.JY.A93D.01A	TCGA.R6.A6XG.01B	TCGA.JY.A6FH.01A	TCGA.V5.A7RE.01A	TCGA.S8.A6BV.01A	TCGA.LN.A8I1.01A	TCGA.JY.A6FD.01A	TCGA.L5.A4OS.01A	TCGA.LN.A9FQ.01A	TCGA.LN.A49U.01A	TCGA.V5.AASV.01A	TCGA.L5.A4OR.11A	TCGA.JY.A6FB.01A	TCGA.R6.A6KZ.01A	TCGA.L5.A8NN.01A	TCGA.L5.A4OQ.11A	TCGA.LN.A7HZ.01A	TCGA.2H.A9GL.01A	TCGA.VR.A8EZ.01A	TCGA.LN.A4A3.01A	TCGA.LN.A4A8.01A	TCGA.LN.A49P.01A	TCGA.R6.A8WC.01A	TCGA.2H.A9GR.01A	TCGA.VR.A8EQ.01A	TCGA.VR.A8EO.01A	TCGA.L5.A4OP.01A
LINC01587	3	1	2	8	0	6	0	1	10	3	25	5	10	39	0	0	3	6	5	3	2	2	5	15	9	0	1	0	7	0
AC000111.6	0	18	0	7	5	3	12	0	0	0	0	0	0	0	0	7	23	13	1	0	0	3	0	1	0	8	6	0	0	20
XXbac-B461K10.4	4	5	19	30	14	17	16	46	8	9	16	29	67	67	4	5	9	5	75	7	21	7	39	110	42	12	40	13	35	54
IGF2-AS	10	0	7	3	3	0	0	1	3	1	12	15	77	2	3	2	13	0	15	10	3	9	6	12	4	2	5	4	2	9
TPTEP1	152	24	65	805	34	52	31	416	35	160	151	134	302	3227	344	185	191	50	1744	88	378	242	50	188	221	58	210	38	72	145
RP11-153K16.2	0	0	0	0	0	0	0	0	0	0	0	0	0	0	0	0	0	0	0	0	4	0	1	1	0	0	0	0	1	1
DLEU2L	24	25	14	88	17	71	38	33	33	13	39	24	82	76	18	27	39	20	75	15	200	29	91	91	48	50	49	61	60	72
RP11-268J15.5	208	201	322	121	131	1775	49	238	210	107	197	57	276	122	14	41	149	119	115	70	89	67	237	142	181	129	227	260	31	1505
PINK1-AS	544	916	178	513	887	779	405	314	206	188	327	359	415	725	180	435	1135	303	540	163	1093	560	266	795	278	812	647	346	742	1031
C10orf95	53	336	103	56	148	298	95	123	28	65	69	102	22	124	34	230	93	60	10	73	170	100	82	60	91	171	290	256	58	254
SPG20-AS1	6	0	38	8	1	2	0	6	19	2	3	25	14	2	2	0	3	2	20	20	7	7	3	8	8	1	1	0	21	0
LINC00544	0	2	0	2	0	0	0	2	1	0	2	1	0	0	0	0	4	5	0	0	7	3	0	3	4	0	1	0	0	7
KIAA0087	1	5	3	14	0	36	1	0	0	1	1	1	0	0	2	1	1	0	11	1	132	3	3	0	1	0	7	0	4	9
AC105760.3	5	4	0	6	0	0	0	6	2	0	6	1	3	0	0	2	13	2	2	0	7	0	3	3	0	1	3	2	2	13
DKFZP434K028	0	12	1	21	22	55	59	21	2	2	45	0	2	1	20	25	17	21	2	2	17	4	1	1	0	113	101	42	3	179
LINC00029	0	2	0	2	0	0	0	0	1	0	2	0	0	0	0	1	22	0	0	0	0	0	0	2	0	3	1	0	1	0
FAM182A	14	4	2	5	0	0	2	13	1	0	93	2	182	1	1	10	2	45	7	22	27	11	1	2	14	1	51	1	1	1
C20orf187	0	0	1	0	0	0	0	0	2	0	0	1	0	0	0	0	0	0	0	0	0	1	1	0	0	0	0	0	0	0
MMP24-AS1	1855	3147	2853	2818	2120	3202	2922	2325	5346	1693	4074	1973	1518	438	1588	2263	2833	2168	2587	2332	1131	2657	3923	2060	1554	1516	2360	4707	1324	2832
C22orf24	4	32	11	9	3	4	7	18	6	11	12	7	9	16	1	22	14	8	10	4	19	4	7	15	6	25	9	13	41	9
TTTY1B	0	0	0	0	0	0	0	0	0	0	0	0	0	0	0	0	0	0	0	0	0	0	0	0	0	0	0	0	0	0
TTTY1	0	0	0	0	1	0	0	0	0	0	0	0	0	0	0	0	0	0	0	0	0	0	0	0	0	0	0	0	0	0
H19	1773	552	3982	1690	1294	789	394	1425	234	33133	136671	820	737	1696	27	350	15624	16904	4286	685	3946	1806	2079	1972	1280	27335	1482	1024	1494	520
TTTY9B	0	1	0	0	1	0	0	0	0	0	1	0	1	0	0	0	0	0	0	0	0	0	0	0	0	0	0	0	0	0
RP11-798G7.5	4	1	3	9	1	1	2	4	6	0	11	0	1	8	4	0	7	6	1	1	11	15	1	7	6	9	4	0	2	5
TTTY6	0	0	0	0	0	0	0	0	0	0	0	0	0	0	0	0	0	0	0	0	0	0	0	0	0	0	0	0	0	0
TTTY6B	0	0	0	0	0	0	0	0	0	0	0	0	0	0	0	0	0	0	0	0	0	0	0	0	0	0	0	0	0	0
LINC00470	14	396	2	14	4	30	19	0	50	2	263	6	12	84	36	2	213	512	5	1	98	26	276	133	22	1	4	0	614	5
LINC01260	5	62	5	82	14	32	3	55	13	9	19	96	0	14	5	8	49	12	23	19	12	14	243	17	23	102	18	16	3	59
C7orf69	3	1	1	14	0	0	0	0	0	1	1	0	3	1	0	0	6	2	0	0	10	1	1	1	1	2	3	0	3	3
RP11-84C10.2	2	1	1	7	0	0	0	2	0	0	6	1	0	2	0	0	1	88	12	0	1	0	1	1	2	0	0	2	1	0
RP11-809H16.2	0	0	0	0	0	0	0	0	0	0	0	0	0	0	0	0	0	0	0	0	0	0	0	0	0	0	0	0	0	0
ERVK3-1	600	2346	883	1634	1598	1534	1734	1310	825	556	1600	675	5533	1517	509	1467	2791	5319	1632	661	3053	635	534	1725	896	1492	1482	801	420	1872
AC062028.1	1	17	2	1	5	78	4	12	6	0	29	2	2	37	3	5	25	12	2	4	3	1	8	1	3	27	6	7	1	6
LINC01558	8	23	4	91	74	24	221	147	8	2	225	3	13	1	7	23	51	33	13	8	210	15	4	7	14	210	71	27	12	279
LINC00525	22	7	3	27	6	4	22	37	18	7	41	3	1	0	1	1	10	13	5	15	21	2	5	9	50	65	33	1	6	16
TTTY7	0	0	0	0	0	0	0	0	0	0	0	0	0	0	0	0	0	0	0	0	0	0	0	0	0	0	0	0	0	0
TTTY7B	0	0	0	0	0	0	0	0	0	0	0	0	0	0	0	1	0	0	0	0	0	0	0	0	0	0	0	0	0	0
C20orf78	0	0	0	2	1	0	0	0	0	0	1	2	1	0	2	0	0	0	0	0	3	1	0	0	0	0	5	0	0	2
LINC00266-1	0	1	2	8	2	3	7	0	1	1	3	7	2	2	3	0	0	3	3	1	3	2	12	10	3	4	5	2	3	3
RP11-96C23.13	10	9	6	14	3	7	3	9	2	20	9	13	16	4	7	1	7	7	25	10	15	14	13	40	13	3	22	1	12	22
PART1	75	151	352	47	6	7	244	12	295	71	38	452	164	11	483	112	52	118	1744	1557	47	656	8	719	253	60	78	27	339	6
LINC00467	725	420	553	437	647	1329	399	466	328	447	593	521	366	44	415	902	374	285	254	490	948	325	463	1172	715	805	691	320	716	540
RP11-66N24.4	21	67	82	62	53	47	81	120	107	26	118	101	110	67	36	28	50	91	40	77	131	76	71	69	58	64	122	56	35	203
C1orf147	14	10	38	113	14	66	60	11	33	13	49	37	26	238	1	23	40	22	8	22	19	8	84	216	8	41	25	62	59	22
AC007364.1	0	0	0	5	5	3	5	24	17	1	6	2	11	0	4	1	12	2	1	5	65	5	5	2	1	0	28	1	34	42
C2orf48	241	36	28	26	55	238	24	314	86	85	142	65	29	20	2	93	313	62	4	79	599	83	157	265	66	112	363	59	454	394
LINC01116	161	39	62	78	483	124	11	42	292	424	108	196	713	16	9	28	268	73	208	63	72	395	178	94	436	5	39	31	52	29
SNHG16	4569	4875	3474	3553	4211	12933	3302	2194	1530	3665	4912	3638	3360	5094	1023	7501	3544	3501	2826	1513	5730	3094	2344	5464	2859	4208	3591	2747	3544	4212
IGF2BP2-AS1	59	161	88	91	35	37	168	83	13	95	131	36	43	83	23	54	140	145	15	41	86	37	137	3	65	50	108	124	313	21
SMAD5-AS1	33	1	59	15	3	7	11	8	4	5	15	25	23	20	4	2	5	22	3	17	12	34	8	46	7	18	6	9	0	7
C10orf25	203	284	71	140	123	97	87	66	72	86	429	89	23	141	75	134	273	362	154	34	362	113	105	379	118	105	348	479	199	95
ZNF667-AS1	623	58	68	442	45	37	33	181	37	28	1479	244	205	31	63	109	414	2135	1567	130	190	190	95	152	176	16	237	47	47	71
MIR202HG	0	1	1	1	0	0	0	2	0	0	0	0	0	1	2	0	1	3	4	6	6	4	0	0	2	0	0	5	5	1
RP11-93B14.6	16	21	52	17	7	114	18	36	9	66	13	6	1	1	6	35	42	69	10	4	16	6	38	3	53	60	32	35	1	203
LINC00483	4	162	13	226	167	1906	639	1331	4	8	27	11	1	4	13	59	826	106	5	2	172	8	3	10	2	1366	420	234	3	317
AC104389.28	1	160	0	4	2	0	0	1	3	20	13	1	3	532	3	1	242	82	5	0	6	0	15	5	1	0	1	1	10	6
LINC00905	1	1	0	0	0	0	0	0	3	0	0	1	0	1	1	0	0	0	0	0	5	1	1	0	0	0	0	1	0	0
RP11-25K19.1	57	429	7	100	83	29	43	61	61	389	62	72	143	13	171	17	115	27	229	49	503	82	10	23	119	4	98	19	134	64
LINC00917	0	0	5	0	0	0	0	0	4	1	3	0	2	2	0	0	0	0	1	0	1	0	1	0	0	0	0	0	0	0
RP11-262H14.4	63	75	81	70	112	35	3	30	64	20	95	27	65	93	23	44	69	35	93	66	87	69	78	27	147	71	102	5	42	48
LINC00266-3	0	0	0	2	0	0	0	0	0	0	0	0	0	0	0	0	0	0	2	1	0	0	1	0	0	0	0	0	3	0
AC093323.3	609	322	588	825	1873	1497	674	970	492	455	1250	1227	405	596	279	810	806	947	792	763	928	1726	512	540	1450	1045	1322	111	1493	1474
TPT1-AS1	654	775	762	1144	579	3144	512	1359	520	400	767	505	612	1880	356	471	1073	369	1650	598	1392	492	610	929	966	1269	1614	742	3514	5460
LINC00208	0	0	0	1	0	0	0	1	0	1	0	0	0	0	0	0	0	0	0	0	1	0	0	1	0	0	2	0	4	0
SHANK2-AS3	18	1	1	3	1	0	20	4	3	0	1	0	3	2	2	1	4	4	0	2	2	1	30	0	2	6	3	7	2	3
MIR31HG	0	32	79	36	54	31	43	9	70	135	2	38	374	2	20	1	5	9	16	62	128	9	570	8	4	35	8	2	46	93
SERHL	59	89	96	31	1	243	18	35	54	104	68	157	134	22	21	88	59	49	18	26	26	64	16	42	48	116	89	94	49	202
MIR4435-1HG	2012	604	1666	1586	1793	527	2886	1921	2594	1705	3739	3376	1639	570	75	2701	1511	1174	498	1787	1701	2392	989	1319	1298	573	1609	1464	767	2110
CMB9-22P13.1	118	417	462	80	22	20	175	105	221	1485	152	134	241	37	27	30	42	95	196	240	67	3156	226	117	192	42	43	165	225	209
CCDC13-AS1	8	7	8	11	3	21	5	10	0	5	27	9	6	10	3	13	15	3	52	3	8	11	3	8	12	7	28	15	15	23
RP11-89N17.1	2	4	0	3	0	1	2	1	1	0	4	0	11	0	1	3	21	8	1	0	15	0	4	0	2	0	8	0	2	2
RP11-97O12.7	6	6	11	28	10	13	16	15	9	2	16	17	4	5	9	7	15	9	23	8	15	8	5	11	19	25	67	37	3	41
RP11-23P13.6	2	20	16	43	3	132	19	14	15	4	105	7	20	22	48	11	14	4	7	13	30	2	31	183	29	66	34	22	2	72
SNHG11	620	382	864	489	653	1058	677	666	764	424	1312	705	440	434	202	516	868	1604	325	927	579	1248	632	535	873	918	838	966	608	655
C20orf166-AS1	5	3	3	23	3	1	0	13	1	1	2	14	6	39	5	2	11	2	886	2	4	3	1	5	71	6	33	0	2	169
MIR1-1HG	0	0	0	0	1	0	0	1	0	0	2	0	0	5	0	0	0	0	10	0	1	0	0	0	0	0	2	1	0	7
GRIK1-AS1	3	0	5	13	1	1	0	23	4	5	3	4	7	3	0	1	4	2	7	1	9	1	2	1	19	1	20	0	6	0
LRRC75A-AS1	10859	9134	20812	6892	16453	13236	11222	6039	14972	9452	10434	11206	6247	11592	3071	15008	8140	10383	6304	11844	20245	22644	4630	5383	11414	11583	10650	9767	13579	6680
TMEM51-AS1	118	772	11	581	405	1226	157	605	65	52	169	55	47	123	270	365	656	248	134	14	322	92	94	429	168	1063	1029	871	150	938
RP11-276H1.3	17	28	21	40	28	19	59	183	33	10	36	7	22	60	13	28	61	18	37	12	46	23	41	90	45	19	73	20	21	62
LINC00476	214	220	186	204	88	311	89	314	167	114	131	365	303	121	163	186	209	158	312	311	523	238	136	349	354	174	433	105	134	649
LINC00521	0	2	3	2	1	0	0	0	4	0	4	0	1	1	1	0	0	1	3	0	2	0	1	0	1	1	1	0	0	4
C15orf54	2	9	7	3	4	1	3	7	6	2	25	2	6	7	0	3	10	6	3	0	5	4	7	9	1	2	1	4	6	3
LINC01106	101	292	85	291	375	56	342	138	112	94	124	123	127	26	67	136	349	255	69	51	109	74	95	116	157	625	263	108	9	216
RP11-121M22.1	11	61	18	20	12	20	11	10	15	15	1	22	17	10	18	11	25	16	11	41	15	10	10	17	36	23	30	7	7	26
RP11-544L8__B.4	2	14	1	10	4	1	0	5	0	1	2	1	2	6	0	3	3	0	6	0	21	0	4	2	2	3	9	2	4	20
LINC00302	0	0	31	0	0	2	0	1	0	1	0	0	3	0	0	0	0	0	0	1	0	0	1	0	0	0	0	0	4	1
C10orf111	20	38	32	15	8	125	11	18	17	14	26	5	17	6	12	24	31	36	11	13	21	31	15	39	26	37	35	44	41	41
RP11-404O13.5	5	1	4	27	0	0	1	1	5	2	2	4	0	2	2	6	11	8	2	3	90	5	1	13	6	1	12	1	34	8
AC110781.3	7	24	4	5	4	8	18	4	8	3	11	1	10	34	4	4	17	9	5	1	34	0	11	10	4	11	23	13	10	13
RP5-856G1.2	3	26	5	33	31	13	12	2	4	1	25	6	2	8	5	80	7	4	6	3	9	4	4	681	7	0	114	70	1	1
CTD-2368P22.1	472	527	122	771	327	520	79	468	379	87	578	233	226	65	109	27	901	633	556	149	2421	142	195	542	423	19	117	40	261	1768
C20orf197	7	11	22	27	0	1	4	7	112	117	15	20	16	43	2	4	12	8	21	10	448	5	58	11	6	2	8	7	47	8
TTTY14	22	3	1	54	293	65	11	45	0	0	0	23	21	174	284	95	13	8	264	12	14	112	14	20	72	143	23	8	370	0
C15orf56	27	21	46	3	17	40	4	20	26	23	74	44	38	14	29	39	31	81	25	37	16	0	29	77	38	52	18	25	18	10
LINC00303	2	0	3	1	3	4	2	0	8	1	4	2	4	0	0	0	0	1	3	4	4	5	4	1	1	0	4	1	35	6
MIR7-3HG	0	0	1	2	0	5	0	0	5	1	6	1	3	1	7	0	2	1	1	0	52	0	0	3	0	3	5	1	1	7
RP11-334J6.7	0	0	0	0	0	0	0	0	0	0	0	0	0	0	0	0	0	0	0	0	0	0	0	0	0	0	0	0	0	0
TYMSOS	96	59	118	15	156	334	243	32	119	60	92	71	72	113	5	157	131	244	19	211	228	536	96	65	146	131	192	88	105	68
