TCGA.06.0174.01A	TCGA.27.1837.01A	TCGA.14.0790.01B	TCGA.27.1834.01A	TCGA.16.0846.01A	TCGA.14.0871.01A	TCGA.06.0152.02A	TCGA.06.0184.01A	TCGA.06.0221.02A	TCGA.06.2557.01A	TCGA.14.0787.01A	TCGA.06.5410.01A	TCGA.26.5134.01A	TCGA.06.2559.01A	TCGA.26.5133.01A	TCGA.28.1747.01C	TCGA.41.3915.01A	TCGA.02.2485.01A	TCGA.12.0618.01A	TCGA.19.1390.01A	TCGA.06.0747.01A	TCGA.27.1831.01A	TCGA.06.0645.01A	TCGA.32.5222.01A	TCGA.32.1970.01A	TCGA.06.0744.01A	TCGA.32.2634.01A	TCGA.06.0646.01A	TCGA.14.1034.01A	TCGA.06.5411.01A
LINC01587	23	4	0	5	8	2	7	27	4	8	10	2	8	61	2	0	35	9	24	57	5	19	24	27	5	11	39	45	6	40
AC000111.6	0	0	0	0	0	0	0	0	0	0	0	0	0	0	0	0	0	0	0	0	1	0	0	0	0	0	0	0	0	0
XXbac-B461K10.4	2	6	9	3	3	0	6	2	12	2	2	1	8	7	2	2	2	4	5	17	5	0	4	2	7	3	2	3	1	1
IGF2-AS	70	5	5	2	1	10	8	0	6	2	5	3	36	2	35	3	28	2	7	20	7	1	4	1	2	4	25	16	0	6
TPTEP1	50	14	14	30	99	34	112	194	222	217	48	400	20	61	4237	144	91	86	89	133	27	44	394	104	16	67	118	74	99	216
RP11-153K16.2	0	0	0	1	0	0	0	0	0	0	0	0	0	0	0	0	0	0	0	0	0	0	0	0	0	0	0	0	0	0
DLEU2L	26	8	14	22	21	7	27	4	79	37	12	12	18	47	20	28	11	32	50	58	32	7	8	33	52	26	71	38	19	25
RP11-268J15.5	226	51	54	60	60	37	226	200	231	306	115	147	64	357	112	81	377	52	872	562	566	33	181	73	115	204	373	165	214	185
PINK1-AS	321	137	207	173	298	51	303	241	326	444	383	259	83	226	417	203	188	345	437	409	605	89	236	140	346	291	272	322	729	260
C10orf95	4	6	4	12	14	2	8	21	24	17	2	9	2	12	5	7	9	7	15	23	10	5	22	5	16	11	13	20	2	31
SPG20-AS1	21	5	18	19	22	8	15	11	7	31	3	4	16	24	20	19	14	58	17	16	21	16	20	16	7	68	25	22	1	30
LINC00544	0	0	0	4	0	0	2	1	2	1	1	2	0	1	0	1	1	0	0	0	2	2	1	0	0	1	0	0	1	0
KIAA0087	16	5	31	32	4	4	13	6	16	21	1	1	3	2	0	3	0	6	43	45	7	0	4	4	44	1	10	12	1	35
AC105760.3	0	0	0	1	0	0	0	0	1	0	0	1	2	0	0	0	1	0	1	0	0	0	0	0	0	1	1	1	0	0
DKFZP434K028	1	2	2	3	4	0	3	1	10	1	0	12	5	4	0	3	6	2	2	21	0	0	1	3	3	5	19	2	0	8
LINC00029	1	0	0	1	0	0	0	0	0	0	0	0	0	0	0	1	0	0	2	0	0	0	0	1	0	0	2	1	0	0
FAM182A	212	114	79	239	47	2	68	13	372	16	42	10	31	105	73	204	157	211	224	321	570	4	49	281	66	120	201	200	119	48
C20orf187	0	0	0	0	0	0	0	0	0	0	0	0	0	0	0	0	0	0	0	0	0	0	0	0	1	0	0	0	0	0
MMP24-AS1	1170	608	760	1102	1438	89	1500	1630	888	2223	1241	2199	388	1088	2024	955	1205	666	1408	1305	2003	790	2045	1291	1044	554	1732	1444	1161	2214
C22orf24	13	6	4	12	8	3	12	6	51	7	9	8	5	25	12	16	7	5	25	32	1	8	8	4	15	6	25	23	2	51
TTTY1B	0	0	1	0	0	0	0	0	0	0	0	0	0	0	0	0	0	0	0	0	0	0	0	0	0	0	0	0	0	0
TTTY1	0	0	0	0	0	0	0	0	0	0	0	0	0	0	0	0	0	0	0	0	0	0	0	0	0	0	0	0	0	0
H19	7426	340	52	52	68	8520	5003	33	44	14	6372	50	3649	2784	24	113	9291	312	3614	13388	11777	36	3885	1749	41	384	2270	6298	12	36
TTTY9B	0	0	0	0	0	0	0	0	0	0	0	0	0	0	0	1	0	0	0	0	0	0	0	0	0	0	0	0	0	0
RP11-798G7.5	0	0	1	2	0	1	2	0	1	2	0	1	0	0	1	1	1	1	2	0	2	1	1	1	1	0	6	5	0	0
TTTY6	0	0	0	0	0	0	0	0	0	0	0	0	0	0	0	0	0	0	0	0	0	0	0	0	0	0	0	0	0	0
TTTY6B	0	0	0	1	0	0	0	0	0	0	0	0	0	0	0	0	0	0	0	0	0	0	0	0	0	0	0	0	0	0
LINC00470	0	2	1	2	3	1	1	5	2	1	0	1	0	1	0	3	5	0	2	1	2	1	0	0	0	1	9	2	1	1
LINC01260	15	0	7	37	49	2	17	20	34	33	2	21	2	14	20	18	7	10	61	5	22	4	6	15	24	6	116	3	5	116
C7orf69	1	0	0	0	0	0	0	0	1	0	1	0	0	0	1	0	0	0	1	0	0	0	0	0	3	0	0	1	0	0
RP11-84C10.2	9	7	4	30	12	0	23	43	0	31	17	362	2	24	5	0	26	0	2	9	5	83	170	11	4	11	8	47	26	25
RP11-809H16.2	0	0	0	0	0	0	0	0	0	0	0	0	0	0	0	0	0	0	0	0	0	0	0	0	0	0	0	0	0	0
ERVK3-1	1156	608	1314	639	868	128	915	995	902	1178	753	745	232	1046	595	666	718	1488	1354	1013	1437	1055	972	1520	2446	2117	1585	874	854	1477
AC062028.1	2	2	0	53	9	1	21	5	136	7	9	14	0	7	175	6	10	5	10	5	5	1	9	7	10	1	18	34	8	89
LINC01558	59	6	58	12	3	0	14	18	5	94	2	2	1	89	5	4	6	134	21	1	2	3	10	15	11	22	28	9	2	8
LINC00525	1	0	0	0	0	0	3	1	0	3	2	13	1	0	1	1	4	1	0	10	1	3	1	0	3	3	2	0	0	2
TTTY7	0	0	0	0	0	0	0	0	0	0	0	0	0	0	0	0	0	0	0	0	0	0	0	0	0	0	0	0	0	0
TTTY7B	0	0	0	0	0	0	0	0	0	0	0	0	0	0	0	0	0	0	0	0	0	0	0	0	0	0	0	0	0	0
C20orf78	0	0	1	0	0	0	0	0	0	1	0	0	0	0	0	0	0	0	0	2	0	0	0	0	0	0	0	0	0	0
LINC00266-1	29	10	11	1	3	1	2	0	4	43	3	0	11	22	2	3	0	2	6	8	26	0	3	16	33	1	3	17	0	12
RP11-96C23.13	3	0	6	6	8	0	0	0	4	5	1	2	1	4	0	3	2	6	2	2	3	0	1	4	4	1	5	4	0	3
PART1	65	44	115	45	131	123	356	128	1117	83	75	259	10	103	66	163	33	102	16	25	80	155	64	100	217	195	136	48	98	711
LINC00467	219	114	230	594	197	61	341	410	85	410	306	409	93	243	175	234	405	305	478	655	202	464	191	326	520	184	889	659	177	612
RP11-66N24.4	62	45	69	39	89	4	39	39	273	130	18	30	22	91	59	88	24	89	169	90	74	11	56	30	68	64	69	75	19	283
C1orf147	0	1	4	11	10	9	13	8	4	16	0	16	2	5	2	4	3	1	5	6	6	3	8	4	1	6	5	25	1	2
AC007364.1	3	0	3	3	4	0	1	0	2	1	1	1	3	3	0	1	1	2	2	2	5	2	0	0	5	10	0	4	0	0
C2orf48	34	12	6	13	33	8	27	2	266	61	4	5	20	60	17	15	24	71	94	135	27	2	17	8	46	38	197	49	2	28
LINC01116	290	293	685	7	1170	17	12	33	19	1196	12	41	201	15	379	3	287	188	183	1004	26	42	345	1151	51	20	390	860	128	514
SNHG16	1057	271	522	773	826	677	963	581	888	832	528	863	251	1256	1738	657	821	808	1343	1403	782	643	786	1038	615	1053	1098	661	611	885
IGF2BP2-AS1	0	0	0	0	1	1	2	1	0	2	3	0	10	1	0	0	0	1	0	12	1	1	0	0	0	2	3	0	1	1
SMAD5-AS1	4	0	1	0	5	0	2	7	1	3	4	0	2	2	2	2	1	6	4	1	2	6	4	2	5	2	5	5	1	7
C10orf25	278	77	143	291	163	96	181	131	450	184	228	114	34	200	405	183	123	225	340	214	231	110	80	124	186	166	466	142	116	170
ZNF667-AS1	2677	962	3847	1777	1725	481	1701	2228	1623	2410	1815	1266	510	1951	2874	2443	1536	3200	3399	1996	2362	2282	2171	5818	2559	4040	3165	2238	2363	3072
MIR202HG	0	0	0	0	1	0	0	0	0	0	0	0	0	0	1	0	0	20	1	0	0	0	0	1	0	0	0	1	0	1
RP11-93B14.6	1	0	0	1	0	0	2	0	4	1	1	2	1	1	0	0	1	0	0	1	1	0	0	0	1	1	1	1	6	1
LINC00483	1	0	0	0	1	0	0	1	1	0	0	0	0	0	0	0	0	0	2	0	0	0	0	0	0	0	0	1	0	0
AC104389.28	0	6	4	3	0	2	2	4	2	3	2	5	2	1	2	0	3	0	0	4	10	10	1	4	1	1	1	5	2	5
LINC00905	0	0	0	0	0	0	0	0	0	0	0	1	0	0	0	0	0	0	0	0	0	0	0	0	0	0	2	0	0	2
RP11-25K19.1	526	123	176	446	248	39	91	576	288	110	19	270	92	105	382	558	289	50	537	429	312	361	133	265	413	262	896	164	198	569
LINC00917	0	0	1	0	0	0	1	0	0	0	0	0	0	13	0	0	0	0	0	1	0	0	0	1	0	0	0	1	0	0
RP11-262H14.4	114	50	69	83	169	12	71	57	148	83	58	54	22	50	122	99	39	91	155	108	74	52	51	71	34	89	224	84	54	74
LINC00266-3	6	2	1	0	0	0	0	0	0	18	0	0	4	6	0	0	2	0	0	0	1	1	3	9	7	0	0	6	0	3
AC093323.3	882	239	889	852	551	136	1174	873	762	1117	943	777	444	750	1104	994	739	778	1400	1618	1323	721	670	1025	1154	1076	1653	1139	879	1715
TPT1-AS1	787	288	515	456	484	188	709	357	595	819	257	392	290	816	532	693	435	1005	1426	3585	1830	358	618	464	376	1218	1058	862	181	896
LINC00208	0	0	0	0	0	0	1	0	0	0	0	0	0	0	0	0	0	0	0	0	0	0	0	0	0	0	0	0	0	0
SHANK2-AS3	0	0	0	0	0	0	0	0	1	1	0	0	1	0	0	0	0	0	0	0	0	0	0	0	0	0	0	0	0	0
MIR31HG	13	0	5	1	5	0	4	5	5	0	2	4	3	1	2	2	15	43	16	1	96	4	9	2	3	1	5	5	22	11
SERHL	69	44	60	43	87	4	105	77	28	88	41	8	22	88	63	108	37	124	175	101	61	16	48	46	116	51	83	57	37	85
MIR4435-1HG	1154	801	795	282	391	235	2719	1379	168	781	1731	1778	263	1559	746	528	817	1390	328	650	1032	5133	2825	2715	605	2428	1061	1489	629	2734
CMB9-22P13.1	199	50	84	136	100	15	100	168	33	307	211	167	41	329	261	128	118	168	288	99	265	275	175	221	167	154	488	158	209	205
CCDC13-AS1	31	21	72	408	81	2	29	84	43	56	18	39	21	31	13	73	53	111	59	68	98	99	25	76	123	40	76	67	44	133
RP11-89N17.1	1	1	1	5	2	1	4	1	3	3	0	1	3	3	1	3	0	1	1	6	0	1	1	1	1	8	3	4	0	1
RP11-97O12.7	7	3	3	5	10	2	13	10	8	5	2	4	5	5	8	2	10	16	2	39	20	5	4	8	9	10	8	6	4	18
RP11-23P13.6	0	4	1	4	4	0	37	4	0	16	2	3	0	0	0	3	3	5	0	1	2	1	0	1	4	2	2	0	0	3
SNHG11	663	357	604	574	659	118	1048	853	150	1275	1044	559	140	502	866	810	589	469	868	803	1232	776	750	950	907	1027	1545	743	476	1152
C20orf166-AS1	21	49	0	26	1	12	8	7	19	1	7	34	4	121	2	3	62	7	75	37	4	22	17	0	4	6	32	83	1	60
MIR1-1HG	0	2	0	0	1	0	2	1	1	0	0	4	0	4	0	0	3	0	3	1	0	0	0	0	0	0	0	3	0	2
GRIK1-AS1	10	14	36	86	24	2	12	30	7	38	15	5	27	43	9	21	10	55	37	17	31	17	16	42	71	26	60	32	26	34
LRRC75A-AS1	11778	3846	8291	6341	5408	3573	8314	6467	7752	9054	6760	8948	1747	10119	7341	8717	5283	13054	12968	13639	7831	24067	10086	29716	5746	17726	10303	6424	5034	14722
TMEM51-AS1	90	14	182	41	54	4	69	77	43	129	27	38	30	132	23	65	62	70	78	150	156	14	67	49	159	49	69	111	48	44
RP11-276H1.3	0	0	1	0	3	0	2	1	2	3	1	2	7	1	0	1	2	1	6	1	3	0	0	0	3	4	3	2	0	0
LINC00476	174	65	130	174	182	73	179	279	171	141	210	258	79	147	236	180	144	231	479	228	169	236	153	306	216	233	271	229	134	335
LINC00521	0	1	0	49	2	0	2	1	0	8	1	0	0	1	1	0	0	0	1	1	1	3	0	0	0	0	0	1	0	2
C15orf54	1	0	0	3	2	0	4	8	0	1	4	4	1	3	1	0	9	0	0	2	5	4	5	3	0	0	4	4	1	8
LINC01106	3	5	0	1	24	1	31	0	85	1	12	6	1	4	0	11	0	6	5	1	5	0	7	3	24	15	13	7	2	64
RP11-121M22.1	7	2	2	16	9	0	14	5	7	8	5	9	4	2	3	0	15	8	10	8	5	10	3	6	28	7	10	8	9	29
RP11-544L8__B.4	7	7	7	14	8	1	10	0	14	24	3	1	3	11	11	2	4	3	9	6	14	1	3	6	10	7	27	6	2	10
LINC00302	0	0	0	0	0	0	0	0	0	0	0	0	0	0	0	0	0	0	0	0	0	0	0	0	0	0	0	0	0	0
C10orf111	19	6	10	32	7	1	14	5	42	14	10	13	2	22	9	14	16	32	20	13	20	19	13	15	10	15	33	25	10	59
RP11-404O13.5	0	0	0	0	2	0	3	1	1	0	0	1	0	0	1	0	0	0	3	0	0	1	0	0	2	0	0	0	0	1270
AC110781.3	0	1	2	1	12	0	10	1	23	0	1	1	11	2	8	3	2	3	2	1	5	0	0	0	8	0	3	2	1	17
RP5-856G1.2	2	1	2	0	0	0	0	1	0	0	0	0	0	0	1	0	0	1	1	1	0	0	0	0	0	2	0	0	0	1
CTD-2368P22.1	1024	375	555	517	375	66	1125	759	1491	1462	362	146	198	1428	674	749	575	2085	1043	1540	2143	294	798	524	1850	1592	1795	1152	403	783
C20orf197	5	15	11	56	63	7	19	67	5	92	14	74	1	10	7	54	16	22	7	10	19	25	27	31	23	16	16	31	27	20
TTTY14	195	74	1	397	179	3	167	170	153	164	26	2	104	166	108	168	133	92	352	0	188	195	1	30	150	432	528	185	0	230
C15orf56	2	3	6	20	9	0	5	22	7	8	9	16	2	2	3	9	9	3	1	5	8	13	15	4	19	9	22	13	16	8
LINC00303	1	3	4	15	25	0	5	3	4	1	5	2	1	6	2	9	3	4	6	7	5	6	2	4	15	16	18	4	11	122
MIR7-3HG	79	7	2	19	54	8	251	4	209	3	52	58	8	30	5	48	9	82	217	0	19	8	28	9	86	59	263	39	1	828
RP11-334J6.7	0	0	0	0	0	0	0	0	0	0	0	0	0	0	0	0	0	0	0	0	0	0	0	0	0	0	0	0	0	0
TYMSOS	168	48	38	47	71	8	43	169	74	133	103	86	56	132	80	82	144	62	95	243	37	93	51	218	46	88	155	136	82	229
