TCGA.06.0174.01A	TCGA.27.1837.01A	TCGA.14.0790.01B	TCGA.27.1834.01A	TCGA.16.0846.01A	TCGA.14.0871.01A	TCGA.06.0152.02A	TCGA.06.0184.01A	TCGA.06.0221.02A	TCGA.06.2557.01A	TCGA.14.0787.01A	TCGA.06.5410.01A	TCGA.26.5134.01A	TCGA.06.2559.01A	TCGA.26.5133.01A	TCGA.28.1747.01C	TCGA.41.3915.01A	TCGA.02.2485.01A	TCGA.12.0618.01A	TCGA.19.1390.01A	TCGA.06.0747.01A	TCGA.27.1831.01A	TCGA.06.0645.01A	TCGA.32.5222.01A	TCGA.32.1970.01A	TCGA.06.0744.01A	TCGA.32.2634.01A	TCGA.06.0646.01A	TCGA.14.1034.01A	TCGA.06.5411.01A
ENSG00000000003.13	4243	1528	3654	5480	2501	1736	2968	6723	1669	3382	2586	2231	768	3282	4580	5096	3734	5064	4280	1423	4198	6529	2732	6968	3464	4250	6766	2601	3935	2373
ENSG00000000005.5	2	2	10	26	2	524	3	10	2	17	3	3	3	7	2	8	9	5	4	1	1	22	10	9	16	8	15	13	4	11
ENSG00000000419.11	1011	342	797	1027	1009	416	1528	1335	844	1479	1375	1518	231	1409	1418	1019	822	1169	1293	1024	1708	1476	1280	2527	805	1352	2473	873	741	1864
ENSG00000000457.12	584	192	409	494	468	84	653	545	650	786	347	570	166	721	548	563	439	665	728	753	600	418	549	792	569	634	779	699	222	708
ENSG00000000460.15	509	152	227	286	247	190	488	309	480	743	256	406	134	570	341	342	333	574	565	655	355	308	379	694	341	300	799	480	223	376
ENSG00000000938.11	422	112	149	241	821	33	961	1279	206	689	433	2366	112	675	145	1027	810	524	762	962	262	164	1402	1779	496	307	531	617	569	859
ENSG00000000971.14	464	212	1801	1653	1215	386	1981	733	1397	2906	471	3828	191	645	2168	1037	1149	752	480	414	1167	652	2753	953	1644	911	665	1390	913	1177
ENSG00000001036.12	2365	1196	2740	3252	2980	491	3792	2948	792	2621	1801	3878	337	2644	1946	1815	2483	3106	2076	1605	3922	2811	2875	4372	2337	2943	4538	2107	4174	2135
ENSG00000001084.9	1867	556	1541	2805	2898	191	1280	2135	2431	2348	251	2525	441	2036	2314	3693	1022	2400	3006	2990	2341	1763	1847	1608	3067	1595	1874	2204	2126	2539
ENSG00000001167.13	1736	474	800	1242	602	664	1372	974	1705	1680	783	1192	434	1394	1542	966	928	1580	1873	3868	1256	561	1076	1349	1457	787	2002	1321	867	1551
ENSG00000001460.16	55	101	28	342	304	56	153	297	434	471	65	508	100	57	39	186	216	72	81	139	643	79	233	112	173	216	210	322	583	708
ENSG00000001461.15	954	869	1173	879	2033	127	1984	3018	4508	3526	488	4292	518	591	1045	1872	1434	801	982	3131	2067	264	1565	2281	1608	812	2567	1453	3336	5219
ENSG00000001497.15	2022	948	1694	1982	1718	565	2447	2372	2800	3271	1307	1776	632	2205	2203	2330	1509	2298	3709	4922	4179	664	1615	1455	2748	3270	3102	2530	1082	2096
ENSG00000001561.6	603	102	207	1292	988	90	603	813	1349	975	480	2568	293	388	1489	379	1595	630	2399	1118	139	677	1210	734	489	284	2835	1126	173	2245
ENSG00000001617.10	890	363	356	117	188	1431	1343	420	473	270	523	1413	172	648	1161	184	916	367	481	371	954	225	1854	303	236	474	1783	1183	509	1342
ENSG00000001626.13	76	66	35	58	52	14	96	334	148	72	11	57	31	191	32	82	27	34	235	624	55	1	47	18	69	101	82	66	12	78
ENSG00000001629.8	5068	3094	6124	6921	4228	1233	7206	5034	5966	15231	3541	4022	1086	6556	4897	7956	4091	5946	7379	7217	4104	8434	4500	6751	7150	3673	6309	6334	5205	5967
ENSG00000001630.14	548	240	210	457	264	51	613	294	398	582	229	293	49	270	587	344	252	264	562	524	464	105	277	448	679	196	463	446	472	327
ENSG00000001631.13	1646	782	1496	2182	1213	378	2431	2316	1815	6876	1357	1485	385	2497	1628	1774	1223	2154	2420	2292	2497	1327	1664	2291	2826	1876	2169	2202	1580	1952
ENSG00000002016.15	498	269	818	473	421	161	1117	539	477	845	434	322	157	944	603	474	510	696	1390	1097	1173	313	405	493	729	797	789	767	238	635
ENSG00000002079.11	11	5	10	15	10	6	12	13	16	10	4	5	4	9	9	5	13	8	30	31	18	6	4	3	27	14	29	31	2	15
ENSG00000002330.12	2042	1158	2272	2407	1841	196	1847	2538	1599	1882	2218	2604	586	1305	3782	2440	1888	2262	2905	1745	2211	2808	2063	3450	2662	4255	3398	2447	1933	3858
ENSG00000002549.11	4597	3704	7561	8651	11227	748	16760	11629	2867	9389	6510	16689	1178	5320	5493	17308	5481	10235	3929	4951	10195	9377	12137	9569	8476	3952	5285	10386	6122	6811
ENSG00000002586.16	14371	12131	8612	36340	33612	1792	26562	63330	4752	19870	24894	22003	3488	22981	23224	34701	43517	25832	29319	8032	59289	20961	28460	50911	25070	28963	33411	23757	21734	17245
ENSG00000002587.8	1644	430	235	3091	1059	27	577	908	451	949	129	1149	319	1116	3054	717	2247	567	1248	123	2071	544	1737	453	342	1451	769	1693	608	534
ENSG00000002726.18	2	4	4	12	9	1	22	14	5	37	1	20	5	11	10	10	11	10	10	4	5	8	20	3	7	13	19	12	2	10
ENSG00000002745.11	29	231	14	4	7	4	50	26	31	97	121	52	7	361	4	120	3	1612	60	7	12	223	24	224	57	83	50	43	6	50
ENSG00000002746.13	845	104	193	37	252	75	501	16	1561	50	63	102	91	534	124	107	46	128	724	771	78	24	123	33	1475	48	366	295	5	1172
ENSG00000002822.14	2214	570	1627	1265	1847	762	2497	1276	1660	1615	1410	1458	533	1167	1812	1384	1190	1649	2423	2194	1528	256	1568	1076	2834	1706	2139	1736	1279	1557
ENSG00000002834.16	7911	5625	7141	7508	7441	1257	12278	6474	9650	10453	7180	11225	1870	8316	5649	10247	7837	10670	7070	15527	6473	1246	9375	7934	10313	7213	10189	11201	9195	9111
ENSG00000002919.13	1939	698	1392	1385	2043	130	1731	1992	1100	2366	1085	3013	250	1683	1953	1872	2129	1867	2369	1192	1244	2873	2110	3368	1620	2409	2232	1584	712	3424
ENSG00000002933.6	1909	1707	2372	4064	3673	96	2706	5002	792	4613	288	9474	460	6029	356	1453	3120	2782	6425	502	1229	2649	7291	814	2658	3127	2456	8851	657	2160
ENSG00000003056.6	2570	1106	1526	3082	2133	641	4533	5105	1936	4437	1483	6742	426	3029	3960	3342	2860	2207	3582	2665	2542	1001	3985	3835	1986	1721	4014	3590	2847	3841
ENSG00000003096.12	2153	468	618	2253	721	61	1171	1516	2494	2640	449	449	228	1351	2937	1068	746	1293	3634	1348	663	628	598	1650	867	854	2241	805	535	1696
ENSG00000003137.7	318	35	183	137	397	566	205	58	598	232	33	498	78	144	384	70	240	221	489	125	291	15	113	66	143	63	646	173	171	424
ENSG00000003147.16	789	179	543	496	439	194	531	474	709	529	144	533	165	483	570	471	418	801	904	340	345	194	732	905	839	480	472	745	253	1369
ENSG00000003249.12	2289	1524	1434	1495	2999	58	2131	5882	1731	679	1009	1149	598	2535	5415	1880	1416	1932	1220	3740	5156	655	1347	1537	1591	1968	3739	1053	6018	2844
ENSG00000003393.13	1636	760	978	1910	1516	348	2179	1071	2724	2023	1197	1371	435	1958	1701	1514	1268	1594	2217	2689	1937	883	1407	1529	2330	1547	2345	1729	1272	1985
ENSG00000003400.13	220	159	253	605	442	19	637	780	242	905	183	1063	57	325	216	436	391	347	229	173	229	330	659	531	398	505	249	463	271	394
ENSG00000003402.18	1572	1029	1809	2800	3450	262	5104	3753	2700	4962	1685	3969	727	3581	2384	2657	2656	2742	2516	2623	3220	1378	3465	2754	3531	2619	4136	3710	2158	2572
ENSG00000003436.13	1576	179	1413	1251	990	162	1018	2177	1905	3773	231	1658	564	2023	2649	107	1264	2147	2427	3022	309	399	1566	5414	4118	522	1598	960	270	1171
ENSG00000003509.14	455	203	416	392	421	173	703	613	550	698	343	540	160	745	620	519	390	452	946	634	698	468	485	795	437	704	704	589	313	809
ENSG00000003756.15	4388	2508	5722	3910	4413	1526	6892	4968	6160	8283	3229	3565	1468	6468	3735	5145	4162	5069	8492	10544	9936	1981	4753	4393	6191	11242	5148	6023	1762	5189
ENSG00000003987.12	144	54	41	113	147	45	153	98	898	201	66	229	31	110	141	165	62	128	628	196	97	112	132	161	162	81	199	464	27	1137
ENSG00000003989.15	660	97	611	1242	1166	890	1811	255	1163	349	466	695	131	332	446	2144	409	2361	1078	820	283	373	1391	155	1549	374	1029	2025	504	861
ENSG00000004059.9	8190	3310	4290	4753	5493	1437	6475	11466	5682	6082	6476	6943	1616	5556	4660	7373	5538	6268	9781	10338	10747	12672	6818	9318	9494	13731	6900	7615	4832	15524
ENSG00000004139.12	1263	634	728	971	660	106	1471	311	2483	1597	695	535	335	857	431	1094	755	1327	1947	2502	1454	99	698	514	1365	1069	1861	1582	600	1090
ENSG00000004142.10	6123	2830	4608	5205	4839	729	6102	5384	4871	7037	4510	6083	1259	4477	4329	6335	4280	6252	7442	7773	5355	3283	5210	7374	6438	4891	7886	6331	4708	8181
ENSG00000004399.11	5535	3380	2195	5263	4971	622	12707	7770	4629	9600	4112	17085	1519	5412	5810	4827	11068	3020	3215	7130	3811	961	10523	3196	5678	6201	12353	9419	6837	5490
ENSG00000004455.15	5353	2358	3390	4594	4193	1023	5730	9973	2818	6978	4639	8171	1218	6670	7821	5646	5102	4818	6978	3294	7154	9058	6439	11574	4808	6353	8194	4993	7832	5310
ENSG00000004468.11	442	563	4723	2794	6959	27	780	645	1620	1278	170	693	313	478	191	3710	900	5186	2441	713	167	682	838	885	1979	1217	2138	1293	726	1080
ENSG00000004478.7	6919	1410	4191	5506	3994	2176	5686	6248	4072	5205	4041	5256	1155	5160	7991	3794	3074	4162	11436	9329	4059	2002	4061	8228	4603	5755	6286	4748	2642	7235
ENSG00000004487.14	9409	2327	3052	3657	3951	2138	5256	3897	11419	7829	3089	3221	1555	6516	6974	5092	3662	7465	14038	11488	5346	2169	3968	7193	6045	5369	1858	5426	4018	5899
ENSG00000004534.13	2928	1678	4925	4063	3000	1019	4027	2785	6413	6244	3674	2200	1080	7244	3223	4959	2937	4561	10012	7122	7705	1195	2966	1960	5366	10296	5550	3609	1522	3228
ENSG00000004660.13	506	346	165	1093	1182	109	844	396	3975	411	278	975	126	715	165	931	379	2014	1138	735	541	151	561	228	863	597	1803	776	172	4794
ENSG00000004700.14	1014	375	607	757	335	224	1757	1427	620	1117	567	1525	170	1183	892	540	889	1257	1145	1004	1195	261	975	1999	1021	567	1601	1323	1180	883
ENSG00000004766.14	1786	648	1332	1796	1153	322	1945	1286	1701	3103	1176	1331	290	1577	1433	1504	1043	1837	2208	1969	1923	1930	1563	1858	2533	1432	1518	1575	1322	2538
ENSG00000004776.10	1315	452	2728	1557	1025	55	1205	5719	641	2986	1297	3354	499	1536	2719	1715	1620	1666	832	605	3350	623	2551	2060	2625	2829	1930	2143	3737	729
ENSG00000004777.17	6741	1790	1889	1597	3890	370	3364	1869	6473	4211	1112	866	1362	4204	3574	2759	2640	4337	7789	13261	3876	250	2522	1072	7645	5118	6647	5270	2189	5365
ENSG00000004779.8	2551	946	1885	1155	2213	403	2142	4007	1826	2110	2098	3606	705	2076	3391	2058	1716	2585	2888	2526	2563	4928	2232	5344	2249	3683	3821	2390	1428	6960
ENSG00000004799.7	1130	93	442	377	2524	207	1157	2856	651	829	410	9702	219	1031	668	2108	1854	1698	2708	2574	968	493	3913	2031	950	644	2301	331	1096	3439
ENSG00000004809.12	4	2	0	4	7	0	2	4	0	19	3	47	1	2	7	1	7	2	4	5	16	13	22	1	6	0	4	10	6	8
ENSG00000004838.12	105	88	77	3951	268	25	140	431	153	244	161	105	71	154	158	375	851	170	137	227	802	426	97	220	424	223	1821	1116	584	185
ENSG00000004846.15	5	3	5	4	0	3	3	0	1	19	0	1	5	2	4	1	1	1	6	1	0	1	5	0	4	1	5	6	2	5
ENSG00000004848.6	198	148	154	390	274	9	925	514	548	218	610	119	21	51	428	74	261	1321	1015	23	223	810	206	100	734	197	570	157	1245	543
ENSG00000004864.12	2117	699	1557	2005	1429	581	1848	2561	1572	2861	1075	1818	319	1277	1182	1712	982	1711	2954	2660	1502	768	1532	1877	2107	1610	4192	1852	1131	1829
ENSG00000004866.17	2219	620	1008	2228	1732	238	1571	2895	1690	1453	1170	1219	368	1975	2764	2235	1189	2390	4042	1780	1745	1529	1803	1773	2569	2208	2527	1697	1501	3067
ENSG00000004897.10	3294	1198	1811	3117	2175	530	3339	1563	3503	3215	1467	2719	836	4089	2817	2344	2375	2959	3299	3542	2260	1565	2589	2993	2440	1604	4436	2817	2065	3446
ENSG00000004939.12	5	0	0	1	8	0	12	12	9	17	3	20	2	9	7	1	55	14	15	20	12	2	3	7	6	11	5	4	4	5
ENSG00000004948.12	8	0	1	8	3	1	10	16	11	43	11	33	4	1	18	2	7	6	2	1	3	3	17	1	9	8	9	12	6	12
ENSG00000004961.13	1012	387	590	796	724	222	1150	1582	773	1068	629	1341	191	940	1290	815	919	793	1248	1036	947	989	1089	1738	803	953	1081	837	722	1628
ENSG00000004975.10	2187	1083	1494	2287	1061	428	2874	1581	2605	4156	1630	1669	523	2516	1737	2132	1260	2375	2920	5249	3286	843	2072	1802	2546	1797	3590	2754	1631	1579
ENSG00000005001.8	1	1	0	0	0	0	0	0	3	1	1	4	0	0	0	0	3	1	0	0	0	1	2	1	0	2	1	1	0	2
ENSG00000005007.11	5451	2484	4995	4793	5776	1011	9068	4687	5853	6946	2125	4937	1175	3113	6936	4895	3930	8207	6461	8278	10043	731	5752	3776	10397	4989	7538	5124	7375	3540
ENSG00000005020.11	3189	465	3813	3907	3532	80	1916	3842	797	4864	3050	5783	162	786	442	3085	1004	4415	5302	2275	830	2892	2368	2036	2435	498	4539	1113	1420	1786
ENSG00000005022.5	12990	4704	8744	7883	8254	3280	11142	23047	6283	12239	7755	13112	2459	9942	11266	11540	8567	13176	13306	15306	11434	15021	9811	21315	11037	16134	15079	9327	9710	15601
ENSG00000005059.14	954	741	1010	1150	904	111	2043	2201	573	1798	1484	2999	222	1331	1161	1173	1883	1451	703	375	1774	3038	2241	4002	1677	2001	3212	2242	2623	2055
ENSG00000005073.5	468	11	95	207	41	259	1	9	654	117	21	14	18	10	20	24	4	54	115	126	8	23	30	54	55	26	463	33	0	42
ENSG00000005075.14	2933	1272	3336	2378	2852	503	2679	3839	1734	2610	2925	3037	745	2101	3864	3234	2318	2827	4285	3296	4458	7218	2918	4368	3858	5580	2816	2637	2328	3903
ENSG00000005100.11	1752	855	1461	1693	1325	338	2091	804	2712	2277	1211	945	494	2285	2019	1525	855	2304	2953	3794	1889	687	1214	1659	2212	1488	2526	1941	1312	1330
ENSG00000005102.11	2	1	1	8	4	695	23	2	0	12	4	2	2	1	3	2	1	2	0	2	2	7	1	2	1	0	0	0	0	4
ENSG00000005108.14	2774	97	1127	1168	1208	180	689	119	3980	1503	365	276	186	2796	652	282	486	943	6246	1563	631	60	675	1639	1848	607	3971	1743	396	2189
ENSG00000005156.10	1737	521	870	1299	769	313	1835	762	2705	1966	1035	983	417	1394	2404	1246	1020	1427	1685	3072	1739	486	1029	1297	1437	1117	1875	1381	813	1287
ENSG00000005175.8	1168	480	1461	1455	847	225	1475	670	1573	1244	826	1271	332	1376	1124	1274	951	1364	1274	1044	1352	1376	874	2546	1102	884	1587	1270	1046	1427
ENSG00000005187.10	20	17	20	28	26	63	48	26	23	61	34	61	5	24	18	20	54	19	11	47	29	17	22	37	40	33	27	28	20	24
ENSG00000005189.18	669	127	176	330	513	30	388	181	408	327	134	136	118	435	258	272	287	491	1441	2183	280	204	151	203	384	272	898	595	109	581
ENSG00000005194.13	4270	1492	2738	2175	2584	331	3574	3866	1702	2061	2404	2065	751	3617	4408	1922	1935	3673	2580	4036	2909	3302	2732	5866	2968	3679	3856	3159	1872	5431
ENSG00000005206.15	3073	1798	4845	2811	2917	245	5674	3558	3191	3966	2494	1577	1249	3118	2916	4010	2663	5862	7217	12304	11394	596	2908	2338	9105	10774	5328	4524	2559	1916
ENSG00000005238.18	1227	916	1142	2508	1851	198	2870	2563	1667	1681	836	2937	287	1364	1866	2136	2560	1570	1983	1833	1164	614	2325	1371	1234	2723	2395	2507	1976	2580
ENSG00000005243.8	335	265	945	1514	842	87	592	1203	275	593	726	1570	149	205	96	874	1323	229	233	691	231	2121	928	625	624	1221	710	1034	530	856
ENSG00000005249.11	2094	277	496	1761	964	109	1446	323	2118	233	596	1054	318	1287	760	735	737	1400	3500	1601	1094	591	985	341	1143	373	2010	2054	763	4073
ENSG00000005302.16	1461	638	1067	1728	1199	266	1823	1591	1352	2113	987	1915	280	1732	1173	1500	1447	1730	1721	1722	1851	1670	1601	2637	1246	1901	1683	1572	997	2635
ENSG00000005339.11	4700	2155	2510	3747	3605	949	6737	3281	12134	6498	2433	2836	1426	4310	5950	4321	3698	4838	5350	8015	5967	1630	3114	1983	8098	3766	6869	4822	4491	3091
ENSG00000005379.14	936	646	879	1851	1486	173	2146	600	3959	518	1119	812	522	453	433	1206	503	624	2424	3140	3777	94	489	406	2075	1960	1842	2220	504	5417
ENSG00000005381.7	10	10	0	38	31	2	56	24	23	33	2	59	5	15	1	15	20	4	86	6	16	11	22	7	97	8	43	41	48	110
ENSG00000005421.7	5	2	31	17	11	2	11	17	6	6	11	4	4	15	2	4	2	36	10	5	1	11	2	1	78	6	2	2	8	36
ENSG00000005436.12	832	261	650	964	1007	277	837	766	1018	977	489	558	217	850	493	785	673	1108	894	1069	751	901	527	1163	787	949	1669	717	441	705
ENSG00000005448.15	2035	475	656	1644	710	246	1364	1454	858	1078	1508	899	399	1380	1487	841	1527	1277	2158	2683	2134	602	959	1824	1024	1304	2225	1488	1412	1970
ENSG00000005469.10	1069	627	1549	2728	2500	393	1794	7433	768	2545	1339	3003	245	702	4172	1907	1128	2874	1226	1256	2940	3411	1803	1781	2340	1698	1683	2127	4270	1515
ENSG00000005471.14	178	71	87	157	131	42	148	220	250	165	65	179	50	171	694	227	277	320	183	163	134	117	202	242	349	145	557	138	346	96
