TCGA.QK.A652.01A	TCGA.BB.4224.01A	TCGA.CV.5431.01A	TCGA.P3.A5Q6.01A	TCGA.CN.6019.01A	TCGA.CN.5358.01A	TCGA.CV.7250.11A	TCGA.CV.7438.01A	TCGA.TN.A7HI.01A	TCGA.BA.A4IG.01A	TCGA.CV.6937.01A	TCGA.CR.7402.01A	TCGA.CR.7371.01A	TCGA.CQ.6225.01A	TCGA.CQ.A4CI.01A	TCGA.CQ.A4C6.01A	TCGA.BA.5555.01A	TCGA.D6.A6EM.01A	TCGA.CQ.6218.01A	TCGA.QK.A8Z9.01B	TCGA.CV.7095.01A	TCGA.CQ.7065.01A	TCGA.CV.6959.01A	TCGA.CV.7090.01A	TCGA.CV.6003.01A	TCGA.CV.A45Q.01A	TCGA.CR.7395.01A	TCGA.BB.A5HU.01A	TCGA.BB.A6UO.01A	TCGA.DQ.5624.01A
ENSG00000082929.7	2	4	4	3	2	0	11	0	3	4	8	3	5	5	2	4	10	3	19	10	8	0	4	3	7	0	1	0	2	8
ENSG00000083622.8	0	0	0	0	0	0	0	0	0	0	0	0	0	1	0	0	0	0	0	0	0	0	0	0	0	0	0	0	0	0
ENSG00000093100.13	16	18	4	1	4	8	2	10	0	0	3	12	5	15	3	1	6	0	3	7	5	0	7	5	2	0	0	13	3	9
ENSG00000099869.7	7	3	29	54	35	18	3	4	8	0	42	9	5	51	40	1	3	5	0	38	1	4	4	14	5	0	5	46	6	19
ENSG00000100181.20	103	32	39	86	480	282	134	72	6381	47	18	298	250	1428	295	26	2538	21	123	109	19	13	79	13	17	9	46	44	12	42
ENSG00000115934.11	0	0	0	0	0	0	0	0	1	2	0	3	0	0	0	0	0	0	0	0	1	0	0	0	0	0	0	0	0	0
ENSG00000116652.6	26	13	3	5	16	2	13	18	1	16	7	28	6	2	6	10	5	1	1	30	3	5	22	2	1	0	4	14	4	8
ENSG00000116883.8	739	707	81	101	52	146	31	58	79	218	56	114	23	160	84	122	25	60	192	187	58	280	55	28	65	113	162	107	367	164
ENSG00000117242.7	217	149	194	205	228	253	149	239	160	252	96	578	296	155	165	159	423	92	194	356	185	188	543	132	343	33	110	220	86	388
ENSG00000120055.7	38	53	21	62	9	6	48	15	33	21	45	55	29	41	17	22	23	37	34	15	37	47	30	8	111	14	23	14	42	59
ENSG00000120664.9	4	0	0	2	0	1	2	2	3	2	2	3	1	1	7	2	5	2	2	7	2	2	0	0	1	0	0	0	1	0
ENSG00000122043.9	2	1	1	0	0	4	0	0	2	1	0	1	0	0	0	1	0	0	0	2	0	0	1	0	0	0	1	1	0	0
ENSG00000122548.5	0	5	1	0	0	2	1	1	3	0	0	0	1	0	1	0	0	1	0	1	0	0	0	0	0	5	0	1	0	0
ENSG00000124835.2	1	6	0	0	0	0	0	0	2	0	0	1	0	2	0	0	0	0	0	0	0	0	0	1	0	0	0	0	0	0
ENSG00000124915.9	0	3	0	1	1	2	0	0	3	0	0	0	1	1	0	0	0	1	0	0	0	0	0	0	0	0	0	0	0	0
ENSG00000125514.8	0	14	2	0	0	1	0	0	0	0	1	0	0	0	1	0	0	0	0	0	0	0	0	0	0	0	0	0	0	0
ENSG00000125804.12	22	2	1	16	3	1	12	0	2	92	1	148	6	6	13	2	0	0	2	4	2	1	3	2	4	0	5	1	0	9
ENSG00000125899.7	0	0	0	1	0	0	0	1	0	0	0	0	0	0	0	0	0	0	0	0	0	0	0	1	0	0	0	0	1	0
ENSG00000126005.14	3592	515	1137	3756	1867	827	1137	879	1740	1385	5561	1380	2295	2309	715	1454	2589	779	2162	2251	1370	966	3998	1002	16400	1540	400	854	1092	3996
ENSG00000128254.12	14	14	5	3	3	6	1	7	8	4	3	14	7	2	4	10	11	5	1	4	3	4	9	8	12	8	3	11	0	8
ENSG00000129816.5	0	0	0	0	0	0	0	0	0	0	0	0	0	0	0	0	0	0	0	0	0	0	0	0	0	0	0	0	0	0
ENSG00000129845.5	0	0	0	0	0	0	0	0	0	0	0	0	0	0	0	0	0	0	0	0	0	0	0	0	0	0	0	0	0	0
ENSG00000130600.14	10165	850	1348	732	4663	6463	12066	9168	2258	2208	1092	2463	2674	90439	329	2431	219	14080	2571	2649	3195	2231	127341	599	763	27412	7867	167	463	5183
ENSG00000131007.8	0	0	0	0	0	0	0	0	0	0	0	1	0	0	0	0	0	0	0	0	0	0	0	0	0	0	0	0	0	0
ENSG00000131484.4	0	1	0	0	0	0	1	0	0	1	0	1	0	0	2	1	1	1	0	0	0	0	0	0	0	0	0	3	0	0
ENSG00000131538.7	0	0	0	0	0	0	0	0	0	0	0	0	0	0	0	0	0	0	0	0	0	0	0	0	0	0	0	0	0	0
ENSG00000131548.7	0	0	0	0	0	0	0	0	0	0	0	0	0	0	0	0	0	0	0	0	0	0	0	0	0	0	0	0	0	0
ENSG00000132204.12	3	9	1	0	54	1	5	0	4	5	0	1	4	134	3	1	1	0	0	6	0	0	0	0	60	0	1	153	3	0
ENSG00000132832.8	24	5	9	6	7	17	3	3	24	15	13	6	13	332	114	7	1	11	11	4	1	0	10	9	6	0	5	3	2	1
ENSG00000136275.9	0	6	2	0	0	1	0	0	1	1	0	7	0	0	0	0	1	0	0	0	0	0	1	2	0	0	0	0	0	0
ENSG00000136315.4	1	0	2	1	2	9	0	2	0	0	0	2	0	0	0	2	1	0	1	1	0	0	0	0	1	0	0	3	2	0
ENSG00000137808.12	0	0	0	0	0	0	0	0	0	0	0	0	0	0	0	0	0	0	0	0	0	0	0	0	0	0	0	0	0	0
ENSG00000142396.9	588	937	306	467	346	387	343	520	346	744	431	746	555	925	486	587	361	384	346	392	348	327	544	355	462	160	229	518	251	520
ENSG00000145063.13	3	5	0	3	0	2	1	1	6	1	2	41	2	3	0	0	6	1	0	0	0	1	0	1	2	0	0	4	2	0
ENSG00000146521.8	12	9	1	2	14	32	4	10	8	3	4	6	8	3	24	2	2	6	6	0	3	3	18	1	1	0	10	0	6	7
ENSG00000146666.5	4	8	19	12	1	43	1	1	36	8	83	116	11	0	2	5	4	6	4	0	1	1	2	0	17	0	1	20	9	2
ENSG00000147753.8	0	0	0	0	0	0	0	0	0	0	0	0	0	0	0	0	0	0	0	0	0	0	0	0	0	0	0	0	0	0
ENSG00000147761.7	0	0	0	0	0	0	0	0	0	0	0	0	0	0	0	0	0	0	0	0	0	0	0	0	0	0	0	0	0	0
ENSG00000149443.6	0	5	0	0	1	0	0	0	0	0	0	0	1	0	1	0	0	0	0	0	0	0	0	0	0	0	0	0	1	0
ENSG00000149656.7	1	2	0	0	0	0	1	0	1	1	3	0	3	1	1	0	0	0	0	2	0	0	2	0	0	0	0	0	0	1
ENSG00000151303.11	12	8	2	0	4	2	3	1	2	3	2	9	2	17	20	3	0	0	3	3	0	2	3	1	1	0	0	6	1	2
ENSG00000152931.7	139	59	0	17	150	17	153	3	107	873	9	91	281	20	342	145	104	4	165	108	1	111	6	112	136	56	22	18	21	65
ENSG00000153363.11	272	518	80	152	143	470	73	219	202	642	149	108	150	23	244	128	751	567	191	163	226	147	135	128	368	22	27	320	131	199
ENSG00000157306.13	47	65	40	29	18	13	7	9	46	48	16	44	12	42	59	24	9	18	7	36	1	15	14	1	18	25	3	63	16	13
ENSG00000162888.4	12	30	14	0	11	11	6	3	1	2	7	15	20	14	9	7	13	2	2	9	2	5	6	6	2	11	2	9	0	6
ENSG00000162947.4	0	2	1	0	0	1	0	0	2	1	0	1	0	0	1	0	0	1	1	0	0	1	0	0	0	0	0	0	2	0
ENSG00000163009.7	20	271	33	9	0	19	17	10	86	38	6	75	7	23	56	12	3	139	6	10	21	11	40	7	40	0	7	11	18	6
ENSG00000163364.8	374	183	45	402	171	290	36	358	10	12	74	49	59	49	13	335	21	345	261	297	623	376	589	308	639	225	52	391	392	547
ENSG00000163597.13	1273	817	1189	1145	1335	973	1413	1473	323	1169	573	1743	2150	2076	1092	2250	1684	694	1419	1393	1066	1286	1793	938	1367	881	1058	1411	1041	1462
ENSG00000163915.6	2	11	3	41	7	9	0	8	9	5	5	10	22	22	138	35	5	13	3	3	10	26	23	18	21	6	3	36	6	16
ENSG00000164621.5	8	102	0	12	22	3	3	5	27	28	4	46	4	23	23	6	13	13	1	11	2	9	2	3	1	4	3	4	4	3
ENSG00000165511.6	44	25	83	59	79	46	21	77	104	13	43	96	50	103	31	47	40	33	26	64	60	83	66	27	62	0	10	121	32	74
ENSG00000166770.9	92	32	61	68	287	134	167	55	29	1019	35	1336	107	689	65	28	978	58	92	132	22	14	80	72	24	18	26	83	36	84
ENSG00000166917.8	8	13	0	0	0	1	0	0	2	2	0	0	0	1	0	0	0	0	0	0	0	0	0	0	0	0	0	0	0	0
ENSG00000167046.4	92	4	1	1	7	8	7	3	3	6	3	5	24	50	3	10	18	3	20	0	4	9	9	7	7	13	9	4	3	11
ENSG00000167117.7	2	13	2	1	0	0	0	1	0	0	0	0	0	0	1	0	1	0	0	0	0	0	0	0	0	0	0	1	0	0
ENSG00000167355.6	1	0	0	0	0	12	1	0	3	0	19	0	1	359	0	1	0	0	0	0	1	32	0	2	120	0	0	5	0	0
ENSG00000167459.15	0	14	2	0	3	0	0	0	1	0	0	0	0	2	1	0	0	0	0	0	0	0	0	0	0	0	0	0	1	0
ENSG00000167912.5	79	23	57	170	18	83	19	158	70	36	16	35	147	11	9	345	31	15	44	86	3	48	13	159	83	0	37	17	14	108
ENSG00000168367.8	0	1	0	0	0	15	0	0	3	0	0	0	0	51	0	0	0	1	2	0	0	1	0	0	0	4	4	0	7	0
ENSG00000170161.6	19	43	2	15	21	20	9	21	100	20	11	15	23	23	47	15	20	18	3	23	3	5	16	5	35	13	4	9	8	12
ENSG00000170590.7	2	0	0	0	0	0	0	0	0	0	0	0	0	0	0	0	0	0	0	0	0	0	0	0	0	0	0	0	0	0
ENSG00000170846.14	879	669	252	373	401	266	355	409	698	556	1487	1959	582	1120	918	688	658	707	312	779	434	681	575	335	1198	433	161	472	254	508
ENSG00000170919.14	426	312	333	125	279	166	122	308	176	136	166	336	179	338	365	366	179	205	144	350	99	62	460	113	352	71	102	250	141	221
ENSG00000170983.3	0	0	0	0	0	0	0	0	1	0	0	0	0	0	0	0	0	0	0	0	0	0	0	0	0	0	0	0	0	0
ENSG00000171671.6	0	3	0	0	0	0	0	0	1	0	0	0	0	0	0	1	0	0	0	0	0	0	0	0	0	0	0	0	0	0
ENSG00000171889.3	162	49	1	66	6	80	69	68	5	49	62	41	22	112	9	676	89	60	231	309	341	350	361	496	195	19	363	386	243	75
ENSG00000172250.13	42	18	49	20	9	31	29	27	20	23	19	69	42	77	55	26	30	39	0	13	18	2	29	78	22	0	45	58	6	100
ENSG00000172965.13	881	781	1500	1201	1780	1235	458	1334	1274	748	622	545	891	1357	1310	726	1248	1673	823	1461	577	458	1258	859	1150	1963	455	1024	1171	1408
ENSG00000173727.10	816	137	67	105	123	108	40	136	89	258	40	996	226	1706	258	236	119	124	145	132	315	663	307	130	400	89	55	151	53	79
ENSG00000173811.9	8	5	1	0	4	3	1	3	1	6	2	1	4	1	2	0	0	1	1	10	1	0	1	5	1	0	0	6	1	4
ENSG00000173862.3	1	3	0	0	0	1	1	3	1	3	3	0	0	1	1	0	1	0	3	2	0	0	0	0	0	0	0	1	2	1
ENSG00000173867.8	3	6	4	1	5	4	2	4	2	4	1	0	3	4	2	3	0	10	1	3	0	1	0	1	2	3	0	3	0	3
ENSG00000174171.5	30	8	83	5	26	20	6	2	30	13	31	108	6	9	2	12	7	4	7	13	1	0	3	2	2	0	6	19	4	0
ENSG00000174365.18	890	282	317	264	292	174	141	205	786	334	447	278	327	652	349	469	313	602	227	443	251	341	291	289	2488	539	118	319	212	365
ENSG00000174403.14	44	2	0	1	14	13	58	36	3	0	2	3	3	3	0	15	1	28	0	27	4	3	61	1	7	3	1	0	2	11
ENSG00000174407.10	217	14	0	0	33	21	747	92	0	0	1	0	1	4	0	14	0	602	0	6	13	9	95	0	0	5	2	0	0	23
ENSG00000174680.8	5	3	1	0	5	0	2	0	1	1	1	1	1	0	0	0	1	0	0	3	1	1	2	0	0	0	1	1	0	0
ENSG00000175061.16	11422	9828	6541	11181	7378	6721	8247	10215	9743	6311	10608	8825	6189	13529	10070	9065	5585	7015	11011	6929	11201	8900	9422	4070	7685	8215	4403	3599	10123	9732
ENSG00000175147.10	115	267	27	19	29	22	122	25	5	28	29	53	22	178	9	24	30	9	42	111	24	33	50	46	37	9	18	102	19	41
ENSG00000175604.2	0	17	4	3	0	4	2	0	4	0	1	2	1	0	0	2	0	0	0	0	1	4	1	2	0	0	0	0	0	0
ENSG00000175611.10	206	471	117	108	112	92	86	50	265	285	79	588	229	236	386	194	101	165	70	159	41	74	95	114	170	80	36	49	69	70
ENSG00000175699.11	7	4	0	0	1	2	6	1	5	7	0	0	0	2	0	1	1	4	0	0	1	0	10	0	0	4	0	0	3	1
ENSG00000175746.6	3	0	1	2	5	6	1	9	1	0	1	10	5	5	2	2	6	0	4	2	0	2	3	6	2	0	6	4	2	0
ENSG00000175772.10	17	16	18	37	22	14	19	8	19	27	19	29	61	68	86	14	75	28	22	22	29	17	30	16	90	21	2	6	36	29
ENSG00000175773.11	8	34	5	11	7	2	5	4	7	5	10	1	1	49	18	1	16	8	2	4	5	3	8	2	1	5	1	5	3	3
ENSG00000175967.3	4	5	2	1	1	1	0	0	1	2	0	0	1	36	1	0	0	0	0	0	0	1	1	0	0	0	0	5	0	0
ENSG00000176075.7	223	5	4	38	14	1297	0	6	0	2	0	8	6	4	1	21	2	2	328	7	25	19	28	17	3	146	85	9	2	1
ENSG00000176236.6	16	13	8	3	3	2	4	3	9	8	18	12	8	11	9	5	14	7	3	8	5	15	12	6	9	9	10	2	5	14
ENSG00000176320.2	1	25	6	0	7	3	3	6	2	3	0	0	2	0	1	1	4	1	0	1	0	0	3	1	0	0	0	0	0	2
ENSG00000176349.10	0	4	3	0	0	0	0	0	1	1	2	0	2	21	30	0	1	3	0	0	0	0	0	0	0	2	0	1	0	0
ENSG00000176515.1	1	5	1	0	0	0	0	1	4	2	6	2	4	9	0	1	1	0	1	2	0	0	3	4	2	0	2	0	0	3
ENSG00000176593.6	38	333	117	70	72	99	49	35	581	250	165	192	94	198	141	12	101	25	11	247	12	58	32	21	24	0	11	129	43	99
ENSG00000176659.7	10	2	5	1	14	94	9	162	5	11	58	19	10	268	2	11	20	8	32	10	6	0	9	16	4	294	70	132	70	183
ENSG00000176728.6	75	20	6	23	42	13	160	0	406	111	54	132	0	16	9	14	15	0	0	32	0	70	15	14	0	0	0	4	1	0
ENSG00000176753.5	2	118	19	2	6	1	18	1	16	12	0	29	6	68	17	0	32	40	24	13	3	1	2	3	0	0	0	2	3	0
ENSG00000176754.11	0	41	4	3	0	5	0	1	1	4	1	0	0	21	11	1	2	2	2	4	0	1	2	0	1	3	0	1	1	0
ENSG00000176840.10	0	29	3	0	0	4	0	0	5	0	0	0	0	1	0	0	0	0	0	0	0	0	0	1	0	0	0	0	0	0
ENSG00000176868.2	0	0	0	0	0	0	0	0	0	0	0	0	0	0	0	0	0	0	0	0	0	0	0	0	0	0	0	0	0	0
ENSG00000176912.3	63	127	48	375	12	11	17	44	214	248	42	527	138	156	160	13	167	89	16	38	8	23	22	31	132	150	26	53	36	6
