TCGA.QK.A652.01A	TCGA.BB.4224.01A	TCGA.CV.5431.01A	TCGA.P3.A5Q6.01A	TCGA.CN.6019.01A	TCGA.CN.5358.01A	TCGA.CV.7250.11A	TCGA.CV.7438.01A	TCGA.TN.A7HI.01A	TCGA.BA.A4IG.01A	TCGA.CV.6937.01A	TCGA.CR.7402.01A	TCGA.CR.7371.01A	TCGA.CQ.6225.01A	TCGA.CQ.A4CI.01A	TCGA.CQ.A4C6.01A	TCGA.BA.5555.01A	TCGA.D6.A6EM.01A	TCGA.CQ.6218.01A	TCGA.QK.A8Z9.01B	TCGA.CV.7095.01A	TCGA.CQ.7065.01A	TCGA.CV.6959.01A	TCGA.CV.7090.01A	TCGA.CV.6003.01A	TCGA.CV.A45Q.01A	TCGA.CR.7395.01A	TCGA.BB.A5HU.01A	TCGA.BB.A6UO.01A	TCGA.DQ.5624.01A
ENSG00000000003.13	1100	2237	992	1268	1522	864	3225	1658	2082	3075	1232	3377	3720	9049	2191	1031	4189	891	1217	872	206	3004	1154	1050	2615	343	652	3814	899	2263
ENSG00000000005.5	0	2	1	0	6	1	17	32	3	0	2	0	0	0	0	1	0	2	0	1	0	0	6	3	0	0	0	1	1	1
ENSG00000000419.11	3312	1606	1287	2408	1243	1140	1259	1839	2292	3117	1212	1410	1683	3291	1789	2693	1631	2168	1987	2141	1493	1871	2766	1520	1790	608	820	1839	1492	3631
ENSG00000000457.12	865	1063	664	268	396	747	703	499	189	1015	503	923	711	912	637	595	1214	256	581	497	441	494	527	464	354	32	325	460	229	383
ENSG00000000460.15	366	1208	942	371	169	385	246	617	246	860	210	911	769	677	1180	422	772	572	433	246	363	272	747	406	931	61	238	629	205	196
ENSG00000000938.11	621	256	883	208	2112	1907	360	556	194	273	286	433	934	317	113	302	312	315	224	281	202	45	906	698	146	40	597	495	111	339
ENSG00000000971.14	3254	177	4626	1806	4076	8486	3576	5029	395	2518	324	7706	4730	587	1395	3875	6635	2722	6954	5306	3386	254	12856	2617	1718	657	3290	3528	2295	1560
ENSG00000001036.12	2310	2371	1918	4244	2594	2842	932	2963	1285	3343	1607	2908	4124	2596	1958	2832	3233	1732	3108	2279	1988	4393	6120	2863	9822	471	561	3025	3322	2717
ENSG00000001084.9	2976	2741	1551	2197	10500	2464	1952	3296	748	13486	866	8342	4535	19177	49162	2490	26485	1917	2539	2438	1885	2280	7448	2464	5156	555	1170	2681	1671	4324
ENSG00000001167.13	2194	2515	1745	836	1011	1632	878	2405	525	1730	1250	5636	1763	1947	1699	1974	3144	653	1684	1713	1159	1728	3527	1940	1704	275	873	2136	558	1455
ENSG00000001460.16	997	1273	460	685	780	544	356	684	365	1329	474	2305	1183	1626	1195	1642	1403	305	726	1015	624	1335	975	833	1549	219	344	580	376	1419
ENSG00000001461.15	2082	1036	1587	1199	1594	2886	1759	2072	701	2081	1183	5295	2736	2108	1888	1587	3491	1196	2582	1969	1582	4768	3187	1482	2622	633	893	903	1206	4583
ENSG00000001497.15	2122	4205	2678	5483	1681	2040	1596	2594	4260	2918	1471	3199	3510	5945	3780	1996	4102	6424	2571	2253	1783	3698	3916	2859	4855	2138	1380	1994	2346	2922
ENSG00000001561.6	227	36	92	35	329	441	994	244	25	89	175	377	823	10	12	74	72	181	198	57	56	13	305	122	15	6	96	36	39	152
ENSG00000001617.10	4819	5270	2900	4672	3777	3926	6050	4593	1905	4948	3931	6581	6089	8374	3437	3636	6624	3601	5664	5204	4207	8957	6871	8517	7203	3400	5169	2752	2986	12383
ENSG00000001626.13	4	22	19	19	159	35	16	3	5	43	27	227	321	16	12	0	108	0	549	1	1	1	2	0	1	0	3	1	1	4
ENSG00000001629.8	2486	2033	4470	1249	2879	3697	1877	2561	473	3151	1760	6385	4893	3682	2053	2871	3771	633	2787	1969	2036	2639	4695	3413	2637	219	1586	3804	1102	3777
ENSG00000001630.14	130	30	1028	120	250	459	493	174	21	563	204	358	1232	483	577	266	1184	61	238	128	476	169	764	235	160	147	151	327	85	323
ENSG00000001631.13	1899	1474	2838	772	1281	1855	1102	1112	236	2507	918	2337	1704	2334	2246	1249	1934	209	1192	1052	946	1253	1884	1486	1150	94	615	1520	714	1360
ENSG00000002016.15	428	956	503	206	183	234	225	273	191	307	514	488	226	236	448	255	250	131	169	258	195	210	389	45	483	21	125	266	128	252
ENSG00000002079.11	53	71	53	18	7	37	6	32	3	131	26	32	23	244	41	76	36	21	37	34	115	12	57	60	122	0	1	209	33	52
ENSG00000002330.12	1621	2176	1485	2044	1394	1317	1019	2307	2684	1789	1105	5676	2856	2394	2003	1199	1908	4723	1770	1587	2046	3473	2618	1710	6776	2062	714	1344	721	2815
ENSG00000002549.11	10419	1761	3854	2017	4163	7487	4811	5933	1917	4939	4574	7303	5329	1678	2408	15667	6476	18368	15040	5697	4305	5233	14539	8918	7214	3029	8082	4333	3119	4871
ENSG00000002586.16	11804	6575	9794	13503	14570	10595	8477	8899	14781	7831	13679	23080	12582	8929	11608	9158	9089	14662	5199	14352	6975	20842	9342	22864	27287	3204	6873	7962	5987	13987
ENSG00000002587.8	377	364	500	187	340	484	5376	263	40	911	44	1482	1160	723	186	254	747	265	742	116	817	190	1126	412	867	605	456	168	803	1101
ENSG00000002726.18	1183	134	184	139	32	608	131	379	71	67	368	251	803	75	20	173	99	39	867	141	1385	120	102	288	132	111	149	251	113	4227
ENSG00000002745.11	15	194	67	0	4	6	2	34	6	42	0	6	18	70	23	2	24	4	2	1	0	2	26	26	5	7	4	10	6	6
ENSG00000002746.13	273	116	109	105	110	249	32	195	23	10	87	35	124	31	155	223	52	66	65	84	126	361	90	189	236	14	44	492	38	185
ENSG00000002822.14	1857	1604	2033	2752	1406	2391	890	2566	1927	1383	2262	2747	1532	4673	2012	1752	2940	4107	1707	2216	1947	2900	2329	2407	2793	3205	1382	2340	1736	4875
ENSG00000002834.16	14404	8014	10747	9755	12126	18076	5924	21074	4114	10598	10467	28496	16611	16008	9181	15099	18144	8220	13228	16360	12779	18548	30027	18190	23508	2525	8756	14469	7886	27917
ENSG00000002919.13	2358	1738	1014	1192	1095	1568	1255	1901	912	1731	955	1842	2226	1402	1291	1701	2060	1994	1645	1403	997	1708	1825	1359	1825	970	995	1173	689	2450
ENSG00000002933.6	1175	165	1874	922	2984	3229	438	1064	994	384	3601	701	2066	111	583	481	865	1788	716	1292	569	82	1034	1404	316	288	977	899	629	1516
ENSG00000003056.6	3093	3050	5461	3208	4180	4658	2907	4145	448	6267	2325	6006	6907	3407	4400	3240	8734	1353	4219	3195	2707	3368	7597	3251	7817	192	2292	3264	1668	5945
ENSG00000003096.12	399	512	277	837	347	352	324	765	1001	1762	35	2930	1322	449	852	492	2510	141	364	117	518	532	502	698	464	67	249	539	346	379
ENSG00000003137.7	2748	347	706	220	765	1742	240	1497	557	169	167	1000	1684	197	313	2754	661	171	3053	1870	2075	4215	7718	4725	2520	169	3188	757	1246	2131
ENSG00000003147.16	162	51	132	72	363	296	537	79	77	190	263	265	487	178	83	61	241	106	255	147	26	31	124	90	25	11	71	62	58	270
ENSG00000003249.12	414	553	308	1243	1052	167	1318	387	382	2244	1468	673	2702	3888	840	65	1592	110	683	200	507	162	337	125	375	34	105	346	88	1240
ENSG00000003393.13	1853	1393	522	679	1058	1222	907	1439	423	830	649	1144	1264	4356	3450	1285	1316	341	1363	1692	2676	1187	2182	920	1038	206	674	1537	711	1868
ENSG00000003400.13	2357	1482	557	307	373	1922	1748	613	277	749	484	1394	899	2336	1356	1190	1695	479	1519	600	1755	1477	1343	1338	1073	613	687	764	588	2267
ENSG00000003402.18	7821	3716	4028	1641	4647	8170	7172	5404	1580	3457	2856	6117	5588	8292	4632	5123	5287	3016	7470	4993	4844	3173	7693	4084	2532	3100	3749	5540	4515	8725
ENSG00000003436.13	493	225	867	332	1197	1758	742	645	339	747	162	720	1621	448	760	454	621	336	433	431	426	214	1251	655	402	65	596	846	277	1428
ENSG00000003509.14	589	892	361	432	349	384	457	482	282	784	411	573	544	964	896	431	597	486	195	453	207	411	474	361	605	143	153	470	367	411
ENSG00000003756.15	4206	3161	2077	1888	1594	2783	1988	3320	2039	3572	1656	2856	2116	2889	2719	2586	1956	2186	1400	3805	1200	1391	3204	2218	524	887	1535	3601	1204	2432
ENSG00000003987.12	40	79	62	16	42	40	31	26	63	35	33	64	54	29	24	23	38	55	42	25	17	29	29	18	35	15	28	51	17	38
ENSG00000003989.15	399	22	7712	64	554	667	4596	481	27	1566	100	2813	915	298	212	90	664	131	118	138	73	31	2334	181	44	0	105	1274	61	258
ENSG00000004059.9	9457	12456	4610	18784	6226	3502	5929	6831	8593	5069	6614	13132	8528	17372	11963	8272	10983	10637	8273	4383	8805	13773	10393	9218	10062	8906	4201	10833	9477	10309
ENSG00000004139.12	83	69	84	199	273	303	149	57	81	32	56	172	360	37	540	37	114	32	56	143	26	21	91	69	36	19	55	92	31	110
ENSG00000004142.10	6628	4883	4516	7237	4154	5051	7988	5264	3497	7131	4758	8704	10265	11507	7477	5176	9905	9299	7849	4816	5960	7555	7298	5511	12433	5230	3976	9148	4841	8464
ENSG00000004399.11	2790	3730	6948	3319	9578	13358	1238	4211	3438	1039	4892	11063	5337	12318	3434	2710	4852	2311	2906	5736	2188	1313	5582	7227	2382	701	3153	3358	2175	4733
ENSG00000004455.15	6537	8903	6914	5702	3088	4803	4819	7964	3610	9519	6542	10909	5606	5840	3827	6342	7918	7629	8591	6905	5124	5360	8613	3982	7286	3964	3597	5593	5772	7863
ENSG00000004468.11	1011	335	1358	411	139	1406	468	1022	431	441	66	3257	461	1350	396	254	5377	540	177	359	142	74	387	174	2355	19	407	598	17	175
ENSG00000004478.7	8054	11116	17316	17488	6148	5708	9662	8863	11006	20572	27617	21149	17184	12404	13204	8003	21753	9057	11983	5859	9710	9376	11431	5235	19110	11631	5607	4940	7058	20467
ENSG00000004487.14	5418	5029	4732	6819	2538	4086	3993	6256	4247	10317	2732	10795	5856	9346	5474	5504	12825	3296	5194	8194	5730	5522	7687	6178	9246	2343	3006	8738	4317	8710
ENSG00000004534.13	4058	2992	2313	1353	1348	2175	1652	2264	3016	2247	1217	3259	1821	1967	2203	1802	1586	2072	1076	3250	828	1146	2685	1128	1449	1207	1160	3192	971	1504
ENSG00000004660.13	1097	1670	276	944	794	477	360	718	168	348	921	1839	562	860	2765	1137	649	465	1093	1264	1072	701	677	501	862	74	386	799	477	677
ENSG00000004700.14	1359	1352	1976	1246	1728	2776	1048	1918	166	2245	896	2753	2187	576	1795	1949	2830	548	1476	1982	1003	1483	4186	1484	2880	94	1064	2402	666	2319
ENSG00000004766.14	1791	1285	950	847	685	1606	1096	909	203	1429	580	1607	1065	1077	1087	1006	1537	276	1418	812	1038	1351	1373	1067	795	143	488	1032	571	1414
ENSG00000004776.10	6844	82	38	87	624	1851	21600	2524	31	43	23	148	155	819	53	418	31	4514	43	123	488	365	3899	86	44	128	36	39	96	488
ENSG00000004777.17	290	1480	407	182	389	244	64	478	1238	691	425	610	92	255	230	416	194	113	174	337	97	85	460	241	132	38	74	462	137	220
ENSG00000004779.8	2724	2527	2562	3838	1497	1668	3313	1458	2280	2724	2625	5964	2720	5043	4525	1547	2654	5805	2934	1779	1728	2587	2327	1596	4088	2492	1305	1701	2533	1994
ENSG00000004799.7	2017	110	43	215	851	921	7231	2159	21	249	153	148	521	116	60	226	43	421	165	94	363	186	5830	57	40	12	64	73	51	538
ENSG00000004809.12	3	16	21	5	11	17	2	3	15	4	11	19	7	2	6	1	13	4	5	33	1	6	16	16	7	4	1	1	3	4
ENSG00000004838.12	15	163	27	34	15	21	5	18	121	32	51	67	22	4	12	13	17	13	3	21	16	15	26	4	7	6	4	22	3	27
ENSG00000004846.15	2	11	27	4	17	45	1	6	22	3	2	0	6	1	1	0	0	3	8	23	1	0	6	6	1	0	2	5	2	2
ENSG00000004848.6	63	7	3	4	10	19	149	48	29	2	1	18	9	6	9	13	3	25	5	6	16	10	31	0	7	1	1	0	0	10
ENSG00000004864.12	1370	640	2726	1188	1013	2365	1433	1616	471	2604	722	2224	2918	2900	1993	1669	2363	582	2378	1024	1159	1769	1986	1978	1887	410	1336	2027	1189	2336
ENSG00000004866.17	1281	2540	2709	1665	1221	1503	772	906	562	1595	1228	1932	1930	1655	1457	1067	1945	480	1569	1182	807	1823	1259	1681	1529	326	586	1172	802	2172
ENSG00000004897.10	3473	2958	2518	2000	2217	4287	2460	4935	655	4373	2232	6557	5170	3606	3923	4561	5262	2251	4293	3936	3813	4411	5354	4355	4630	1017	2663	4018	2054	4407
ENSG00000004939.12	9	91	8	0	5	15	2	2	0	13	0	1	1	0	6	1	10	3	1	0	0	0	3	3	0	6	1	0	1	4
ENSG00000004948.12	4	4	14	4	13	42	14	2	1	4	3	1	9	13	5	2	2	4	3	7	8	5	5	6	1	0	8	2	3	30
ENSG00000004961.13	2311	1666	1041	2454	669	1360	1655	1014	939	2251	787	2275	1797	2307	1528	2034	2577	1024	2669	867	1334	3474	1237	1622	2065	1653	963	1451	1341	2331
ENSG00000004975.10	2207	3164	1308	1353	1824	1714	1065	2048	1179	3459	1501	4175	1993	2378	4279	2082	4467	965	1272	2823	2771	1423	2973	1958	3112	631	910	2240	898	2330
ENSG00000005001.8	4528	575	643	798	1091	742	7382	881	181	2615	942	2024	4281	1613	293	1466	3996	318	1922	435	1672	392	2835	387	2932	667	776	7517	2187	6173
ENSG00000005007.11	7749	5900	7010	6013	6118	8076	4299	7011	5259	8673	5033	11975	11404	7557	10256	7218	13226	2818	7043	6254	5990	7131	10899	7529	6609	3064	3798	10157	4789	9610
ENSG00000005020.11	1518	1280	1248	1140	1461	2239	1488	1560	408	1897	1384	4884	2628	1797	1117	1094	2126	840	1442	1118	1649	1186	2366	1576	1141	204	1110	2645	752	2347
ENSG00000005022.5	17717	35691	16541	47813	15088	18656	17865	17364	27160	30023	14341	31678	29715	31165	34556	18041	21010	35429	25668	6715	16212	36567	31406	18074	27829	10982	10983	31292	16643	20254
ENSG00000005059.14	2046	4416	610	1718	651	1393	1400	2770	1163	761	313	1817	953	1214	831	2166	985	1185	2145	1777	1307	908	2559	2792	859	1061	1946	2034	1292	2018
ENSG00000005073.5	41	12	88	155	6	8	1	138	14	3	22	95	30	58	133	20	385	47	9	39	2	5	124	113	176	1	10	20	87	37
ENSG00000005075.14	1646	1751	3079	2864	1482	1473	1209	1312	3223	1934	1296	1973	1665	4491	2266	933	1436	2832	1690	889	1329	1962	1714	1078	2049	2206	685	1618	1661	1906
ENSG00000005100.11	1529	1462	1356	1017	1098	1601	851	1996	490	1712	1100	2837	1673	1647	2666	1173	3888	719	1757	1806	1565	1332	3576	1421	1857	641	953	1958	989	1833
ENSG00000005102.11	387	167	172	28	747	755	228	202	257	86	39	443	680	3961	66	152	330	198	210	48	41	21	245	52	450	8	223	13	73	190
ENSG00000005108.14	72	25	27	41	362	608	54	96	14	31	19	141	240	34	54	24	179	31	56	83	21	16	208	34	13	3	67	25	29	84
ENSG00000005156.10	1222	1164	1703	729	1329	1155	1223	1562	503	1896	1092	3073	3613	2775	1573	1326	3012	692	1196	1134	743	1382	1809	1593	3096	420	732	1842	869	2859
ENSG00000005175.8	1446	1532	1008	1395	830	1478	1223	1341	664	1268	1123	2919	1883	2231	2210	1564	1939	1440	1735	1072	1424	1988	2160	901	1597	327	837	1136	917	1486
ENSG00000005187.10	61	28	63	22	75	64	225	23	53	74	76	406	118	57	11	31	262	12	47	57	105	17	19	13	11	5	11	23	15	23
ENSG00000005189.18	145	731	224	68	82	89	127	107	486	385	74	871	443	324	285	99	322	261	86	88	80	150	120	96	354	92	52	98	107	64
ENSG00000005194.13	3642	1695	1734	5362	1665	3131	1995	2578	1168	3140	3150	2397	4158	3710	3760	3239	3744	2590	4082	2335	2791	2502	2573	2508	4540	1863	1680	2515	2336	4113
ENSG00000005206.15	1780	2830	1425	1640	1518	1341	772	1575	3768	2465	1062	2823	1044	1769	4483	1166	2118	1375	901	1940	813	1636	1519	880	1379	1352	648	1486	1172	1778
ENSG00000005238.18	4710	2221	1396	1431	2227	2095	1249	2731	1916	1543	1037	3019	1918	736	703	5613	1202	2088	4800	4052	3378	1338	3041	2145	1719	2731	2292	1879	1821	3023
ENSG00000005243.8	2579	1485	562	3021	1882	1483	399	1408	1303	1025	1483	2777	1742	2513	1980	1840	1671	2424	1669	1160	1757	2988	1230	1658	1531	477	503	1233	1853	2396
ENSG00000005249.11	263	146	695	82	415	410	392	238	255	113	83	366	946	158	156	98	172	54	184	158	79	38	224	189	54	18	179	113	46	383
ENSG00000005302.16	1967	2138	1282	1344	875	1764	1426	1140	830	1720	839	2391	2975	1347	1344	1240	1595	883	1174	997	1018	1815	1407	1783	1958	600	919	1833	733	1883
ENSG00000005339.11	5465	3357	5182	1842	5925	7758	4111	4736	1323	6906	4615	17545	12583	7424	3527	4727	15077	1086	4430	5578	5181	5359	10913	6251	4710	746	3601	6075	2046	7781
ENSG00000005379.14	307	365	475	89	501	227	269	175	673	498	228	1290	281	159	139	76	336	79	61	150	45	130	130	41	23	12	61	67	29	496
ENSG00000005381.7	22	14	5	5	16	32	12	8	3	8	25	80	47	22	2	3	10	12	2	4	3	3	20	5	13	6	20	52	1	9
ENSG00000005421.7	2	3	41	2	0	0	1	1	2	5	0	1	3	0	0	2	0	0	0	0	0	0	2	0	0	0	0	2	0	0
ENSG00000005436.12	514	1177	775	541	678	748	809	883	405	1470	436	1111	1304	1126	1670	498	1513	362	809	545	584	703	646	665	830	312	511	749	592	703
ENSG00000005448.15	929	416	603	2066	689	679	129	1091	1044	618	646	2010	1162	1306	1279	1201	589	1028	1118	1115	1426	1090	1302	1132	2767	1110	346	1534	854	1310
ENSG00000005469.10	2395	2232	873	1002	731	1177	1270	924	162	1030	668	3430	1063	1396	683	1303	784	623	1343	998	853	2942	718	1305	765	367	516	936	836	1443
ENSG00000005471.14	128	40	39	54	161	125	245	70	15	37	14	73	53	8	41	37	40	49	25	130	13	27	64	39	10	8	22	17	18	59
