TCGA.KN.8430.11A	TCGA.KN.8423.01A	TCGA.KN.8428.01A	TCGA.KN.8428.11A	TCGA.KL.8343.01A	TCGA.KL.8339.11A	TCGA.KM.8438.01A	TCGA.KO.8406.01A	TCGA.KN.8424.11A	TCGA.KL.8339.01A	TCGA.KM.8442.01A	TCGA.KL.8336.01A	TCGA.KN.8436.11A	TCGA.KL.8344.01A	TCGA.KL.8326.01A	TCGA.KO.8410.01A	TCGA.KL.8325.01A	TCGA.KO.8416.01A	TCGA.KN.8427.11A	TCGA.KN.8433.01A	TCGA.KM.8639.01A	TCGA.KO.8409.01A	TCGA.KN.8434.01A	TCGA.KO.8405.01A	TCGA.KN.8437.01A	TCGA.KN.8421.01A	TCGA.KO.8417.01A	TCGA.KN.8419.11A	TCGA.KL.8323.01A	TCGA.KL.8330.01A
LINC01587	17	3	21	4	1	6	0	3	0	1	24	3	5	2	2	5	5	1	10	1	3	1	3	3	0	7	0	13	4	5
AC000111.6	1	40	7	0	5	0	6	24	0	38	21	37	0	13	1	0	38	5	0	7	0	9	16	12	0	3	22	0	44	14
XXbac-B461K10.4	9	7	11	6	1	5	0	3	9	3	5	2	10	6	2	1	1	1	13	3	16	2	3	2	4	11	7	11	8	6
IGF2-AS	11	0	0	0	0	11	2	0	8	0	0	0	96	8	0	0	0	2	5	1	0	0	3	0	0	0	0	31	0	0
TPTEP1	2763	1804	27	1984	2706	1564	13	11	904	37	7	2418	2544	124	1816	49	8	1883	2137	166	5840	20	76	683	3481	5	2174	1568	7	3
RP11-153K16.2	0	0	0	0	0	0	0	1	0	1	0	0	0	0	0	0	0	0	0	0	0	0	2	0	0	0	0	0	1	0
DLEU2L	41	14	35	9	18	8	14	25	15	23	37	11	20	16	6	7	14	13	7	11	37	3	28	14	20	5	12	10	143	22
RP11-268J15.5	168	15	98	251	17	124	35	14	155	81	19	39	166	31	24	22	6	10	153	87	569	28	34	93	53	86	24	87	11	19
PINK1-AS	313	340	867	381	175	210	228	295	350	349	326	283	444	240	126	162	306	135	344	185	459	222	311	209	396	206	336	202	154	295
C10orf95	190	24	30	41	13	39	66	40	59	21	9	31	178	18	23	57	18	23	116	32	70	32	19	25	38	14	43	107	18	21
SPG20-AS1	28	3	17	32	13	20	6	3	27	4	13	4	23	26	18	3	8	5	57	1	40	2	5	3	28	36	8	32	6	10
LINC00544	2	1	0	0	0	2	0	0	0	0	0	1	1	0	1	0	1	2	0	1	3	1	1	0	1	0	0	0	2	1
KIAA0087	8	6	10	11	5	7	1	1	16	2	1	3	10	1	1	17	19	1	4	9	20	1	4	4	8	21	4	1	0	7
AC105760.3	1	1	0	0	0	2	0	0	1	0	0	0	3	1	1	1	0	0	2	0	0	0	0	0	1	0	0	0	0	0
DKFZP434K028	0	1	1	6	0	9	0	0	0	0	1	0	3	0	0	0	0	0	12	0	3	0	0	0	1	0	1	6	0	0
LINC00029	0	0	0	0	0	0	0	0	0	0	0	0	0	0	0	0	0	0	0	0	1	0	0	0	0	0	0	0	0	0
FAM182A	0	15	7	9	1	6	6	3	5	5	5	0	6	11	1	0	0	0	2	1	1	5	0	2	0	0	6	1	1	0
C20orf187	4	3	0	0	0	0	0	0	1	0	0	0	3	0	0	2	0	0	0	0	0	0	0	0	0	0	0	0	0	0
MMP24-AS1	6945	8108	7425	5592	5330	5930	10245	8435	4175	4064	6227	1475	5389	6073	6275	5255	4361	6588	7109	10344	20768	8949	7720	5942	10569	4718	6123	5065	7844	11926
C22orf24	21	11	39	9	5	5	6	12	1	10	59	2	7	18	8	5	7	12	11	64	2	7	24	37	0	6	10	23	22	21
TTTY1B	0	0	0	0	0	0	0	0	0	0	0	0	0	0	0	0	0	0	0	0	0	0	0	0	0	0	0	0	0	0
TTTY1	0	0	0	0	0	0	0	0	0	0	0	0	0	0	0	0	0	0	0	0	0	0	0	0	0	0	0	0	0	0
H19	973	195	297	639	103	1082	1167	66	727	287	435	915	2560	1209	350	299	422	2361	1707	1206	1195	1555	922	150	509	237	345	2098	150	2122
TTTY9B	0	0	0	1	0	0	0	0	0	0	0	0	0	0	0	0	0	0	0	0	0	0	0	0	0	0	0	0	0	0
RP11-798G7.5	1	0	0	0	0	3	1	0	0	3	0	0	1	0	0	0	1	0	2	0	0	1	0	0	0	1	0	0	0	0
TTTY6	0	0	0	0	0	0	0	0	0	0	0	0	0	0	0	0	0	0	0	0	0	0	0	0	0	0	0	0	0	0
TTTY6B	0	0	0	0	0	0	0	0	0	0	0	0	0	0	0	0	0	0	0	0	0	0	0	0	0	0	0	0	0	0
LINC00470	2	0	0	16	0	34	0	1	25	0	1	0	4	0	2	1	5	1	6	1	2	1	4	0	1	0	0	22	0	0
LINC01260	2	2	20	1	2	1	0	0	2	1	3	2	6	1	1	1	1	1	3	2	4	2	3	3	0	0	0	0	7	0
C7orf69	0	0	0	0	0	0	0	0	0	0	0	0	0	0	0	0	0	0	0	0	0	0	0	0	0	0	0	0	0	0
RP11-84C10.2	2	1	0	1	0	0	1	0	0	1	0	0	0	1	0	4	2	1	6	0	1	0	0	0	2	1	1	1	0	1
RP11-809H16.2	0	0	0	0	0	0	0	0	0	0	0	0	1	0	0	0	0	0	0	0	0	0	0	0	0	0	0	0	0	0
ERVK3-1	893	815	856	568	548	795	539	950	795	830	765	803	619	523	441	908	785	479	932	303	720	685	649	656	826	1127	848	1059	719	978
AC062028.1	13	16	3	6	3	6	24	5	4	2	18	10	7	7	15	12	6	6	9	35	2	26	5	19	15	7	11	13	6	19
LINC01558	76	52	7	75	127	216	2	16	219	160	18	31	205	168	108	12	13	42	117	51	608	4	71	13	50	37	10	358	22	11
LINC00525	2	2	0	2	0	1	0	0	1	1	1	1	0	1	0	2	0	0	3	0	0	3	2	0	1	1	0	1	0	0
TTTY7	0	0	0	0	0	0	0	0	0	0	0	0	0	0	0	0	0	0	0	0	0	0	0	0	0	0	0	0	0	0
TTTY7B	0	0	0	0	0	0	0	0	0	0	0	0	0	0	0	0	0	0	0	0	0	0	0	0	0	0	0	0	0	0
C20orf78	0	0	1	0	0	0	0	0	0	0	0	0	0	0	0	0	0	0	0	0	0	0	0	0	0	0	0	0	0	0
LINC00266-1	0	2	0	4	1	1	1	1	2	1	1	2	0	1	1	4	2	1	0	0	0	3	0	2	0	0	0	1	0	7
RP11-96C23.13	11	20	1	19	5	9	4	8	13	1	10	0	17	9	6	9	5	5	17	8	1	5	3	3	3	5	5	22	2	16
PART1	35	462	8668	573	2960	398	686	3776	219	2990	13	1099	89	1313	2651	63	8880	4683	110	497	364	77	2555	109	568	69	2122	76	3857	112
LINC00467	968	373	663	870	325	1096	232	241	843	537	322	381	702	275	772	150	157	229	1170	239	845	240	241	374	643	312	453	880	384	259
RP11-66N24.4	50	30	85	25	14	17	12	40	26	20	39	24	29	13	20	44	19	19	23	34	37	30	45	34	66	78	27	29	41	29
C1orf147	6	3	5	6	1	2	0	2	1	1	3	4	1	1	0	0	2	0	1	1	6	0	4	1	1	1	3	2	0	2
AC007364.1	0	0	0	0	0	0	0	0	1	0	0	0	0	2	0	0	0	0	0	0	0	0	2	0	0	0	0	0	0	1
C2orf48	0	1	5	0	0	2	0	0	1	1	1	7	1	2	0	1	0	0	2	0	3	0	1	3	0	3	0	1	1	0
LINC01116	1916	38	46	1178	144	998	804	317	1507	15	645	44	1537	103	37	45	8	38	1325	35	1807	836	66	274	2221	1384	901	1137	32	1005
SNHG16	589	661	1115	953	950	1161	500	410	876	2739	791	430	683	1091	720	573	427	313	921	532	1129	145	383	401	1015	425	503	792	400	430
IGF2BP2-AS1	2	0	1	7	0	29	0	1	4	0	5	0	1	0	1	1	0	0	1	0	0	1	2	3	0	2	1	1	5	1
SMAD5-AS1	5	5	7	9	1	2	0	7	9	4	4	7	11	3	0	1	3	5	3	5	7	4	6	5	4	11	10	9	11	3
C10orf25	153	202	141	184	86	163	114	134	213	19	158	116	221	190	45	86	114	101	135	64	83	97	115	125	66	147	96	168	158	152
ZNF667-AS1	1238	1606	617	1804	1386	1327	1334	657	2159	15	1929	1844	1359	315	1292	1219	569	1319	2874	660	2774	839	1196	769	2345	3200	1761	1389	1387	1430
MIR202HG	0	1	0	1	0	0	0	0	0	0	0	0	0	0	0	0	0	0	0	1	9	0	1	0	0	0	0	0	0	0
RP11-93B14.6	66	1	230	17	11	20	3	53	22	43	8	14	67	11	11	5	1	53	24	28	52	6	77	2	37	23	31	39	24	6
LINC00483	0	0	0	2	0	3	0	0	1	0	0	1	1	0	0	0	0	0	2	0	1	1	0	0	0	0	0	0	3	0
AC104389.28	13	0	1	1	0	5	1	1	0	0	0	0	7	0	0	0	1	0	0	0	0	4	0	0	0	3	0	13	4	3
LINC00905	0	0	0	0	0	0	0	0	0	0	0	0	0	0	0	0	0	0	0	0	0	0	0	0	0	0	0	1	0	0
RP11-25K19.1	412	5	3	181	28	227	4	11	439	3	7	260	297	6	0	6	0	3	306	3	62	4	3	10	4	8	21	314	6	1
LINC00917	0	10	0	0	0	0	0	0	0	0	0	0	3	0	0	0	0	0	2	1	0	0	0	0	0	0	0	0	1	3
RP11-262H14.4	59	51	37	45	96	55	12	134	38	68	73	92	48	145	72	25	48	93	32	38	41	29	66	32	62	80	88	63	39	146
LINC00266-3	0	1	1	0	0	1	0	1	1	1	0	1	0	3	1	1	0	2	0	0	1	0	1	1	0	0	2	2	1	0
AC093323.3	1737	2089	1494	948	1958	561	1221	1598	1165	1491	2202	1620	1440	1416	1245	1341	1233	1058	1238	742	1390	1229	1363	1018	813	1664	2084	1569	1438	2314
TPT1-AS1	775	332	373	641	486	626	142	308	619	249	358	138	597	840	403	256	438	184	682	257	449	292	259	283	288	582	242	434	258	365
LINC00208	0	0	0	0	0	0	0	0	0	0	0	0	0	0	0	0	0	0	0	0	0	0	0	0	0	0	0	0	0	0
SHANK2-AS3	0	0	0	0	0	0	1	1	0	0	0	0	1	0	1	1	1	1	0	0	0	1	1	0	0	3	0	0	0	0
MIR31HG	139	53	0	24	1	11	0	0	25	0	5	2	53	2	0	160	0	4	68	0	0	0	3	24	0	41	1	75	32	1
SERHL	97	50	190	50	46	49	38	69	91	44	141	22	102	52	25	52	145	27	83	58	30	49	93	54	41	28	115	24	122	40
MIR4435-1HG	622	322	1372	636	1043	974	270	616	432	299	687	291	500	1552	273	1292	416	445	1500	408	1155	234	819	1284	1436	329	336	4158	804	168
CMB9-22P13.1	178	315	283	51	244	112	105	96	194	156	159	119	165	92	139	83	87	158	144	129	57	94	135	119	117	98	114	206	176	142
CCDC13-AS1	173	14	59	105	16	87	17	27	120	87	25	32	117	46	19	11	38	26	108	4	60	11	27	15	28	10	17	136	32	37
RP11-89N17.1	7	2	2	2	2	0	2	5	2	2	2	10	3	1	2	0	2	2	1	2	6	1	0	2	1	1	0	1	0	1
RP11-97O12.7	31	12	32	10	15	8	9	11	13	17	29	8	17	16	6	4	11	10	20	12	12	10	9	8	5	9	24	23	29	23
RP11-23P13.6	763	55	2393	179	167	62	49	187	123	111	76	10	164	10	21	39	219	294	102	562	10	480	78	122	271	3	75	230	179	140
SNHG11	802	752	580	660	570	651	738	799	681	736	793	340	724	491	665	429	485	631	687	740	870	699	780	684	758	767	828	528	721	1055
C20orf166-AS1	5	4	4	7	3	6	2	1	6	2	4	1	9	3	0	0	0	5	18	5	1	6	2	9	1	9	2	6	0	1
MIR1-1HG	0	0	0	0	0	0	0	1	1	0	0	0	0	0	0	0	0	0	0	1	0	0	0	0	0	0	0	0	0	0
GRIK1-AS1	2	2	1	22	0	12	0	11	7	2	1	1	1	5	0	0	0	3	2	2	8	0	0	2	8	3	0	1	5	0
LRRC75A-AS1	15301	8357	18317	15992	10498	30734	6336	8675	19649	17144	7557	9617	14821	26385	16880	6975	4916	4926	18986	5625	6098	5469	5876	6535	9302	3984	9372	16776	6156	5212
TMEM51-AS1	256	1028	949	378	431	172	876	2285	210	907	1785	296	252	169	586	727	3732	1417	419	473	746	1018	1502	906	751	164	1618	238	561	1297
RP11-276H1.3	8	1	1	2	1	0	0	2	2	1	7	0	3	1	4	1	1	0	0	2	4	8	0	2	0	1	3	0	0	0
LINC00476	458	98	264	435	85	629	106	179	586	182	295	100	535	231	97	73	250	133	566	36	282	57	212	134	350	135	150	750	248	410
LINC00521	0	0	1	0	0	0	0	0	1	0	0	2	0	0	0	0	0	0	0	0	0	0	0	0	0	0	0	0	0	0
C15orf54	4	0	1	1	0	3	1	1	1	2	2	1	2	13	1	0	0	1	2	1	0	2	9	1	8	2	0	2	2	0
LINC01106	106	49	98	112	323	38	63	172	98	12	162	80	101	50	21	103	95	201	97	35	205	50	128	74	78	168	229	44	111	105
RP11-121M22.1	83	27	43	89	65	85	42	12	123	10	54	37	128	39	58	9	16	9	67	56	49	43	13	37	51	35	21	112	20	58
RP11-544L8__B.4	6	1	2	1	0	8	0	1	25	1	0	2	27	1	1	15	1	0	3	0	3	0	0	2	3	0	1	8	1	0
LINC00302	0	0	0	0	0	1	0	0	0	0	0	0	1	0	0	0	0	0	0	0	0	0	0	0	0	0	0	0	0	0
C10orf111	15	16	15	23	11	20	8	10	22	9	12	15	23	12	1	12	7	6	15	16	22	9	7	12	39	9	10	43	7	12
RP11-404O13.5	1	1	3	2	2	1	4	3	0	0	1	5	1	0	0	2	0	0	0	0	1	1	4	0	1	0	0	0	8	1
AC110781.3	1	1	0	0	1	0	0	1	0	0	0	0	4	0	1	0	0	1	34	0	0	1	1	3	1	1	0	18	0	0
RP5-856G1.2	17	0	24	40	11	73	0	0	3	0	8	0	4	10	1	1	0	0	3	0	3	0	0	0	0	0	0	10	0	0
CTD-2368P22.1	565	219	178	348	312	335	129	553	728	197	486	419	769	435	177	321	416	303	380	104	579	160	587	262	414	612	307	614	350	572
C20orf197	1	16	2	10	4	3	1	4	2	1	1	4	4	9	0	9	4	4	3	9	60	5	22	12	10	4	1	1	7	2
TTTY14	223	4	5	260	449	447	0	0	0	2	261	0	172	8	370	0	0	6	196	1	7	1	0	138	0	0	1	201	0	0
C15orf56	405	211	232	89	133	68	284	466	178	116	564	115	358	107	87	52	235	235	199	679	178	320	286	276	134	42	322	195	186	399
LINC00303	3	2	1	2	0	0	0	1	3	0	0	2	1	0	1	1	0	1	0	1	0	0	1	0	0	0	0	1	1	0
MIR7-3HG	0	0	1	0	0	0	0	0	3	0	0	1	1	0	0	0	2	0	0	0	0	0	0	0	1	25	0	1	1	0
RP11-334J6.7	0	0	0	0	0	0	0	0	0	0	0	0	0	0	0	0	0	0	0	0	0	0	0	0	0	0	0	0	0	0
TYMSOS	13	11	367	214	12	342	15	90	14	31	54	44	24	29	12	52	18	21	31	4	31	35	10	47	45	41	22	50	78	28
