TCGA.KN.8430.11A	TCGA.KN.8423.01A	TCGA.KN.8428.01A	TCGA.KN.8428.11A	TCGA.KL.8343.01A	TCGA.KL.8339.11A	TCGA.KM.8438.01A	TCGA.KO.8406.01A	TCGA.KN.8424.11A	TCGA.KL.8339.01A	TCGA.KM.8442.01A	TCGA.KL.8336.01A	TCGA.KN.8436.11A	TCGA.KL.8344.01A	TCGA.KL.8326.01A	TCGA.KO.8410.01A	TCGA.KL.8325.01A	TCGA.KO.8416.01A	TCGA.KN.8427.11A	TCGA.KN.8433.01A	TCGA.KM.8639.01A	TCGA.KO.8409.01A	TCGA.KN.8434.01A	TCGA.KO.8405.01A	TCGA.KN.8437.01A	TCGA.KN.8421.01A	TCGA.KO.8417.01A	TCGA.KN.8419.11A	TCGA.KL.8323.01A	TCGA.KL.8330.01A
ENSG00000000003.13	9061	10000	4680	5926	2533	8479	1801	3272	12604	1583	5877	2147	9553	3704	1227	12555	5145	2171	7257	1120	9009	1675	2055	2708	5095	1547	3333	9948	12017	4408
ENSG00000000005.5	16	15	11	190	2	449	60	20	116	0	9	6	29	31	2	10	129	75	54	0	13	9	6	5	1	15	47	55	353	10
ENSG00000000419.11	1721	1788	2697	1720	1757	2347	2244	2092	1988	3011	2256	1139	1409	1972	1883	2524	2033	1271	2279	930	1666	940	1412	1690	1843	2259	2753	2641	1697	2408
ENSG00000000457.12	1033	1380	643	972	807	1199	284	606	1138	611	541	612	1028	689	455	729	716	259	1345	219	884	242	441	468	972	245	572	1137	438	637
ENSG00000000460.15	180	165	463	158	178	148	48	150	209	163	109	172	180	212	92	140	213	87	145	56	158	38	132	60	168	59	144	102	184	96
ENSG00000000938.11	365	303	194	440	189	459	153	181	717	139	139	210	682	331	84	321	89	401	799	302	255	345	324	1914	335	55	154	1188	150	72
ENSG00000000971.14	816	574	714	4069	541	4053	461	396	2533	169	262	426	1554	819	70	1105	109	180	2213	332	342	141	695	1068	785	21	241	1069	654	175
ENSG00000001036.12	5528	5822	3582	4688	9998	7083	2038	3921	4530	4114	2767	3208	4384	6578	4849	4363	4117	2214	5512	1785	11254	2383	2634	2743	7937	2156	2904	4121	3057	4095
ENSG00000001084.9	1206	2803	3898	2125	5930	2887	1778	2921	1630	2906	3516	3511	917	6889	2761	3130	4049	1918	1408	1306	7859	968	3056	1951	5827	1205	3381	1208	4187	3067
ENSG00000001167.13	1877	1230	1430	1322	1194	1185	825	944	1497	1107	1413	918	1913	1986	1441	1428	825	504	3770	609	2345	379	890	1225	1234	474	981	3970	1165	1164
ENSG00000001460.16	1655	418	852	1023	360	855	334	331	1146	518	301	280	1233	622	296	370	289	179	1564	308	1140	129	328	221	1350	339	351	937	327	302
ENSG00000001461.15	14505	4243	4519	4333	3112	3055	2628	4451	4971	3962	2565	3023	9383	5207	1681	4828	3796	2170	5996	1568	4479	1020	2560	1302	4687	2721	2801	5209	2735	2858
ENSG00000001497.15	2681	3970	7367	2254	2570	1986	2382	4919	2594	4294	3813	3758	2299	3261	3193	3270	4229	3567	3122	1887	2450	2654	3891	2922	1843	4106	5202	2248	3788	4202
ENSG00000001561.6	4180	3310	2921	3254	15413	3477	2309	4035	2743	3063	3241	3571	3797	5996	2833	3658	5190	3544	4089	1978	4397	1205	3529	1870	3908	2365	4292	4299	3778	4917
ENSG00000001617.10	4857	6568	9692	4123	2924	2624	14938	11675	4724	8749	13016	11490	5062	13064	3001	3094	14966	10334	5645	4834	744	5835	18863	6562	3520	1233	17233	3085	19540	12039
ENSG00000001626.13	45	47177	16572	457	14817	459	6429	36730	237	70088	52907	55001	116	49528	3268	4053	66609	25277	137	3016	7	3998	27042	10056	13	6721	60753	20	36325	16711
ENSG00000001629.8	2798	7113	4756	3997	2640	4749	984	2945	3603	2350	3471	3068	3011	5042	981	2176	3545	1427	3500	581	3597	1153	2117	2229	6259	1651	1794	2729	2413	2466
ENSG00000001630.14	619	1694	1119	482	1414	615	296	1597	240	1126	998	879	422	752	63	521	1818	495	938	228	561	155	1023	313	944	450	945	758	1092	854
ENSG00000001631.13	1575	4615	3751	2322	4496	2212	1562	3612	2138	3360	3706	2739	1971	3859	1274	2133	3465	1819	2807	1052	1998	1103	2269	1589	2787	2619	3329	2786	2475	3887
ENSG00000002016.15	652	527	358	314	440	460	223	261	661	343	332	296	635	343	153	252	365	200	494	181	361	223	269	203	432	374	289	405	270	311
ENSG00000002079.11	14	3	18	12	3	7	5	3	18	22	12	8	10	10	17	0	3	3	2	7	5	6	2	33	2	6	7	12	13	14
ENSG00000002330.12	4119	3579	3292	3095	3061	4538	2773	2555	4022	4023	2700	2716	3192	3142	3604	2234	2129	2777	3344	3086	3630	3316	2888	2426	3421	5166	2704	2133	1729	3560
ENSG00000002549.11	5605	12736	7897	7749	5894	10781	5053	6583	5355	10046	6339	10386	4980	5494	2954	8816	9706	3823	7399	2415	7657	1125	5904	7093	6840	5364	5762	5181	5982	6431
ENSG00000002586.16	3688	1383	1545	5686	3179	6497	2028	1200	2682	1683	1314	2975	4698	7476	2621	1281	250	1680	4871	1255	3004	920	2476	5491	2197	873	998	4226	2569	500
ENSG00000002587.8	2439	663	1700	2151	644	1119	1367	1654	1685	2470	328	5755	2072	1690	498	985	183	1366	5386	419	556	789	3124	1382	114	153	1857	2743	4944	1462
ENSG00000002726.18	23316	155	51	11255	319	31158	3	27	15134	5	34	104	14367	2113	19	67	35	41	6555	8	19373	9	43	147	1141	43	18	5636	49	3
ENSG00000002745.11	1	1190	8	10	0	14	0	155	5	1	24	1	3	1	0	1383	550	1	5	1	5	39	2	13	0	2	1	1	8	69
ENSG00000002746.13	10	1	15	841	8	1765	0	7	121	1	2	4	43	9	1	2	7	1	39	0	2	0	9	5	0	1	2	133	4	1
ENSG00000002822.14	2359	1522	2165	1298	1086	1015	1520	1129	1377	1417	1290	1318	1937	3356	1297	728	867	1412	1804	1248	1790	1376	1368	1499	971	1815	1534	1053	1026	1383
ENSG00000002834.16	14716	4670	8844	13748	4489	10178	3588	6232	10477	2937	6521	8183	14953	14351	5057	3897	6152	4680	15899	5870	15738	1465	8671	6244	7033	4488	6379	9903	8789	4556
ENSG00000002919.13	2154	1369	1023	1911	1506	3118	845	931	1770	1293	1239	1014	1903	2048	1731	1229	954	862	3001	1114	2384	752	1221	1265	1924	1663	1259	3436	752	1382
ENSG00000002933.6	9112	370	322	10973	134	31690	199	85	9463	120	276	484	8839	689	39	221	77	280	12429	449	4150	166	347	1902	2694	33	36	6413	115	27
ENSG00000003056.6	4491	9266	7878	4228	8391	5080	3501	7013	3604	8255	6223	7823	4391	7431	2258	7174	7723	3635	5884	1560	6645	943	5143	3313	5503	8294	6710	4432	6307	9658
ENSG00000003096.12	1236	7746	1709	3841	3075	3260	1468	1088	2380	1492	1242	5282	2277	2721	1127	3430	1077	188	4911	786	3742	351	1632	831	2673	2749	1941	3808	1830	1639
ENSG00000003137.7	2084	38	241	2789	647	641	211	23	1676	146	74	128	1529	445	51	81	277	103	753	97	538	243	127	10	599	1176	21	295	108	190
ENSG00000003147.16	1636	3406	3006	1946	2818	2000	3310	3447	1441	4318	4123	2518	1152	1234	1690	1656	3554	2464	3153	3356	4975	4102	2954	3484	4337	82	4226	1865	2689	5280
ENSG00000003249.12	2282	6927	733	1772	869	1220	1934	2229	1066	199	1871	477	1508	1003	1943	2944	1420	2412	1586	2464	5603	778	2336	3103	1810	913	3445	1416	850	1464
ENSG00000003393.13	1932	1945	598	1777	2178	1656	718	1212	1526	1455	1529	1078	1889	3088	1299	2970	1866	667	2347	598	2422	450	1050	991	2207	2428	1115	2164	989	1595
ENSG00000003400.13	2024	740	252	1167	698	1006	548	523	1968	350	288	494	1922	1813	839	913	342	273	2891	288	1030	192	583	693	1576	161	291	1858	399	204
ENSG00000003402.18	11136	10186	3331	8559	6712	7269	3692	5678	9432	3837	5414	5097	12864	9112	4611	14893	5951	3113	15600	2762	10780	3163	5155	5567	7805	7641	4688	9361	4295	5058
ENSG00000003436.13	2469	1556	387	3916	331	5789	625	197	4978	226	339	1192	4775	1566	173	761	124	278	10071	180	381	168	870	694	449	35	285	4836	1319	89
ENSG00000003509.14	725	909	723	899	852	1248	440	597	940	940	570	783	598	1965	905	1561	445	476	976	466	1315	504	497	663	1096	1008	528	807	488	583
ENSG00000003756.15	5278	4089	5088	3495	3092	3421	1550	4399	3794	3048	4881	3477	3888	4739	2101	3276	4195	1862	5510	1282	3646	2002	3378	2996	2891	2075	3370	3657	2967	4335
ENSG00000003987.12	96	82	1199	181	66	201	46	47	183	291	83	49	87	67	54	72	49	8	141	18	856	61	47	102	32	47	12	137	37	57
ENSG00000003989.15	1276	774	23430	1838	2791	2124	948	1411	1665	5449	1830	531	1519	4601	1935	1250	1359	288	2257	557	3517	105	1782	868	2609	2353	344	2112	1908	201
ENSG00000004059.9	9795	9012	12359	7167	8633	9493	9690	8732	9274	9021	7067	8492	7612	7002	8771	4765	7057	8013	11548	9400	8260	9470	9685	8888	6772	8033	9038	9579	7138	9501
ENSG00000004139.12	704	444	750	683	384	519	342	279	511	417	296	289	733	558	317	383	214	122	673	303	929	75	337	166	807	264	247	445	170	389
ENSG00000004142.10	14836	9036	10434	10688	12488	16419	6295	6088	11553	7716	6150	7211	10640	12783	14610	7592	6085	5602	12738	6787	21754	5029	5811	5153	14409	10649	6459	11532	5525	8330
ENSG00000004399.11	5792	6401	3143	4707	4062	2773	5588	4525	5775	2125	3180	4640	8685	21850	2186	4727	1334	3084	4410	3219	2743	2035	8908	5292	4319	675	3821	3048	3756	2281
ENSG00000004455.15	10903	5965	11931	9946	4726	16322	4302	5503	9996	7378	4482	6065	8416	6211	4493	6660	5919	4440	10703	3153	11090	3277	4288	4356	8060	5668	5446	9198	5101	5538
ENSG00000004468.11	70	90	158	148	87	165	12	19	180	53	38	142	53	48	73	113	33	43	136	89	224	86	95	230	131	28	20	97	21	24
ENSG00000004478.7	10403	15171	22571	10102	10090	11724	10174	10128	10194	19679	10920	15468	13038	9882	4787	7368	11940	6035	19449	3107	10498	5774	13983	4944	7531	10654	11384	11333	12043	11906
ENSG00000004487.14	5083	4378	9026	3699	2420	3389	1845	3742	4494	3728	3513	3870	3762	3926	1876	2971	3817	2328	5217	1359	5598	1400	4773	2480	4116	2537	4246	3056	3757	3049
ENSG00000004534.13	6420	3713	4268	2584	3382	2325	2141	3809	3933	4559	4875	3238	4922	3715	2484	5469	4031	2453	4204	2371	4484	3316	3382	3171	3054	1772	4391	3293	3916	4712
ENSG00000004660.13	688	884	367	342	395	330	578	364	325	268	550	195	514	813	512	787	915	178	384	626	528	698	688	909	471	216	422	324	362	582
ENSG00000004700.14	901	2128	2050	1311	1686	1201	604	1616	988	1724	1377	1503	1262	2877	248	1644	2371	783	1128	204	1083	196	1110	688	909	717	1363	1236	1087	1107
ENSG00000004766.14	1762	3663	2553	1780	4420	2215	1238	3052	1522	2684	2731	2327	1746	2211	1000	1257	3032	1609	2104	1153	2679	793	2162	1595	1586	1950	3068	1463	2524	2605
ENSG00000004776.10	296	387	322	1234	220	1274	983	47	422	25	579	66	1208	218	60	252	31	166	2515	331	242	106	130	332	169	85	41	884	32	488
ENSG00000004777.17	1014	289	4023	845	228	371	214	823	457	394	464	579	528	503	161	257	251	481	597	262	307	290	384	250	224	846	495	303	537	686
ENSG00000004779.8	3914	6693	5868	3638	4804	7052	5472	5510	3659	10662	4297	4802	3075	5017	3723	4877	4311	4145	4294	4082	5281	3782	4704	4269	4204	6759	5373	3528	4123	6003
ENSG00000004799.7	39160	7731	384	12114	2729	19558	1303	3339	38663	7513	1993	14973	34431	3108	6462	16154	8628	3213	76067	1178	6404	992	1250	2721	1047	1705	8230	12734	817	5410
ENSG00000004809.12	2	1	7	10	3	4	2	5	10	4	1	2	2	4	0	0	0	3	4	0	1	0	3	4	1	2	3	9	3	1
ENSG00000004838.12	341	19	817	316	28	225	21	110	327	39	21	69	314	44	21	5	15	50	345	14	91	7	31	11	37	70	61	223	76	41
ENSG00000004846.15	0	1	0	5	3	12	0	4	2	0	0	12	2	1	0	0	0	4	0	4	1	2	21	7	1	2	3	1	2	0
ENSG00000004848.6	3	26	3	34	5	8	0	0	5	1	29	3	1	0	0	4	1	0	13	6	0	3	65	0	4	1	0	2	2	1
ENSG00000004864.12	2014	3649	4356	2955	4601	3943	897	2146	1997	1751	2470	2693	1774	2267	829	1337	3750	1208	2839	1680	5479	719	1736	2140	5184	1364	1969	2351	1990	2229
ENSG00000004866.17	1780	7671	9622	2392	7948	3414	3898	6206	2384	6877	9516	5157	1773	5189	5437	5171	7034	5334	2358	3064	2212	3397	6642	4879	1648	7868	6821	1690	7429	8212
ENSG00000004897.10	2384	3202	2956	3053	5342	2909	1285	2257	3075	3084	2152	2476	2389	8539	2729	2554	2654	1279	3768	775	3087	761	1878	1716	3678	1434	2131	2849	1986	1762
ENSG00000004939.12	32895	157930	18466	25697	10127	20312	105828	79403	10542	15430	26164	188082	9237	24866	91662	222335	54398	36533	19586	5557	9	46765	55812	7361	27	2664	71993	14182	47997	225400
ENSG00000004948.12	36	1038	4	176	9	234	9	11	140	2	10	2012	56	25	2	9	15	2	493	28	10	7	50	6	11	4973	14	225	0	6
ENSG00000004961.13	2194	7443	6948	1910	4613	2799	3743	5134	1903	7121	5818	7227	1675	3708	2534	5670	4921	3627	2723	2335	2498	3083	3726	4488	3338	3525	5365	2623	4557	5199
ENSG00000004975.10	2287	1724	3543	2064	1460	1656	1385	1229	1976	1497	1564	1296	1748	2203	1504	878	1008	970	2388	754	1787	896	1342	1090	1933	1007	1388	1258	1090	2032
ENSG00000005001.8	1640	355	484	476	100	440	444	268	768	429	766	145	1025	73	94	819	394	297	2268	547	307	209	360	1838	247	3	331	1218	416	517
ENSG00000005007.11	11665	19311	12713	8468	8697	5849	9497	11252	6498	10833	14231	11600	13588	9524	4931	11834	13699	9728	14751	10269	7413	8251	13824	6026	7195	12465	13018	6709	10513	14135
ENSG00000005020.11	4905	13493	5759	4970	13523	5539	4220	2405	4670	5243	6858	6313	6146	6590	2804	5654	19433	4835	6274	2335	3101	2798	8718	3762	4854	4402	8241	6730	8898	5981
ENSG00000005022.5	35723	116628	108163	29106	68846	67315	72572	64957	30757	138430	40443	152267	28630	80613	31167	93619	64346	42317	28835	53324	58168	26550	67490	41881	41341	76087	93780	43488	62962	81539
ENSG00000005059.14	71	162	1227	292	263	268	231	187	171	949	224	329	117	196	186	174	165	170	369	254	555	79	138	775	190	112	202	287	201	135
ENSG00000005073.5	160	758	485	265	1456	292	105	7	331	7	391	172	406	208	289	197	738	1287	174	712	16	1274	506	480	45	166	25	349	314	277
ENSG00000005075.14	2324	2648	4569	1821	3811	2329	2496	2669	2093	4290	2416	2700	1774	2326	3251	967	2267	2667	2254	2446	2169	4734	2973	2944	1731	2078	3377	1551	2154	3539
ENSG00000005100.11	961	1169	1723	1359	1798	931	427	635	974	731	699	622	978	2084	893	781	707	349	1525	458	1609	312	634	452	1652	520	602	629	465	646
ENSG00000005102.11	22	126	16	17	15	18	14	4	33	12	1	6	63	144	2	90	0	1	12	15	4	3	10	6	0	2	2	34	6	3
ENSG00000005108.14	10402	11994	9270	6154	18672	2653	8685	21023	6365	20507	27807	6777	6053	23587	4790	5520	39968	12488	6436	2615	5661	2705	10807	7749	3765	8951	17063	7031	14867	17784
ENSG00000005156.10	1691	1257	1380	1045	1290	1040	352	901	1129	645	951	664	1478	1309	484	1174	674	568	1882	524	1886	331	820	555	1620	550	750	1066	939	908
ENSG00000005175.8	1546	2954	1979	1463	2318	1467	1086	1764	1997	1743	1841	1806	1519	2318	963	2494	2167	1043	1895	431	1695	645	1286	1060	1921	1645	1436	1207	1523	1828
ENSG00000005187.10	1363	3394	478	5916	2749	3591	267	2885	3414	917	4373	221	2533	2778	1695	4807	3041	2267	4867	506	29192	929	810	2365	6550	2246	2333	3213	853	1683
ENSG00000005189.18	455	181	728	139	216	178	107	168	235	111	71	104	167	167	199	220	78	60	272	314	200	54	66	134	113	75	93	386	184	80
ENSG00000005194.13	3854	4432	2721	3117	2862	4557	2658	2164	3802	2487	2732	2443	2858	3447	1654	3515	2352	1601	3839	2935	3829	1701	2182	4059	3898	4737	2563	4429	1846	3860
ENSG00000005206.15	3850	5193	6325	2520	1873	1947	3649	3783	2307	3506	6108	2218	2804	2060	2173	2676	2688	3060	3100	3292	3152	4709	4589	2687	2461	4252	3593	1604	3226	6561
ENSG00000005238.18	1385	1440	2381	2067	1167	1285	2467	1910	1224	1870	2229	2417	1257	3357	1826	1205	749	2428	1651	1357	2768	1806	2511	3455	1681	2613	2317	953	2712	3091
ENSG00000005243.8	1096	384	717	851	1542	1092	360	250	948	143	632	724	838	888	935	302	148	297	777	1249	521	715	415	1017	856	814	121	693	350	419
ENSG00000005249.11	2228	52	837	1512	121	1128	41	406	2869	308	63	839	2435	119	123	189	54	73	1241	731	119	58	264	158	162	3736	208	2278	116	27
ENSG00000005302.16	1205	1505	2095	1139	802	1406	729	1085	1662	841	1246	1098	1354	1733	592	1295	1210	880	1485	917	1493	532	1159	1439	1121	1322	1361	1117	1080	1390
ENSG00000005339.11	5134	13156	10066	5538	6413	3055	4812	8620	4445	6041	12237	4621	5685	9080	4161	8014	7950	5204	7574	3565	8271	3187	8802	4083	7920	8564	9050	4420	6370	12973
ENSG00000005379.14	3870	1237	414	1992	1983	1071	424	496	2327	391	723	220	2715	1287	1971	973	369	260	2663	1451	1843	803	674	284	1260	1176	304	2037	303	935
ENSG00000005381.7	38	16	1	12	4	12	3	3	5	0	17	15	13	31	2	3	0	30	28	8	141	1	1	46	9	5	10	39	6	16
ENSG00000005421.7	11	3	3	3	1	58	0	2	15	1	1	1	5	2	0	3	1	1	3	1	2	3	2	0	0	0	1	64	1	0
ENSG00000005436.12	2109	1246	1206	1612	2728	2024	977	1485	2169	1856	1557	997	1423	1219	1959	2091	2962	803	1768	483	1314	664	857	969	1489	1367	1228	2191	741	1501
ENSG00000005448.15	1863	196	767	1071	109	1197	220	129	1061	311	183	117	1002	540	125	218	110	98	1271	95	569	114	132	209	374	444	142	809	153	218
ENSG00000005469.10	1941	3199	975	2858	4507	2569	2118	1937	2769	1060	3909	1184	2250	1361	995	1526	5413	926	2597	605	4573	1295	1557	2140	11910	950	1937	1485	1305	5777
ENSG00000005471.14	36	70	15	73	29	103	42	6	40	10	74	16	39	45	4	62	112	15	51	5	45	36	56	48	111	5	22	94	17	52
