TCGA.DV.5573.01A	TCGA.B4.5378.01A	TCGA.B0.5696.01A	TCGA.BP.5178.01A	TCGA.CJ.4908.01A	TCGA.AK.3428.01A	TCGA.B2.5635.01A	TCGA.A3.3311.01A	TCGA.CZ.4857.01A	TCGA.B0.4699.01A	TCGA.B8.5159.01A	TCGA.A3.3325.01A	TCGA.A3.3383.01A	TCGA.B2.5633.01B	TCGA.CW.6090.01A	TCGA.B0.4839.01A	TCGA.B0.5084.01A	TCGA.B0.5094.01A	TCGA.CZ.5468.01A	TCGA.B0.5698.01A	TCGA.BP.5190.01A	TCGA.B0.5700.01A	TCGA.B0.5116.01A	TCGA.BP.4790.01A	TCGA.BP.4804.01A	TCGA.CZ.5453.11A	TCGA.CJ.4644.01A	TCGA.CZ.5467.01A	TCGA.BP.4331.01A	TCGA.B0.4823.01A
ENSG00000000003.13	3138	5679	3426	4480	3101	3727	2071	4675	4569	7141	2065	7171	4202	930	2825	2452	3878	4590	3540	2399	2067	1971	7259	1857	1597	16515	2329	3621	3153	3116
ENSG00000000005.5	239	3	8	13	80	28	5	5	1	8	247	141	110	25	5	33	5	2	6	16	8	7	4	27	33	24	22	21	162	9
ENSG00000000419.11	1422	2131	1572	1314	1626	1019	1277	1324	1261	5335	1508	2448	1064	451	2191	926	1793	1921	2777	1489	974	815	1570	834	921	2386	1351	1806	1575	1368
ENSG00000000457.12	721	980	534	519	1068	308	761	942	634	1396	887	938	376	791	696	417	786	758	569	586	500	208	764	839	534	1886	649	914	1005	659
ENSG00000000460.15	265	275	177	143	372	138	214	352	301	696	312	330	154	421	368	134	666	221	210	155	149	79	231	233	144	218	153	207	329	209
ENSG00000000938.11	1612	740	563	1404	1299	1032	1846	995	720	756	648	1306	847	485	1143	1263	954	869	1727	2647	764	629	253	1190	1021	635	1058	561	2145	792
ENSG00000000971.14	2348	4105	2740	11751	6916	714	5818	9388	8710	15168	1003	5800	669	4958	10638	2707	727	18422	15609	1187	1888	825	1851	6170	5053	2669	2633	5133	2666	7419
ENSG00000001036.12	3190	2775	7669	4323	4582	3399	3916	6769	5480	9416	11156	6001	5221	1315	5932	5362	4264	5411	7617	6493	5229	4003	6127	3751	2522	6436	7541	4926	3022	5569
ENSG00000001084.9	2182	1719	4335	2455	3204	1046	1560	2571	1471	4746	2780	3083	1435	2216	2691	1351	1004	2556	1960	2672	2398	1218	1848	2122	1238	2464	2254	2057	3256	2832
ENSG00000001167.13	1514	3332	1058	941	2820	1235	1721	2126	1276	2815	1936	2621	596	2041	1894	1054	1548	1162	1373	2409	1034	982	1460	1792	860	2530	1478	1974	2319	1345
ENSG00000001460.16	703	720	641	616	621	289	615	847	252	563	860	709	431	238	489	532	102	905	723	749	1156	505	457	638	348	1422	721	602	591	613
ENSG00000001461.15	4537	6266	2536	2942	5229	2009	7067	6691	1914	2955	7595	4394	2451	2142	3520	1847	460	6904	2790	3685	8131	2540	4808	4631	2535	13657	2411	3146	4022	4277
ENSG00000001497.15	2562	2993	2748	2508	3333	1293	2458	2164	1888	5805	2678	4532	2266	680	3673	2678	5339	2196	15864	2256	2384	2107	2491	1740	1656	2539	1689	4357	2949	2722
ENSG00000001561.6	2483	7100	2796	1168	2702	2371	3306	3138	2314	5950	4577	2463	1095	1371	3645	1829	1014	4289	471	2954	2497	1165	2479	2736	1027	8533	3548	3157	3218	3990
ENSG00000001617.10	3733	10090	11101	5110	13100	2805	9699	5891	3969	10908	6526	10046	6155	2263	9288	8884	7103	3313	9276	11009	3153	8706	9266	5557	7412	5662	5342	12261	9556	6493
ENSG00000001626.13	249	19	6	11	74	39	55	61	150	62961	21	98	2	70	11	8	35	74	45	109	183	9	11	79	377	34	23	13	119	5
ENSG00000001629.8	4698	4473	4025	1933	5211	1802	5271	6613	4659	5227	7004	5706	1086	4649	2999	3456	3622	5049	7209	6451	3268	1776	3421	5975	2382	6198	7788	4056	5925	4566
ENSG00000001630.14	128	470	130	92	318	136	169	265	359	480	586	187	35	97	129	80	105	197	86	244	91	86	211	150	57	562	214	295	333	232
ENSG00000001631.13	1808	2622	1312	1132	2748	914	2091	2418	2381	3701	2951	3703	705	3076	1770	838	1806	2858	2740	2499	1768	680	1589	2202	1118	2391	2392	1988	2692	1485
ENSG00000002016.15	488	584	274	257	1027	144	714	714	678	962	563	1318	383	727	407	166	1211	1079	459	247	418	118	513	439	404	652	243	414	956	335
ENSG00000002079.11	9	8	3	9	12	0	10	13	55	11	4	15	5	96	2	2	72	23	25	12	9	5	7	12	14	11	1	4	13	3
ENSG00000002330.12	1674	1749	2876	2502	1888	1123	1523	2668	1126	2203	2858	2730	4483	272	1982	2810	1428	2645	4105	1872	2869	2064	1923	1067	1621	3085	2862	1849	3011	1946
ENSG00000002549.11	12824	6307	6326	10010	7813	2905	9108	11949	5200	20309	13862	7277	7902	1609	8516	3735	2283	5063	8797	8165	3809	4619	4059	9590	5708	8119	6880	7488	9295	7712
ENSG00000002586.16	6853	12341	14364	13368	18359	6632	7787	9284	7751	16105	8021	16786	11883	2558	20696	11071	6057	6153	21578	9759	6515	6827	8492	6474	10903	5434	9012	10637	9555	11165
ENSG00000002587.8	1373	1219	547	517	788	1037	971	776	396	1431	831	508	374	427	636	1025	4067	405	261	1871	466	603	251	335	738	3207	754	948	1018	1692
ENSG00000002726.18	33806	5494	22730	7205	5264	613	42423	2113	2921	26	11583	28400	992	1171	242	51196	821	16772	1667	17787	7222	49728	4619	23740	4257	14496	14400	11105	30397	57935
ENSG00000002745.11	6	0	5	9	4	0	6	3	7	8	5	4	3	10	3	0	7	6	1	6	0	2	0	5	5	3	1	2	6	0
ENSG00000002746.13	205	4	46	395	17	0	14	55	434	91	732	33	14	34	12	107	245	17	489	13	45	96	33	84	18	63	136	3	17	14
ENSG00000002822.14	1619	1826	1471	2313	1772	530	1700	1047	1213	2392	1522	1693	1544	818	1649	2170	2210	2130	2145	1525	1263	1115	1079	953	1373	1539	1044	1149	1506	1297
ENSG00000002834.16	19438	18711	17991	18616	25180	9191	23759	25503	15345	21247	26832	29347	12544	4769	27981	15870	26543	13825	20955	14054	13619	13112	31797	20591	15992	19605	15564	20490	21130	20314
ENSG00000002919.13	1656	1563	2493	1365	1972	1142	1329	1694	967	2794	1662	2269	1396	395	1554	1361	1594	1627	1224	1802	1341	1413	1074	1377	1173	2448	2107	1625	2200	1721
ENSG00000002933.6	26074	10625	42666	37759	19151	19367	32767	48485	33589	5721	44478	56077	37190	1577	24405	62309	13446	46014	58924	94131	37314	56877	57147	31669	20653	9778	46012	32094	35287	35184
ENSG00000003056.6	4465	7206	6211	4127	6748	3883	5139	8493	7508	10330	6913	9140	1928	2067	7314	1679	7015	8410	4696	5506	2539	2828	10299	5089	2878	6992	6761	7787	6705	8771
ENSG00000003096.12	765	887	914	472	367	731	260	683	542	513	2468	715	263	273	772	410	1117	640	283	485	508	362	1432	594	354	3971	1125	714	512	604
ENSG00000003137.7	694	472	238	462	932	57	1154	91	39	2064	808	234	196	127	240	350	676	175	75	118	137	91	130	337	596	3087	753	1843	990	399
ENSG00000003147.16	1043	1622	727	479	1297	299	1018	465	280	3501	342	993	425	869	696	644	321	818	363	475	327	487	501	513	463	1639	355	765	1596	561
ENSG00000003249.12	4282	2771	1207	651	567	628	996	1246	241	1975	9011	1886	2156	150	168	1813	6896	328	81	585	1356	1204	476	1917	558	1489	625	949	2797	1927
ENSG00000003393.13	1415	2485	1499	969	2781	660	1622	1495	1976	2145	4422	2448	667	1867	1581	714	2153	2392	1529	1887	1057	924	846	1641	967	2850	1846	2411	2416	1536
ENSG00000003400.13	1645	1213	1435	1454	3938	534	1702	2088	2115	1553	3400	3422	995	1512	1916	1636	2347	1599	1154	1925	1356	946	959	2315	1632	2479	2730	1850	1930	1820
ENSG00000003402.18	13577	17667	7718	16039	21132	5005	14406	9022	9152	9235	25416	17871	6105	15193	7671	4860	12572	18411	7880	19107	17723	5568	4255	9968	7996	13694	8685	11961	21382	7641
ENSG00000003436.13	8211	1722	12941	32307	16731	12853	10254	24184	20152	1630	16092	21832	16920	8044	29374	7919	6330	24520	12598	27068	16297	11303	66993	18620	11671	9533	10811	15523	7923	19543
ENSG00000003509.14	775	842	565	514	996	369	942	809	479	1334	1582	1093	527	658	858	529	1282	864	629	631	824	390	536	563	516	821	431	804	1217	445
ENSG00000003756.15	3715	7224	1406	1791	7325	684	4542	3159	2759	10210	2316	8856	3431	4009	2999	1445	4326	3319	2372	2467	1844	1279	1828	3353	2683	4176	2039	2677	5959	1579
ENSG00000003987.12	109	219	49	233	127	41	89	171	407	79	75	112	54	478	278	41	241	95	126	116	178	62	90	168	77	180	39	81	119	112
ENSG00000003989.15	2110	18058	1311	4890	4550	2248	1034	3534	24405	719	1682	3337	862	2905	651	958	3856	4794	1902	3161	674	1022	1905	4037	2259	2794	2885	5379	1921	5833
ENSG00000004059.9	5893	7136	7718	8977	5638	3588	5394	5268	7525	7652	4942	9239	6458	394	6783	11508	14123	7621	15019	8736	5429	5191	7027	3393	5154	7191	7092	6919	6527	5288
ENSG00000004139.12	543	1424	522	552	1006	253	999	1142	701	684	1524	1421	239	643	448	295	1679	1194	270	467	829	385	975	679	446	655	459	694	1074	501
ENSG00000004142.10	6370	5665	10403	7626	5700	2696	6610	9038	4647	8357	8800	12127	5433	1030	5705	7574	13168	8071	9587	8621	6707	5810	6368	4802	3590	13679	7945	7520	8510	6583
ENSG00000004399.11	7292	26776	17429	13889	48971	4825	15089	14837	13727	11902	16305	24679	8035	10321	18982	14318	12535	8286	29472	12731	6227	15358	18754	17222	17005	8330	10461	19645	20882	19337
ENSG00000004455.15	8171	6788	12710	9673	9901	6104	8211	9709	7099	11386	8349	11425	7326	2690	7366	6817	4421	9902	11488	9003	13442	7801	6823	4577	4630	12446	10389	9473	9079	8524
ENSG00000004468.11	1384	115	94	354	272	22	460	571	359	2712	506	320	192	220	358	100	198	221	191	546	99	153	83	778	546	436	280	113	371	293
ENSG00000004478.7	6929	7713	7147	4519	7098	5039	4975	8881	5740	17687	7873	6619	5473	1341	7185	5189	9088	9787	10194	6675	4830	5085	8723	3854	3515	15611	6717	8055	5551	6315
ENSG00000004487.14	3289	4769	3032	2748	4444	1654	2925	3733	2193	9804	4017	4580	2164	1659	4395	2650	3638	3121	4836	3139	2654	1888	3562	2813	1903	6164	2638	3876	3362	2877
ENSG00000004534.13	2763	3698	1155	1561	6979	541	3885	2320	2305	17008	1630	7336	2558	3902	2583	1091	4042	2832	2503	1713	1749	1154	1144	2253	2097	2550	1030	2100	4577	1287
ENSG00000004660.13	578	801	992	598	2044	447	2762	1173	572	850	1366	1378	1062	502	1587	880	1016	1178	449	878	366	776	451	889	599	573	523	2216	1282	1220
ENSG00000004700.14	1587	2656	1740	2052	2884	1134	1936	2615	2498	4073	2848	2899	360	873	2428	448	2366	1814	1894	1684	1195	562	2123	1500	842	1867	1890	2008	2261	2045
ENSG00000004766.14	1236	1795	1130	758	1670	778	1467	1718	1862	3886	1437	1634	705	1464	1362	967	1299	1732	1794	1702	948	535	1166	1369	763	2725	2047	1577	1694	1215
ENSG00000004776.10	829	489	376	291	750	46	145	270	440	203	253	1227	78	20	391	262	7371	98	1545	61	375	204	219	1182	1857	1951	145	168	217	2494
ENSG00000004777.17	263	996	167	291	1167	129	547	413	732	1168	437	1311	709	275	150	181	1017	1243	470	280	544	273	286	271	434	83	82	268	1435	104
ENSG00000004779.8	2862	2456	5726	2510	1975	1222	2484	2430	1930	6975	2766	4530	3472	375	3245	3422	2698	2211	3304	3252	2270	2465	2511	1112	1630	4236	4053	3503	3071	1922
ENSG00000004799.7	18271	171324	26069	158416	50106	56917	42874	13956	6755	944	437282	94129	23197	38711	15865	9617	2884	6309	8140	15485	101407	10810	7267	9346	17079	68456	86666	60209	19445	13185
ENSG00000004809.12	3	127	4	32	5	5	7	14	18	73	9	12	11	53	11	8	3	6	4	126	2	4	6	6	3	5	5	6	10	5
ENSG00000004838.12	283	247	137	254	126	49	653	181	234	137	692	137	387	78	215	529	771	262	28	80	378	148	282	249	201	245	294	43	626	51
ENSG00000004846.15	10	0	8	17	6	9	0	2	8	5	3	2	1	36	42	7	3	4	2	1	7	0	7	10	6	8	0	1	1	12
ENSG00000004848.6	4	0	4	109	2	0	5	9	2	21	0	11	2	12	1	0	129	15	1	3	5	5	0	0	11	1	2	1	0	6
ENSG00000004864.12	1695	2303	3164	2238	2687	995	1849	4241	2810	2483	3871	3756	1306	1479	2026	1281	2617	3372	4835	4375	1870	1752	2535	1902	1043	3298	4295	2588	2929	1633
ENSG00000004866.17	2119	1192	3061	1668	2224	1378	1274	2504	1317	5752	3930	4165	2152	516	1912	1451	3326	2134	3278	3859	2683	1693	1803	1608	1154	2551	4712	2405	2171	1849
ENSG00000004897.10	3076	5392	3815	3196	6250	2381	3215	5331	3522	8128	4937	5289	1787	3255	4804	2428	3229	3239	3905	3485	1969	1826	3792	4469	2573	6041	4770	4994	3951	4408
ENSG00000004939.12	3735	1	86	6	67	18	11	12	7	20990	8	6	9	112	2	18	35	8	2	9	4	479	16	2	94	10168	18	6	104	7
ENSG00000004948.12	74	1645	66	911	549	33	191	889	145	86	40	97	32	649	954	81	47	10	78	30	46	377	1207	1911	289	64	214	168	62	1106
ENSG00000004961.13	1406	1735	1314	1915	1338	817	1051	1610	651	5598	1111	2271	920	330	1447	1057	1300	788	3570	1493	1222	931	1290	1226	780	2646	1009	1504	1476	1392
ENSG00000004975.10	1596	2925	1548	1775	2685	778	1576	1640	2125	2927	2356	3244	1333	586	2248	1172	3480	2475	1112	1317	1119	1118	1854	1745	1044	1835	1227	1700	2228	1520
ENSG00000005001.8	58	81	3	0	1	28	4	0	1	961	0	5	0	0	2	11	359	1	3	0	0	4	0	22	43	446	0	0	1	2
ENSG00000005007.11	6066	9540	5786	4534	7722	2233	6879	6785	4254	12955	9608	7701	3512	1991	3718	4332	5367	5245	5210	6788	4167	4286	4684	5295	3629	11949	5571	8084	7728	5513
ENSG00000005020.11	5174	5157	7636	6209	4061	4784	6264	9650	6380	9586	7730	11034	1745	3378	9725	5102	6395	8214	5835	8685	6073	3676	11138	3691	3306	11179	9693	9808	7396	7009
ENSG00000005022.5	11446	11253	16053	10209	9556	8491	7654	11519	6872	78516	10141	18004	13223	1300	11469	6171	10911	6710	12486	12209	5796	10399	9803	7805	6338	40603	9026	10194	11335	11689
ENSG00000005059.14	1163	411	309	718	436	359	1212	608	769	1309	1198	409	309	472	563	980	1310	440	1359	814	346	366	223	916	583	212	622	545	942	691
ENSG00000005073.5	91	62	78	22	123	4	48	81	172	1232	15	152	77	10	232	63	97	171	276	26	27	41	943	112	187	621	53	54	25	85
ENSG00000005075.14	1485	1168	1806	3583	1158	546	1159	1045	1665	1940	1193	1957	2213	191	1567	2699	4021	1753	6659	2422	2590	1234	1381	529	1307	1058	1326	980	1617	1209
ENSG00000005100.11	1162	2089	1056	983	2220	535	1224	1739	1498	1493	1862	2277	658	864	1271	762	2383	1721	1027	1372	882	655	1513	1293	789	1572	919	1615	1906	1088
ENSG00000005102.11	15	47	61	78	122	23	66	34	22	89	40	54	7	34	94	59	19	35	3	7	18	32	78	112	92	55	55	12	15	39
ENSG00000005108.14	1521	2267	848	914	4247	397	1595	2098	1391	18120	2072	1289	155	3369	664	1523	1556	1452	300	2168	424	554	1520	2952	810	12570	2184	2184	1316	2040
ENSG00000005156.10	1012	1267	950	912	1714	726	874	1578	1189	2038	1536	1994	462	1083	1110	503	1600	1302	1710	1199	662	595	1177	1094	585	2012	902	1293	1223	980
ENSG00000005175.8	1323	1641	1320	1017	1536	572	1063	1704	1246	3070	1608	1624	567	758	1787	663	915	1700	1406	1314	910	533	1345	950	717	2895	1075	1270	1255	1682
ENSG00000005187.10	1865	1421	2846	1379	1450	892	1058	2639	3476	1062	6869	1404	584	1348	2559	1092	3222	4285	580	715	1795	816	2654	253	1147	3197	2959	2021	1048	817
ENSG00000005189.18	298	305	147	313	197	116	235	216	339	380	209	230	278	173	369	212	513	436	204	138	151	174	517	185	147	319	165	214	259	170
ENSG00000005194.13	2760	2751	3491	2639	2705	1183	2013	2845	1574	4344	2064	3595	2070	462	2287	2392	3219	1999	3100	2860	1973	2063	1991	1780	1411	3906	3072	4052	2928	2532
ENSG00000005206.15	2418	2203	2289	2389	3346	584	2451	3122	2716	5612	2186	6008	2842	859	772	2584	1911	5478	3555	2482	2882	1998	2516	1572	2302	1781	2178	1248	5730	1392
ENSG00000005238.18	1206	1918	2134	1883	2160	337	2101	1688	1074	4240	1564	1708	1028	550	1780	1471	1988	1261	1158	1418	1910	1035	1274	1388	1387	1534	948	1628	3134	1142
ENSG00000005243.8	795	1145	1563	1968	1148	141	887	1633	601	1392	716	2621	2251	285	3147	1684	1912	1161	2910	872	1281	579	1141	632	837	927	1075	855	845	1492
ENSG00000005249.11	661	650	242	299	405	379	470	284	393	976	623	537	139	287	424	261	1454	382	222	273	66	162	233	1099	344	6170	213	528	201	333
ENSG00000005302.16	1667	1589	1260	1389	2719	607	1502	1806	1276	3200	1308	2529	996	928	2097	1018	1813	1142	2170	1609	1005	703	1062	1692	1396	1425	1178	1236	2315	1202
ENSG00000005339.11	6004	10270	4686	4993	11368	4068	6344	7809	5532	9448	12525	9553	2784	5509	5311	4047	5657	6942	4303	7082	3485	3032	6115	6801	3709	7106	4641	9082	7107	5126
ENSG00000005379.14	1098	2434	233	125	1353	121	1136	739	1238	1953	746	3136	624	1163	142	268	341	1377	134	409	464	262	484	631	690	1421	171	799	2175	604
ENSG00000005381.7	5	1	4	12	12	1	4	8	12	140	4	23	6	2	47	7	6	4	2	28	2	3	5	2	3	17	10	0	42	4
ENSG00000005421.7	29	1	0	6	6	3	1	4	1	5	0	2	3	43	0	1	7	3	4	1	4	0	0	1	3	7	0	1	6	1
ENSG00000005436.12	1044	1847	1316	885	1734	879	1038	1822	1401	1502	2215	2038	761	1193	1403	666	1131	1919	941	1453	926	677	1841	933	712	3304	1320	1322	1456	1255
ENSG00000005448.15	1821	1858	2483	2204	1823	1636	1490	1330	1807	1461	2854	3744	5450	285	2404	1901	2473	2858	1109	2153	2023	3455	2591	975	1232	1111	1653	2687	2450	2224
ENSG00000005469.10	1154	1485	896	982	971	528	1048	1277	979	1998	829	1493	496	633	1036	786	856	1102	1445	928	880	422	1106	990	605	3830	1275	759	1073	856
ENSG00000005471.14	133	65	70	333	394	412	819	491	1820	64	1094	154	74	559	57	270	661	43	942	223	739	335	881	212	139	62	56	440	295	144
