TCGA.DV.5573.01A	TCGA.B4.5378.01A	TCGA.B0.5696.01A	TCGA.BP.5178.01A	TCGA.CJ.4908.01A	TCGA.AK.3428.01A	TCGA.B2.5635.01A	TCGA.A3.3311.01A	TCGA.CZ.4857.01A	TCGA.B0.4699.01A	TCGA.B8.5159.01A	TCGA.A3.3325.01A	TCGA.A3.3383.01A	TCGA.B2.5633.01B	TCGA.CW.6090.01A	TCGA.B0.4839.01A	TCGA.B0.5084.01A	TCGA.B0.5094.01A	TCGA.CZ.5468.01A	TCGA.B0.5698.01A	TCGA.BP.5190.01A	TCGA.B0.5700.01A	TCGA.B0.5116.01A	TCGA.BP.4790.01A	TCGA.BP.4804.01A	TCGA.CZ.5453.11A	TCGA.CJ.4644.01A	TCGA.CZ.5467.01A	TCGA.BP.4331.01A	TCGA.B0.4823.01A
ENSG00000082929.7	37	11	167	141	170	150	259	28	2	30	164	327	424	93	42	81	9	196	109	1963	925	79	58	110	101	0	97	942	60	114
ENSG00000083622.8	0	0	0	0	0	0	0	0	0	110	0	0	0	0	0	0	0	0	0	0	0	0	0	0	0	0	0	0	0	0
ENSG00000093100.13	45	34	1	12	101	2	45	89	90	31	56	35	2	285	14	11	97	74	9	45	102	8	15	78	42	11	9	22	68	8
ENSG00000099869.7	2	730	2	0	18	0	2	0	0	0	0	1	0	0	1	0	0	0	1	0	0	0	4	5	0	38	0	1	4	1
ENSG00000100181.20	292	1611	45	156	114	49	69	56	43	27	103	125	25	114	338	103	73	62	62	34	21	43	64	123	108	1778	30	102	38	33
ENSG00000115934.11	0	0	1	0	0	0	1	0	0	1	0	0	0	3	0	0	0	0	0	0	0	0	0	0	0	0	0	0	0	0
ENSG00000116652.6	30	36	7	3	47	4	42	50	47	80	26	47	5	376	15	12	20	64	15	14	21	0	13	23	18	24	4	14	59	3
ENSG00000116883.8	258	390	75	297	301	53	192	153	548	193	36	892	185	136	204	48	508	820	475	119	285	86	88	172	129	112	37	65	355	60
ENSG00000117242.7	398	670	520	507	628	208	437	772	202	517	397	618	176	384	352	240	219	891	628	624	447	362	596	387	227	431	299	521	353	346
ENSG00000120055.7	19	16	6	16	14	3	23	18	41	36	14	28	8	12	8	7	65	28	34	11	8	10	14	9	12	82	12	13	46	6
ENSG00000120664.9	16	23	8	11	19	10	33	52	9	29	11	31	6	38	22	6	125	20	16	26	49	10	12	19	9	22	1	3	34	13
ENSG00000122043.9	19	1	2	1	7	0	5	3	5	0	6	3	2	18	3	2	0	7	0	1	7	0	0	5	3	0	0	2	6	0
ENSG00000122548.5	16	8	0	12	50	0	33	58	20	14	8	86	2	315	13	6	26	190	2	10	4	0	20	153	11	24	1	7	8	7
ENSG00000124835.2	1	1	0	0	3	0	1	0	1	0	0	1	0	122	0	0	5	1	0	0	2	0	0	4	1	1	1	1	0	1
ENSG00000124915.9	3	4	10	5	11	2	2	0	5	0	5	38	11	30	6	2	2	14	14	26	11	9	11	8	2	0	4	3	7	1
ENSG00000125514.8	3	0	0	0	0	0	1	0	0	0	0	0	1	1	0	0	0	0	0	0	0	0	0	0	0	0	2	0	0	0
ENSG00000125804.12	4	10	10	8	38	0	26	15	35	1	2	20	3	15	7	6	0	47	0	5	0	5	22	8	14	6	3	17	14	7
ENSG00000125899.7	1	2	0	0	0	0	0	0	0	1	1	0	2	0	0	0	0	0	0	0	0	0	0	0	0	2	0	0	0	0
ENSG00000126005.14	2955	3833	3470	5356	1845	1830	3085	2547	2496	5496	2679	4591	4481	443	3808	4594	6795	4646	3625	2579	3844	3413	3126	1584	2052	4825	2523	3227	3504	2657
ENSG00000128254.12	8	5	1	9	15	2	5	3	1	27	8	24	8	19	4	7	5	5	16	9	5	4	2	0	7	11	4	9	18	15
ENSG00000129816.5	0	0	0	0	0	0	0	0	0	0	0	0	0	0	0	0	0	0	0	0	0	0	0	0	0	0	0	0	0	0
ENSG00000129845.5	0	0	0	0	0	0	0	0	0	0	0	0	0	0	0	0	0	0	0	0	0	0	0	0	0	0	0	0	0	0
ENSG00000130600.14	539	45124	1591	468	4462	314	359	198	782	374	880	1933	4399	27	20066	1531	1969	139	11776	1716	330	1543	5080	918	1122	3751	526	286	445	609
ENSG00000131007.8	0	0	0	0	0	0	0	0	0	0	0	0	0	0	0	0	0	0	0	0	0	0	0	0	0	0	0	0	0	0
ENSG00000131484.4	0	0	1	0	0	1	1	0	0	4	1	2	1	9	0	0	0	2	0	0	0	0	0	2	0	1	1	1	0	0
ENSG00000131538.7	0	0	0	0	0	0	0	0	0	0	0	0	0	0	0	0	0	0	0	0	0	0	0	0	0	0	0	0	0	0
ENSG00000131548.7	0	0	0	0	0	0	0	0	0	0	0	0	0	0	0	0	0	0	0	0	0	0	0	0	0	0	0	0	0	0
ENSG00000132204.12	8	1	3	0	11	0	1	11	4	3	0	3	0	11	0	4	3	7	2	1	9	49	0	15	2	17	0	2	17	2
ENSG00000132832.8	50	4	2	9	16	5	24	19	16	79	8	13	11	7	9	4	66	20	18	10	5	3	13	9	38	4	5	3	26	9
ENSG00000136275.9	1	0	0	2	3	0	0	0	1	1	0	2	0	6	6	0	1	0	0	0	0	0	0	0	0	0	0	0	0	2
ENSG00000136315.4	3	0	4	8	2	0	2	6	0	5	0	6	1	3	8	12	5	1	1	6	3	3	2	0	2	0	6	4	5	0
ENSG00000137808.12	0	0	0	0	0	0	0	0	0	0	0	0	0	0	0	0	0	0	0	0	0	0	0	0	0	0	0	0	0	0
ENSG00000142396.9	691	868	364	456	1216	245	578	625	581	1988	419	1457	398	645	341	289	457	787	662	689	646	331	364	533	393	718	420	556	1193	374
ENSG00000145063.13	6	4	3	12	6	0	6	10	7	20	9	6	3	7	3	2	9	13	0	2	2	1	5	1	1	7	6	5	2	0
ENSG00000146521.8	47	79	20	4	75	0	6	21	57	41	7	250	6	75	13	2	40	128	8	4	18	19	16	89	10	56	11	21	6	10
ENSG00000146666.5	9	6	0	40	22	0	3	3	5	2	0	2	1	5	0	0	43	24	52	0	4	0	8	12	5	3	3	3	6	1
ENSG00000147753.8	0	0	0	0	0	0	0	0	0	0	0	0	0	0	0	0	0	0	0	0	0	0	0	0	0	0	0	0	0	0
ENSG00000147761.7	0	0	0	0	0	0	0	0	0	0	0	0	0	0	0	0	0	0	0	0	0	0	0	0	0	0	0	0	0	0
ENSG00000149443.6	0	0	0	0	0	0	0	0	0	0	0	0	1	1	0	0	0	0	0	0	0	0	0	0	0	2	0	1	0	0
ENSG00000149656.7	2	3	0	0	5	0	0	2	5	2	4	8	3	6	0	0	1	6	0	0	1	0	1	2	0	0	0	1	2	0
ENSG00000151303.11	28	17	3	5	55	0	16	43	11	9	6	66	18	33	13	6	9	31	3	14	21	2	17	15	21	8	5	9	39	3
ENSG00000152931.7	67	4	3	0	2	5	0	0	2	1489	2	44	1	19	0	4	3	1	1	0	2	3	0	7	8	36	4	0	1	5
ENSG00000153363.11	436	272	496	405	378	137	523	455	443	356	278	513	327	263	483	316	1185	568	453	399	567	335	437	284	207	745	374	265	515	362
ENSG00000157306.13	53	44	9	23	180	12	28	47	70	171	20	205	34	129	26	41	81	97	31	21	39	9	4	38	43	28	5	34	104	5
ENSG00000162888.4	4	5	1	5	20	0	23	18	9	56	0	8	0	61	23	3	20	12	5	0	5	0	4	17	8	3	1	2	15	0
ENSG00000162947.4	4	0	1	2	3	0	1	1	0	2	4	3	3	74	2	11	6	3	1	1	1	0	1	4	1	0	0	0	3	0
ENSG00000163009.7	27	4	2	5	15	5	6	14	22	24	21	19	6	13	0	2	165	13	9	6	10	6	11	13	10	2	3	0	16	3
ENSG00000163364.8	1110	2698	2128	1125	1196	770	1221	1420	2138	744	2264	2359	1487	381	2211	1385	219	3037	1815	1488	1221	1590	4163	950	1062	1757	2390	1444	1270	742
ENSG00000163597.13	814	2370	1404	1563	1723	1065	856	1461	1572	1588	1604	2929	548	1294	2588	848	2423	2478	1238	1278	806	680	1867	1200	578	1380	603	2014	1102	1286
ENSG00000163915.6	2	0	2	3	0	0	0	11	8	15	0	2	2	12	0	0	17	0	8	0	0	0	9	0	0	2	0	1	1	0
ENSG00000164621.5	11	9	9	7	3	0	1	3	2	4	5	9	2	79	2	4	1	2	9	5	6	1	2	1	3	4	3	6	7	7
ENSG00000165511.6	208	392	249	241	559	494	350	482	585	455	298	1169	494	132	523	145	171	501	299	270	311	155	449	255	110	291	301	405	358	318
ENSG00000166770.9	347	1683	368	154	649	108	646	186	369	2357	176	498	200	275	349	784	87	1030	156	193	131	742	142	237	482	2064	1226	372	1096	1169
ENSG00000166917.8	0	1	0	0	5	0	0	0	0	0	1	1	1	0	0	0	4	2	0	0	0	0	0	0	0	0	0	0	3	1
ENSG00000167046.4	13	20	12	8	17	2	25	2	22	68	0	50	17	15	7	13	8	27	1	17	0	3	6	44	8	46	7	70	23	8
ENSG00000167117.7	1	0	1	34	1	0	0	4	5	2	54	12	5	4	0	0	11	2	4	1	5	4	3	6	5	0	0	0	1	4
ENSG00000167355.6	30	1	0	8	3	0	2	2	1	4	2	5	1	20	1	2	2	0	1	0	0	0	0	0	0	0	2	2	3	0
ENSG00000167459.15	2	0	0	0	0	0	0	0	0	0	0	0	0	0	0	0	1	0	0	0	0	0	1	0	0	0	0	0	0	0
ENSG00000167912.5	174	82	21	79	61	10	46	86	29	137	169	26	19	31	46	37	13	75	26	35	21	22	81	116	52	284	23	47	28	35
ENSG00000168367.8	1	1	0	0	0	0	0	0	0	0	0	0	1	0	0	0	0	0	0	0	0	1	0	0	0	0	1	0	2	0
ENSG00000170161.6	36	53	77	11	93	24	61	43	66	249	166	61	27	70	33	67	64	34	27	34	46	34	29	48	46	74	34	67	70	47
ENSG00000170590.7	0	1	0	0	1	0	0	0	0	1	1	0	0	1	0	0	0	0	0	0	0	0	0	0	0	2	0	0	0	0
ENSG00000170846.14	726	943	921	554	836	326	636	630	751	1759	627	1628	956	169	888	709	544	727	579	600	741	494	530	534	485	1652	393	889	704	771
ENSG00000170919.14	484	700	282	393	1363	254	517	730	638	863	693	1407	507	1565	642	545	1534	697	334	511	941	328	574	616	551	533	231	480	919	359
ENSG00000170983.3	0	0	1	0	0	0	0	0	0	0	0	0	0	0	0	0	1	0	0	0	1	0	0	0	0	0	0	0	0	0
ENSG00000171671.6	0	1	0	0	2	0	0	1	2	0	0	0	1	111	1	0	1	0	0	0	2	0	1	4	1	0	0	0	1	0
ENSG00000171889.3	11	17	2	18	3	7	21	25	0	73	3	2	0	12	10	3	33	25	37	3	1	2	15	25	4	57	2	4	0	21
ENSG00000172250.13	29	50	11	10	43	10	15	28	19	110	44	83	24	4	60	23	69	17	13	25	36	22	24	47	28	42	15	27	48	25
ENSG00000172965.13	1094	1801	1944	2042	5359	1135	1289	1898	2012	2206	2019	2724	1479	3041	5819	2282	5631	1398	2521	2346	1098	1538	2679	1811	2028	499	1289	2327	1708	2159
ENSG00000173727.10	185	131	338	242	240	142	124	97	327	509	79	324	165	107	387	80	92	834	1102	228	490	106	155	84	99	203	488	149	131	79
ENSG00000173811.9	21	45	11	15	43	0	67	15	22	106	18	18	11	27	6	29	135	16	8	14	23	3	15	8	15	152	2	11	30	7
ENSG00000173862.3	5	2	0	1	3	0	2	6	2	7	0	9	1	191	1	2	9	5	3	1	8	0	2	1	1	3	1	2	16	0
ENSG00000173867.8	19	35	2	12	33	5	14	15	13	33	12	47	9	15	33	5	43	19	6	9	5	2	5	23	13	22	2	12	17	10
ENSG00000174171.5	492	71	45	10	366	2	295	167	30	239	41	638	251	208	3	7	497	293	9	49	337	64	1	23	25	74	20	60	508	31
ENSG00000174365.18	314	354	433	415	399	128	371	433	540	1000	255	908	459	129	406	248	807	696	823	301	472	231	458	203	263	567	220	299	704	267
ENSG00000174403.14	12	8	1	11	3	0	3	1	17	290	0	8	1	2	3	0	67	14	2	0	5	0	0	4	13	8	0	2	1	4
ENSG00000174407.10	0	0	0	0	0	0	0	0	1	7	0	0	0	0	0	0	1	2	1	0	0	0	0	1	0	0	0	0	0	1
ENSG00000174680.8	12	2	0	0	40	0	18	24	5	7	13	22	5	6	12	4	3	12	3	1	4	3	1	5	4	1	2	2	11	2
ENSG00000175061.16	10731	26562	17751	14800	20619	24825	11618	25634	23023	12005	26381	47624	20381	3079	49028	17795	44104	21165	6807	22010	12161	22682	37310	13872	8886	17431	11931	24609	23506	31486
ENSG00000175147.10	273	479	134	63	501	18	265	301	104	1351	347	548	141	274	313	214	63	202	200	309	69	73	230	521	144	289	61	131	537	113
ENSG00000175604.2	17	2	10	4	6	3	4	6	10	11	1	18	4	205	1	22	8	12	4	1	7	3	3	7	11	1	7	7	4	3
ENSG00000175611.10	267	232	154	113	247	86	242	120	76	306	131	227	103	310	145	103	229	89	109	118	122	130	152	187	135	335	160	318	201	175
ENSG00000175699.11	0	0	23	7	0	0	0	0	0	2	0	0	0	0	0	1	16	0	1	0	4	0	0	1	0	0	0	0	1	0
ENSG00000175746.6	3	24	11	11	47	0	7	15	7	9	3	30	7	33	30	13	2	4	13	3	2	7	9	6	7	1	11	25	7	12
ENSG00000175772.10	52	246	20	36	100	11	53	79	29	355	51	49	40	64	175	28	83	46	54	50	45	11	15	56	35	127	27	103	24	36
ENSG00000175773.11	67	55	75	32	41	25	41	68	45	12	69	79	47	76	44	27	111	27	3	43	69	62	113	68	24	115	67	23	114	27
ENSG00000175967.3	1	5	0	0	23	0	21	4	3	12	0	9	0	12	5	3	3	7	0	3	1	2	0	4	2	14	0	0	8	1
ENSG00000176075.7	2	0	0	0	0	0	0	0	0	0	0	0	0	0	0	0	0	0	0	0	0	0	0	0	1	0	0	0	0	0
ENSG00000176236.6	8	12	7	7	14	3	9	5	18	30	8	23	3	17	4	1	37	22	3	7	7	8	2	3	4	10	1	6	30	7
ENSG00000176320.2	3	2	0	7	24	12	2	49	3	3	6	3	1	55	2	0	14	10	13	9	1	0	27	10	4	0	4	0	1	0
ENSG00000176349.10	2	0	1	0	5	0	1	1	1	4	0	0	0	124	0	0	1	3	0	1	0	0	0	1	2	0	0	2	0	2
ENSG00000176515.1	15	2	54	5	87	40	177	242	12	0	820	183	8	317	34	4	7	31	3	124	62	26	24	232	1	8	61	179	210	29
ENSG00000176593.6	294	498	244	60	698	80	331	301	305	1239	221	1710	157	665	120	153	327	491	40	393	279	93	107	243	202	1044	160	272	832	110
ENSG00000176659.7	55	5	11	21	57	16	81	61	21	16	7	50	12	136	27	17	11	20	30	34	28	1	6	39	28	7	12	10	95	11
ENSG00000176728.6	32	117	114	68	101	40	21	181	168	519	0	320	198	417	118	2	12	12	10	10	0	9	12	5	116	136	0	0	46	7
ENSG00000176753.5	7	61	2	1	0	0	2	3	1	140	0	5	0	9	3	10	46	3	3	1	1	2	0	5	7	235	0	5	2	6
ENSG00000176754.11	1	2	0	0	8	1	0	2	1	0	1	8	4	1	1	1	4	0	0	0	1	2	0	2	1	4	1	0	2	4
ENSG00000176840.10	0	0	2	2	0	4	2	1	3	4	1	5	0	1	0	0	1	2	1	0	0	1	0	5	0	0	0	1	0	0
ENSG00000176868.2	0	0	0	0	0	0	0	0	0	0	0	0	0	0	0	0	0	0	0	0	0	0	0	0	0	0	0	0	0	0
ENSG00000176912.3	123	95	253	109	48	67	71	131	66	33	128	766	389	27	102	142	252	114	63	90	196	395	103	32	67	25	348	33	119	75
