TCGA.BQ.7046.01A	TCGA.BQ.5891.11A	TCGA.5P.A9JY.01A	TCGA.B3.4103.01A	TCGA.AL.3471.01A	TCGA.IZ.A6M9.01A	TCGA.UZ.A9PS.01A	TCGA.B1.A654.01A	TCGA.2Z.A9JJ.01A	TCGA.SX.A7SN.01A	TCGA.2Z.A9JQ.01A	TCGA.SX.A7SR.01A	TCGA.BQ.5878.01A	TCGA.A4.A4ZT.01A	TCGA.IA.A40U.01A	TCGA.BQ.5891.01A	TCGA.HE.A5NL.01A	TCGA.2Z.A9J9.01A	TCGA.UZ.A9PJ.01A	TCGA.BQ.7061.11A	TCGA.BQ.5876.01A	TCGA.4A.A93Y.01A	TCGA.BQ.7046.11A	TCGA.SX.A7SS.01A	TCGA.BQ.5888.01A	TCGA.B9.A69E.01A	TCGA.IZ.A6M8.01A	TCGA.2Z.A9J7.01A	TCGA.EV.5901.01A	TCGA.MH.A560.01A
LINC01587	12	1	15	9	17	7	61	72	25	14	23	2	35	2	9	0	8	9	8	16	0	3	4	8	3	15	16	36	45	1
AC000111.6	0	0	0	0	0	0	0	0	0	0	0	0	0	0	0	0	0	0	0	0	0	0	0	0	0	0	0	0	0	0
XXbac-B461K10.4	19	14	37	84	73	8	81	6	16	21	0	111	28	27	30	6	34	33	28	10	19	3	14	46	44	29	0	34	43	0
IGF2-AS	0	9	0	0	0	4	0	0	10	0	0	0	1	0	0	0	0	13	1	127	0	3	3	0	0	0	0	0	4	0
TPTEP1	309	555	1307	2051	1706	2059	1700	1896	2672	135	52	2849	3205	2570	1770	6	1891	1293	2130	2536	15	396	1857	191	2676	1159	697	7	792	1839
RP11-153K16.2	0	0	0	0	0	0	0	0	0	0	0	0	0	0	0	0	0	0	1	0	0	0	0	0	0	0	0	0	0	0
DLEU2L	14	12	14	60	44	2	51	1	57	14	0	37	37	35	13	12	15	36	48	19	16	6	9	19	7	5	0	5	46	1
RP11-268J15.5	96	229	158	101	202	160	176	122	204	114	40	190	58	53	113	169	80	949	94	141	35	119	276	67	143	70	29	243	191	23
PINK1-AS	437	492	233	463	167	287	543	284	385	167	59	244	373	216	388	259	167	865	313	380	242	252	512	176	392	234	252	265	739	204
C10orf95	16	44	34	34	42	24	23	15	82	26	2	19	28	24	19	22	26	87	34	314	4	13	51	44	30	22	10	18	58	15
SPG20-AS1	19	20	32	30	15	26	30	23	13	4	8	27	78	8	25	43	29	19	26	34	35	12	30	27	48	114	17	12	22	11
LINC00544	1	0	1	0	0	2	0	2	2	0	0	2	1	1	2	0	1	2	0	0	0	3	1	2	7	3	0	0	4	0
KIAA0087	7	5	22	20	110	3	17	5	3	19	0	52	15	20	2	21	8	31	63	12	10	1	13	33	0	10	1	5	40	1
AC105760.3	1	2	0	4	16	0	0	0	0	0	0	0	0	0	1	0	0	1	1	1	1	0	1	0	2	0	0	0	0	0
DKFZP434K028	6	9	5	20	6	9	26	6	24	2	9	4	15	7	6	77	3	8	6	12	8	0	11	0	7	0	0	16	12	2
LINC00029	0	0	0	0	0	0	0	1	0	1	0	0	5	0	0	0	0	0	0	0	0	4	0	0	8	0	0	0	0	0
FAM182A	0	4	7	3	3	5	2	0	0	0	1	1	9	1	0	9	0	8	0	7	1	6	7	1	0	5	4	4	7	2
C20orf187	0	2	0	0	0	0	0	0	0	0	0	0	0	0	0	0	0	0	0	1	0	0	0	1	0	0	0	0	0	0
MMP24-AS1	6512	5391	6977	3107	2000	8987	7658	7246	2923	2373	2948	3038	3439	2251	4297	10552	2525	4517	3134	9023	1116	1931	7002	3145	7141	1858	6746	5271	4400	5896
C22orf24	6	5	7	18	7	16	7	9	10	7	10	3	15	9	1	22	10	2	12	12	3	5	4	8	8	9	11	9	27	0
TTTY1B	0	0	0	0	0	0	0	0	0	0	0	0	0	0	0	0	0	0	0	0	0	0	0	0	0	0	0	0	0	0
TTTY1	0	0	0	0	0	0	0	0	0	0	0	0	0	0	0	0	0	0	0	0	0	0	0	0	0	0	0	0	0	0
H19	190	1470	346	155	22	1	528	22	67	279	10	34	230	70	517	340	109	54676	71	3840	597	1690	642	367	289	382	91	1070	114	381
TTTY9B	0	0	0	0	0	0	0	1	0	0	0	0	0	0	0	0	0	0	0	0	0	0	0	0	0	0	0	0	0	0
RP11-798G7.5	1	0	0	2	5	3	1	0	0	0	0	0	1	2	0	0	0	1	0	0	0	1	5	1	1	0	0	1	6	0
TTTY6	0	0	0	0	0	0	0	0	0	0	0	0	0	0	0	0	0	0	0	0	0	0	0	0	0	0	0	0	0	0
TTTY6B	0	0	0	0	0	0	0	0	0	0	0	0	0	0	0	0	0	0	0	0	0	0	0	0	0	0	0	0	0	0
LINC00470	1	8	0	4	3	3	1	0	0	1	0	0	3	0	0	0	1	0	0	2	0	2	1	6	2	0	0	119	0	0
LINC01260	5	2	4	6	0	14	5	8	1	6	0	4	10	6	5	9	3	9	6	2	15	13	1	8	38	9	3	18	16	0
C7orf69	0	0	0	0	0	0	0	0	1	0	0	0	1	1	0	0	1	0	0	1	0	1	0	0	1	2	0	0	0	0
RP11-84C10.2	3	1	2	3	0	0	0	2	3	3	0	1	4	2	4	0	4	1	4	2	0	2	0	1	2	13	3	0	4	2
RP11-809H16.2	0	0	0	0	0	0	0	0	0	0	0	0	0	0	0	0	0	0	0	0	0	0	0	0	0	0	0	0	0	0
ERVK3-1	369	559	812	858	631	539	652	495	788	422	207	554	653	380	569	477	395	962	606	1597	395	410	676	422	608	510	433	928	939	268
AC062028.1	1	3	6	7	1	7	2	5	19	12	4	2	0	3	0	9	3	4	4	9	7	5	3	6	2	2	10	4	14	0
LINC01558	13	116	8	8	28	121	10	95	3	49	1	17	162	4	29	54	11	332	54	105	0	38	200	6	8	562	1	12	92	1
LINC00525	0	1	0	1	0	0	0	1	19	0	1	3	1	1	1	0	1	1	0	3	0	4	0	0	8	4	0	0	4	0
TTTY7	0	0	0	0	0	0	0	0	0	0	0	0	0	0	0	0	0	0	0	0	0	0	0	0	0	0	0	0	0	0
TTTY7B	0	0	0	0	0	0	0	0	0	0	0	0	0	0	0	0	0	0	0	0	0	0	0	0	0	0	0	0	0	0
C20orf78	0	1	0	0	0	0	0	0	0	0	0	0	2	0	0	0	0	1	0	0	0	0	0	0	2	0	0	0	0	0
LINC00266-1	2	1	1	2	1	1	2	0	0	0	0	0	0	0	0	2	0	2	3	2	0	0	0	0	0	0	0	3	0	0
RP11-96C23.13	2	5	34	83	180	54	15	10	5	38	66	32	23	9	6	3	13	14	25	14	1	3	14	70	3	5	2	50	7	0
PART1	0	131	0	3	17	20	3	5	9	8	0	1	0	7	0	0	2	9	1	49	3	2	437	3	3	0	7	10	0	1
LINC00467	542	788	725	789	608	858	705	663	503	570	644	746	987	466	524	1506	382	453	795	1343	845	194	882	993	234	271	451	848	726	543
RP11-66N24.4	21	24	76	104	107	134	56	68	79	52	47	61	26	46	37	16	51	79	57	39	5	9	30	63	52	37	16	62	71	16
C1orf147	6	2	4	19	23	1	4	1	17	11	0	2	11	7	1	6	10	8	33	9	0	5	3	8	13	11	0	5	16	2
AC007364.1	3	1	1	8	44	3	2	3	0	0	5	4	1	0	3	3	0	0	1	4	1	0	6	0	3	0	2	0	0	0
C2orf48	0	2	5	5	2	4	5	3	18	3	0	3	3	0	3	11	6	7	2	1	15	3	10	5	16	5	3	0	1	3
LINC01116	98	769	3	113	82	13	83	20	125	82	36	231	6	571	1627	94	152	2711	108	2618	68	205	1062	20	1907	67	106	163	23	11
SNHG16	971	1344	382	740	221	451	1326	389	839	426	411	468	1440	428	813	2169	295	1216	663	1155	1086	1436	1265	243	1053	2904	846	1208	1507	849
IGF2BP2-AS1	0	40	4	18	15	3	0	2	0	4	0	3	1	0	0	2	2	1	2	2	1	0	22	2	3	0	0	0	2	0
SMAD5-AS1	0	4	4	1	6	5	1	5	4	4	1	3	4	1	1	4	1	3	3	13	11	0	10	2	4	1	5	2	1	1
C10orf25	94	179	192	196	160	156	89	207	72	74	40	197	196	86	262	114	99	290	251	397	139	139	206	116	107	234	101	198	150	17
ZNF667-AS1	19	1694	494	581	532	72	1001	289	760	603	419	709	1397	19	51	26	228	1244	896	2627	202	383	1614	85	24	408	302	10	763	119
MIR202HG	0	0	0	3	0	4	0	0	0	0	0	1	1	1	1	1	0	0	1	0	0	0	1	0	5	2	0	0	3	0
RP11-93B14.6	3	20	6	19	0	19	1	9	17	6	2	10	1	2	0	13	1	10	8	122	1	8	19	3	6	6	4	7	12	3
LINC00483	8	6	2	1	7	1	3	0	0	0	4	4	11	7	2	26	1	0	3	2	0	1	36	0	5	0	0	3	0	1
AC104389.28	1	2	3	4	2	4	4	2	1	0	0	1	4	0	3	2	3	0	5	12	2	0	4	0	0	7	2	4	4	1
LINC00905	0	0	0	0	0	0	0	0	0	0	0	0	1	0	0	0	0	0	0	0	0	0	2	0	3	0	0	0	0	0
RP11-25K19.1	123	142	11	4	17	5	56	29	218	5	20	23	55	24	6	148	15	57	132	369	121	63	189	24	16	24	2	6	145	7
LINC00917	0	0	0	0	0	1	0	1	1	0	0	0	0	0	0	0	0	0	0	1	0	0	0	0	0	0	0	0	0	0
RP11-262H14.4	58	41	23	32	20	63	51	35	39	25	22	12	75	23	31	26	11	29	25	79	94	33	50	17	43	43	51	17	61	49
LINC00266-3	0	0	0	0	0	0	0	0	0	0	0	0	0	0	0	0	0	5	11	0	0	0	0	0	0	0	0	1	0	0
AC093323.3	596	882	720	723	399	1146	942	1222	785	593	802	1101	1051	465	873	835	370	1549	808	1888	504	621	894	589	750	698	1177	929	1000	645
TPT1-AS1	993	547	1760	1403	2051	1020	1621	990	577	748	333	1080	1035	481	822	378	608	2095	1096	823	414	233	655	605	707	374	365	728	1038	306
LINC00208	0	0	0	0	2	0	0	0	0	0	0	0	0	0	0	0	0	0	0	0	0	0	0	0	0	1	0	0	0	0
SHANK2-AS3	0	0	0	2	0	0	0	0	0	1	0	1	0	0	0	0	0	2	3	0	0	0	0	0	1	0	0	0	0	0
MIR31HG	54	12	99	63	40	67	95	27	159	38	19	47	330	33	37	51	32	50	69	281	15	5	7	51	20	1	54	88	154	0
SERHL	18	36	28	57	51	64	31	30	20	18	13	53	37	31	58	46	16	96	36	117	9	12	33	34	76	44	22	45	98	19
MIR4435-1HG	973	321	586	455	511	1336	969	3411	1684	753	857	475	3431	511	761	1293	301	1346	1223	895	865	1722	521	494	2646	1793	2458	1186	1366	415
CMB9-22P13.1	113	50	74	68	104	59	214	54	44	41	37	64	155	34	167	229	13	106	31	403	105	87	49	46	180	94	68	164	80	85
CCDC13-AS1	92	76	209	180	248	194	134	237	37	86	47	133	48	126	275	38	124	94	113	138	10	10	52	444	146	16	63	136	182	21
RP11-89N17.1	2	0	6	10	2	3	2	7	2	3	0	5	0	3	2	1	7	2	6	3	1	1	3	6	0	2	1	3	5	0
RP11-97O12.7	6	6	20	24	16	26	20	28	20	10	7	14	11	12	10	9	9	50	29	21	6	5	13	21	15	2	6	26	24	2
RP11-23P13.6	156	38	527	1855	975	2812	432	1059	1175	1957	1185	1948	652	1355	1056	29	1559	33	1205	442	41	53	58	5464	1194	1445	154	2568	757	1107
SNHG11	524	431	1016	807	550	1432	466	1921	612	539	464	641	1030	401	664	1225	342	452	482	1170	205	350	605	796	694	625	862	1682	623	540
C20orf166-AS1	2	7	0	4	4	0	1	0	8	0	0	1	0	5	1	0	0	1	0	6	5	30	10	3	0	13	0	2	1	0
MIR1-1HG	0	0	0	0	0	1	0	0	0	1	0	0	0	0	0	0	0	0	0	0	0	0	0	0	0	0	0	0	0	0
GRIK1-AS1	0	5	3	5	3	12	6	13	6	14	7	6	14	0	1	2	3	11	5	2	0	3	29	0	1	5	1	1	4	2
LRRC75A-AS1	12991	12551	9357	7288	3985	7302	19709	15804	10969	9220	4799	8744	21938	5935	12224	34868	4293	27597	18445	25868	5338	13933	16723	6087	7516	14668	19362	31984	17155	17550
TMEM51-AS1	262	162	412	405	481	681	497	547	1155	645	202	200	262	228	243	382	364	661	882	377	548	70	265	253	152	168	74	144	2314	137
RP11-276H1.3	4	2	3	16	1	5	2	0	0	3	0	2	7	2	23	0	1	3	1	1	0	2	7	3	17	1	0	2	4	0
LINC00476	79	564	165	249	111	281	196	327	177	114	105	130	293	143	184	248	106	475	247	691	125	105	604	122	104	97	111	170	217	84
LINC00521	0	0	1	4	4	0	9	1	1	1	0	2	28	0	1	0	0	0	2	0	0	1	0	8	0	1	0	0	0	1
C15orf54	0	1	0	0	2	1	0	0	0	2	0	0	0	0	1	4	0	9	1	3	0	5	2	0	0	7	0	0	1	2
LINC01106	61	66	114	146	134	88	13	57	39	69	18	119	96	70	48	38	31	192	104	63	35	7	103	105	29	34	21	124	64	35
RP11-121M22.1	62	97	94	82	50	132	24	53	13	80	55	73	123	50	52	44	50	79	156	211	25	76	150	76	71	30	43	44	96	15
RP11-544L8__B.4	1	3	6	1	6	5	3	0	4	5	0	2	2	0	0	0	8	0	63	12	2	1	1	6	2	1	0	2	5	0
LINC00302	0	0	0	0	0	0	0	0	0	0	0	0	0	0	0	2	0	0	0	2	0	0	0	0	0	0	0	0	0	0
C10orf111	3	6	36	32	23	24	15	36	15	11	5	18	11	14	14	10	15	19	24	15	4	11	11	40	12	14	10	19	24	5
RP11-404O13.5	0	4	0	7	9	4	0	0	0	12	0	2	3	0	0	0	0	3	0	9	2	0	1	0	3	0	0	0	39	0
AC110781.3	2	1	1	2	0	2	0	1	0	1	0	0	2	1	0	0	3	0	1	28	0	0	1	0	0	0	0	0	3	0
RP5-856G1.2	15	71	0	9	0	1	25	0	0	7	0	10	40	24	52	33	3	2	15	25	343	3	37	10	4	12	2	1	3	1
CTD-2368P22.1	87	291	285	842	555	235	852	121	433	180	55	171	134	77	95	126	126	756	320	602	205	106	325	323	37	134	71	153	539	44
C20orf197	7	4	12	17	2	22	1	16	19	13	1	39	10	18	14	10	12	10	7	7	3	36	4	22	13	63	6	3	24	2
TTTY14	2	0	9	15	0	18	0	1	1	16	11	10	1	0	6	0	4	252	2	1	0	1	344	13	0	247	8	1	1	2
C15orf56	0	139	1	9	8	11	4	83	27	5	3	4	115	2	14	17	2	85	17	470	2	8	82	9	2	44	8	17	107	8
LINC00303	0	0	0	0	8	0	1	1	0	1	0	0	8	0	0	1	1	2	0	5	0	5	1	0	10	1	0	0	2	0
MIR7-3HG	0	1	0	0	0	0	0	1	0	1	0	0	2	0	1	1	2	2	0	0	0	0	3	0	15	0	0	8	0	0
RP11-334J6.7	0	0	0	0	0	0	0	0	0	0	0	0	0	0	0	0	0	0	0	0	0	0	0	0	0	0	0	0	0	0
TYMSOS	163	245	279	248	104	173	230	182	34	75	116	200	228	74	136	140	82	71	167	24	229	100	114	202	75	111	724	102	111	338
