TCGA.BQ.7046.01A	TCGA.BQ.5891.11A	TCGA.5P.A9JY.01A	TCGA.B3.4103.01A	TCGA.AL.3471.01A	TCGA.IZ.A6M9.01A	TCGA.UZ.A9PS.01A	TCGA.B1.A654.01A	TCGA.2Z.A9JJ.01A	TCGA.SX.A7SN.01A	TCGA.2Z.A9JQ.01A	TCGA.SX.A7SR.01A	TCGA.BQ.5878.01A	TCGA.A4.A4ZT.01A	TCGA.IA.A40U.01A	TCGA.BQ.5891.01A	TCGA.HE.A5NL.01A	TCGA.2Z.A9J9.01A	TCGA.UZ.A9PJ.01A	TCGA.BQ.7061.11A	TCGA.BQ.5876.01A	TCGA.4A.A93Y.01A	TCGA.BQ.7046.11A	TCGA.SX.A7SS.01A	TCGA.BQ.5888.01A	TCGA.B9.A69E.01A	TCGA.IZ.A6M8.01A	TCGA.2Z.A9J7.01A	TCGA.EV.5901.01A	TCGA.MH.A560.01A
ENSG00000000003.13	2393	6776	2154	3105	1631	2166	5355	2740	2625	1645	827	2738	6955	1764	2759	14260	1219	4938	3354	14825	10026	1255	6561	1665	1997	1793	2926	2889	3560	2475
ENSG00000000005.5	5	40	26	53	0	1	1	0	0	4	1	7	14	17	3	438	4	29	80	25	2	6	67	3	1	0	4	1	4	1
ENSG00000000419.11	951	1493	1083	1709	697	705	1635	1102	1572	898	283	791	1380	752	982	2874	501	1803	1215	2567	1142	1325	2021	744	865	1225	1029	1946	1509	1007
ENSG00000000457.12	281	1174	444	978	482	318	458	438	907	366	224	542	1202	481	370	1896	358	995	608	1517	490	438	990	337	384	441	272	827	1795	226
ENSG00000000460.15	106	155	105	242	90	65	196	72	231	89	10	85	315	120	120	645	77	182	155	287	216	176	128	76	101	148	95	88	253	38
ENSG00000000938.11	1122	309	464	614	102	1299	231	304	622	1171	101	1874	152	366	747	148	1068	584	222	741	77	3360	317	393	678	1251	1086	157	1469	291
ENSG00000000971.14	1072	3264	984	1165	121	4134	21651	2903	35468	399	244	3594	7638	523	1837	880	680	1582	13748	2044	445	4726	2942	683	656	555	1394	289	36153	137
ENSG00000001036.12	6410	6158	3946	4340	2576	4403	6577	4823	4759	4780	2497	4277	6820	4528	6278	8458	2604	3319	5621	6132	4957	4460	5959	2520	2233	6178	9353	4560	6956	6083
ENSG00000001084.9	2274	2981	1369	3320	1208	985	4565	1044	1793	1939	499	3110	7646	2140	1987	3537	1224	536	3285	1621	6755	2394	3404	1475	984	1505	1774	1662	2802	933
ENSG00000001167.13	976	1593	969	1913	700	687	1799	697	1460	994	307	978	2915	947	769	2564	592	2200	2243	3332	1000	1201	1712	879	862	5983	652	1051	4006	337
ENSG00000001460.16	467	1008	294	1025	427	836	707	782	1778	816	318	692	1355	457	760	741	367	677	1244	2407	735	412	1043	447	1465	491	593	706	1620	288
ENSG00000001461.15	1626	4883	687	5792	1337	2384	2522	1587	12316	2364	1043	2385	12454	1780	3367	2812	1217	5109	4312	20992	1656	1404	4507	1078	10640	1527	1266	2695	10782	1552
ENSG00000001497.15	1789	2615	2291	1978	1234	2368	2132	2803	2636	1604	1244	1319	3262	1390	1951	5622	1019	3084	1927	2624	1987	1900	2940	1506	2558	2293	2203	1970	3163	1688
ENSG00000001561.6	1232	3486	724	2379	616	1324	2203	568	3116	1126	342	1240	1681	1226	1109	3063	1000	4170	2338	10076	1548	937	3289	850	1204	10808	775	802	3033	908
ENSG00000001617.10	244	3523	2047	3529	992	5254	1198	4073	1561	2484	2115	919	4542	1342	578	1758	1087	10063	3883	10950	226	2504	3870	667	1619	4899	203	2503	6350	523
ENSG00000001626.13	19	133	15	290	199	9	35	15	522	57	2	126	32	86	23	31	67	94	89	73	19	51	299	31	59	31	4	33	234	2
ENSG00000001629.8	5025	7661	4705	8498	4388	1913	7136	1969	3191	4392	927	5337	6108	6543	2730	8747	3453	2903	6425	4879	3476	2876	6722	4792	2132	6974	1660	6313	11423	3144
ENSG00000001630.14	121	619	21	169	17	22	169	24	215	79	30	85	360	177	43	589	38	256	156	1137	76	165	697	32	56	107	45	176	540	37
ENSG00000001631.13	1275	2038	1806	2810	1387	871	1761	818	1604	1826	208	1780	2075	2037	936	3252	1240	1858	2498	2289	1485	831	2151	1788	990	1770	357	2362	3193	684
ENSG00000002016.15	361	439	1063	1099	1237	556	934	316	504	541	149	992	701	595	803	725	664	748	623	928	222	301	500	1065	518	395	194	401	874	184
ENSG00000002079.11	9	3	37	46	31	20	33	17	18	29	3	13	26	15	6	16	23	18	21	16	8	3	16	26	60	6	3	14	58	2
ENSG00000002330.12	1730	3127	2021	967	903	4716	1815	5852	2268	1742	1516	1761	3574	1662	3238	2029	1066	1833	1949	4937	474	2528	3795	1547	4736	2583	5439	2887	2834	3073
ENSG00000002549.11	3605	10146	1564	3422	411	1331	5596	1768	5251	1617	1026	4076	6611	2573	2291	5215	1175	3967	2428	6399	6213	8117	9381	1157	3534	5411	3092	2530	6601	2956
ENSG00000002586.16	3780	4453	3680	2665	635	5246	8841	6707	8511	4284	2708	2958	11455	3946	3560	3081	2602	10226	3337	4852	2362	15183	5524	2430	2062	7788	9321	1984	8413	3259
ENSG00000002587.8	6904	449	3859	6841	813	6041	8370	4045	4240	5309	2604	3676	12971	5521	5456	9712	2690	921	15429	9097	2983	455	737	1707	14185	649	7612	5191	12340	785
ENSG00000002726.18	275	73297	28	3807	3276	137	176	374	54	2374	4215	185	12775	6125	5688	205	6566	12250	464	58174	14	258	24261	210	141365	275	5103	806	12491	2451
ENSG00000002745.11	3	27	4	7	9	10	2	3	7	6	0	0	0	2	3	2	2	1	9	2	2	6	12	3	10	3	2	6	5	0
ENSG00000002746.13	772	3680	461	657	62	14	331	10	16	48	8	34	3763	162	23	1976	65	6	30	13	9	27	3764	10	32	42	230	76	5	25
ENSG00000002822.14	2021	1362	3115	1585	763	6412	1348	4956	2679	3843	1414	2389	2814	2421	1975	2836	1764	2003	3207	2346	574	2453	1415	1841	4553	1651	4284	3153	3973	1219
ENSG00000002834.16	26897	20847	17211	26412	8875	15661	23566	12861	15886	14762	5211	16469	35703	14457	13392	51085	12125	19671	27892	28437	12463	17781	13749	8043	10875	12962	13060	9753	42994	11324
ENSG00000002919.13	2104	1984	1503	1728	544	3148	1549	2341	1107	1229	1202	1558	1181	1145	1850	2664	929	1292	1702	4360	1037	1769	2686	1278	2734	1769	2488	1421	3027	1778
ENSG00000002933.6	18168	30395	26539	14233	14344	22072	11423	40556	8599	21906	24623	11300	42975	18342	15981	64187	11932	11713	23909	24789	13666	7862	26849	21234	25601	20090	32066	46682	36175	14519
ENSG00000003056.6	3422	5934	968	3889	1087	681	4276	596	6304	1835	73	3348	5232	3382	3456	12042	2006	5423	3116	8314	5116	5787	5671	1301	1055	4944	1539	2673	8503	2850
ENSG00000003096.12	948	3373	89	294	112	235	345	475	556	545	101	67	1299	349	328	7542	74	760	1386	2691	1596	592	3204	31	329	1283	300	421	4817	180
ENSG00000003137.7	526	941	241	406	295	360	676	77	15	448	17	504	4556	161	1364	1037	419	470	174	1922	1122	151	1639	123	100	167	111	169	269	137
ENSG00000003147.16	881	1240	1078	1264	434	2178	1298	1878	1537	2298	971	1306	1744	439	1749	1471	1035	2332	1721	2213	383	453	2575	389	3140	261	1033	1869	2886	645
ENSG00000003249.12	4424	1659	6173	4621	2815	8066	6879	5375	2917	3193	1757	3347	4441	2137	3553	8784	3213	2744	3779	2498	2117	579	1164	2154	3162	839	6757	2689	3130	2986
ENSG00000003393.13	1556	2720	834	1636	1371	698	2035	622	1533	763	232	1160	3245	1573	1776	2818	594	1689	1592	2667	2082	1498	2363	751	1084	888	620	726	2948	665
ENSG00000003400.13	1575	1718	836	977	596	610	946	434	936	654	229	515	1128	653	847	2505	487	1536	600	3075	915	1777	1066	512	616	807	451	304	2120	340
ENSG00000003402.18	10883	13138	7382	9427	12331	12858	8531	4137	11081	7740	2670	13962	20553	8882	12282	6525	6031	12664	12618	14155	11732	6518	10875	6804	10972	5485	4488	4175	17800	3396
ENSG00000003436.13	8547	8037	8804	9420	5661	12044	6235	8583	19489	8764	1883	7804	79055	5322	5957	12397	4844	2165	18209	11933	15555	1963	5540	5764	8909	348	4688	5896	20945	112
ENSG00000003509.14	1422	788	861	767	710	805	1673	576	761	639	266	730	834	821	1949	687	452	717	932	859	662	477	1043	616	1154	851	695	653	698	660
ENSG00000003756.15	3224	3975	7584	7667	5808	5633	7548	4551	4770	4288	1246	4853	3880	4504	3298	3362	5120	7315	3911	4878	2269	2664	4200	6184	4478	2959	1480	2532	7640	1453
ENSG00000003987.12	52	257	81	89	93	109	60	114	76	39	34	163	60	49	81	127	46	103	87	112	226	25	324	85	98	63	9	107	90	35
ENSG00000003989.15	192	2822	34	167	109	109	189	87	2942	64	15	151	1070	148	87	312	47	1486	267	2024	248	1196	2042	114	68	3592	103	321	1069	132
ENSG00000004059.9	5123	6076	10568	5173	4555	16511	5529	19542	5878	10612	5751	6358	8320	7798	7335	10763	4715	7281	9031	14021	1958	5520	8328	7670	8921	6582	13351	17671	11426	5148
ENSG00000004139.12	997	909	693	1168	1002	671	984	834	663	437	198	1099	1804	728	910	1929	421	1269	850	845	355	452	825	368	900	534	336	1494	2699	380
ENSG00000004142.10	16260	16611	10148	8293	5130	12141	14551	11013	7481	8074	4878	8921	10827	9460	12707	22454	5403	5218	8908	15619	13027	6627	15791	6605	10691	13088	16860	14137	12466	13555
ENSG00000004399.11	3047	6752	766	2273	785	2350	1437	1655	7756	1576	589	1978	19936	1608	2762	3041	1786	14791	1051	8332	881	21232	4828	1337	1740	9962	2935	907	11592	1285
ENSG00000004455.15	5759	11287	4729	5215	2467	3940	6133	4477	8283	3366	3265	3770	6758	2744	5887	6467	2350	6331	4724	15924	12437	3633	15030	2853	5185	5255	5978	4551	6455	6613
ENSG00000004468.11	94	184	86	197	23	111	90	134	44	158	35	125	85	44	73	73	135	121	25	38	70	1419	71	20	264	287	155	9	1091	51
ENSG00000004478.7	4636	17080	2922	4184	2346	3642	5009	3590	3623	3827	4031	5084	7278	4731	9581	12031	2419	8686	3699	15814	8230	4553	15184	3140	5304	7552	6949	4793	7268	11131
ENSG00000004487.14	2488	4449	2520	3513	1721	3195	4823	3803	3442	2353	2005	2699	6977	2587	2637	4463	1547	4716	4373	6389	2498	1979	4377	1967	2644	1766	2952	3273	6965	2132
ENSG00000004534.13	2895	3213	7562	6006	4169	6976	6040	4552	4712	2548	1976	3768	3848	3677	3378	2338	3532	5722	3758	5388	1212	2567	3506	5367	5496	2510	1301	3546	5951	1141
ENSG00000004660.13	998	307	240	381	198	1111	537	685	1001	916	709	1207	1206	428	968	1626	381	731	598	1153	95	897	528	263	810	1398	650	1054	791	498
ENSG00000004700.14	1170	1110	377	2012	495	229	2333	181	1935	790	42	1572	3963	1506	976	6256	753	1437	1759	2206	2385	839	960	375	400	866	298	438	3128	441
ENSG00000004766.14	1192	2616	1101	2316	1058	989	1491	795	1169	1463	354	1239	1927	1496	673	2641	821	1467	1869	3623	1927	869	2225	1377	699	1218	728	1753	2552	606
ENSG00000004776.10	79	1661	140	144	153	188	69	130	296	173	47	68	43	105	218	48	31	112	7	1091	55	3333	626	343	223	115	104	153	418	50
ENSG00000004777.17	194	250	640	447	762	649	283	608	536	341	128	572	1852	326	390	388	298	1074	496	525	51	140	405	400	399	447	74	328	885	86
ENSG00000004779.8	3210	3953	3008	2945	1120	4218	5321	3520	2116	2718	5063	3660	3277	1945	4450	6684	1654	1903	2532	5175	2803	2666	4642	2454	3960	3858	10099	3288	2407	6460
ENSG00000004799.7	1578	8120	393	1128	743	1084	1322	283	2221	1810	382	2863	721	1957	495	3048	493	12042	2000	115571	990	938	43789	1138	926	1566	425	678	9425	570
ENSG00000004809.12	1	10	6	2	0	5	13	3	5	2	1	1	3	1	0	6	9	188	4	1	8	32	2	0	8	1	11	4	9	1
ENSG00000004838.12	940	235	910	1117	1763	1912	832	4067	952	1019	1142	1931	1135	1559	2014	1528	404	351	835	453	770	105	220	1147	830	78	1616	948	1997	470
ENSG00000004846.15	38	10	3	21	18	14	27	0	5	16	1	8	3	1	2	0	0	0	1	49	1	2873	79	4	3	11346	14	8	3	1
ENSG00000004848.6	0	17	1	1	0	1	3	1	0	1	0	0	0	1	1	311	0	1	0	6	0	170	7	0	1	76	1	11	23	8
ENSG00000004864.12	2895	4880	1342	3216	971	1144	2692	1423	1399	1973	968	1879	3030	2799	1187	6901	1227	1936	2534	2325	3069	1204	4538	1272	926	2306	2161	2666	4054	1539
ENSG00000004866.17	1910	3091	1704	2812	1661	1296	1403	1524	1107	1130	792	1543	1913	1671	1580	3576	993	1052	2315	2142	2025	1678	4088	1473	1131	2519	1361	2470	2196	833
ENSG00000004897.10	2676	3228	1380	2896	1129	1555	3744	1636	3554	1465	684	1780	3825	1920	2066	4511	1063	3092	2592	4049	2877	2269	3134	1096	2401	2659	1328	1490	6086	1347
ENSG00000004939.12	24	12678	0	34	27	8	15	2	0	6	2	1	23	5	2	5	2	1	166	13191	12	11	33118	3	76	26	58	1	3	0
ENSG00000004948.12	9	321	1	11	27	7	2	12	8	30	14	6	292	7	0	80	5	1637	36	29	0	24	438	1	0	14	2	35	515	0
ENSG00000004961.13	1011	1867	764	1103	334	421	2126	664	1079	701	448	907	2007	807	1023	4536	480	1372	1068	4380	1629	1428	2198	636	1010	1883	1101	1142	1508	1476
ENSG00000004975.10	2851	1773	2412	2582	1029	2420	3191	2542	1274	1969	928	2067	2512	2019	2015	6068	1384	2449	3196	2680	761	1634	1942	1755	951	2499	2127	2326	5408	1534
ENSG00000005001.8	2	241	0	10	13	46	20	126	1064	151	3	1	0	17	44	4	1	848	27	2118	2	25	226	3	77	14	4	22	2869	1
ENSG00000005007.11	4155	14189	3995	4568	1747	5357	4092	4139	9345	4247	967	4443	9970	4944	4383	9880	2917	8210	7146	13175	2159	5531	10177	2701	4732	6115	3786	3788	12919	2563
ENSG00000005020.11	5774	5080	3306	10315	2012	4483	8672	2629	7906	6158	1819	5322	8802	7453	2750	9932	2777	2181	8431	9445	4851	3985	4298	3191	2097	4606	3881	7316	12453	1920
ENSG00000005022.5	15216	38222	5712	11053	1973	6249	27622	8016	9305	8682	5003	10939	21357	8594	10454	49729	5031	8871	8989	43592	12364	19666	39059	5146	8630	34528	28027	13897	13850	31290
ENSG00000005059.14	231	146	256	391	235	682	825	754	1331	724	446	1077	543	959	835	212	408	436	841	261	47	1077	189	116	1700	609	399	366	1365	401
ENSG00000005073.5	12	415	1	90	51	20	18	137	196	67	57	6	863	63	50	79	16	47	112	889	136	297	195	24	37	263	11	8	408	48
ENSG00000005075.14	1881	1561	4272	1050	1090	6005	1414	6841	1304	3452	4330	2069	2000	2016	2469	3083	1473	1208	2678	3090	845	1691	2253	3019	3030	2236	5003	7708	2627	2214
ENSG00000005100.11	2128	1655	1349	1805	913	1049	1668	1142	983	1188	688	1212	2017	1369	1299	4634	728	1401	1845	987	1723	850	1297	812	1126	1344	798	2155	3575	572
ENSG00000005102.11	0	42	1	14	17	5	0	10	1	1	6	1	8	3	1	1	0	13	11	32	12	175	1	6	12	8	3	1	63	0
ENSG00000005108.14	921	4997	720	2003	495	317	102	269	935	1627	286	227	447	2328	452	3837	1292	1333	2220	12039	177	573	5554	369	244	849	56	269	6282	54
ENSG00000005156.10	1240	1666	611	1607	432	645	1198	812	1096	975	303	678	1801	852	802	4018	510	1238	1590	2525	959	988	1389	599	664	1018	846	1030	3112	473
ENSG00000005175.8	716	1387	374	959	424	417	1048	487	1307	674	276	929	1759	917	1212	2369	534	1111	923	2335	1041	723	1386	597	664	1321	421	523	1413	1004
ENSG00000005187.10	3948	6608	2015	4774	641	1920	4837	2534	1344	1053	329	1517	3377	1476	1807	3919	1056	943	1930	2668	5109	939	8017	361	2398	3072	1607	2557	3552	1357
ENSG00000005189.18	247	90	251	277	114	469	363	224	173	151	103	159	205	126	189	515	126	173	179	398	212	104	111	194	223	145	202	315	245	155
ENSG00000005194.13	5011	3050	3080	5248	1947	4180	7006	3067	2514	3083	1805	4737	6117	3726	5966	11183	2007	2726	3269	4764	4067	2427	3668	2943	3147	3910	7321	3917	4234	5785
ENSG00000005206.15	2327	3069	5509	3887	2929	6586	2914	8644	2732	3514	1146	4321	4378	2748	3632	3707	2946	3372	3146	2940	339	2058	3252	3903	3874	3164	4283	4713	5149	1710
ENSG00000005238.18	1542	1609	1145	1852	877	1965	2158	1544	2048	1050	727	1521	2206	1076	1518	796	736	1391	815	1876	810	1877	1952	1276	1175	1269	1489	750	2112	1841
ENSG00000005243.8	791	818	142	263	556	1970	567	1605	1011	593	1668	689	592	444	914	1019	226	741	775	1637	187	1313	1024	346	1427	1618	701	1300	1083	882
ENSG00000005249.11	81	1340	41	181	450	70	474	674	483	298	40	594	1786	1503	615	1079	78	463	728	4828	219	307	1200	57	82	335	36	108	1752	124
ENSG00000005302.16	785	987	797	1318	821	946	1386	996	1382	818	301	1003	1831	769	878	1614	546	1365	965	2249	877	1447	1117	761	1084	1004	776	902	1892	465
ENSG00000005339.11	5191	7743	3110	7195	2443	3408	6173	2037	6331	3297	1445	4749	13836	4658	3165	12649	3007	7988	5278	5153	2220	4386	7256	2707	2910	5544	2231	2022	13236	1566
ENSG00000005379.14	748	1938	1780	2037	2411	3072	1022	4966	1944	2188	573	2865	2748	1516	1927	1583	922	4717	3975	2363	10	731	2489	1772	2467	1614	443	3817	8005	217
ENSG00000005381.7	14	10	20	30	8	4	32	5	31	10	5	11	110	4	7	0	5	1	63	59	0	28	3	4	6	9	64	1	15	22
ENSG00000005421.7	2	64	3	3	0	10	0	0	2	2	0	3	2	0	8	2	1	1	2	6	1	3	7	13	1	3	0	1	2	0
ENSG00000005436.12	787	1640	526	799	672	584	793	593	685	425	193	413	2003	625	770	1015	350	1613	1052	2155	1077	582	2012	543	718	1047	458	827	1291	460
ENSG00000005448.15	1951	593	1810	1129	1471	2635	1910	3506	1523	681	2050	1516	2170	1151	2661	2334	632	1637	1400	3229	607	578	1215	597	1698	492	1962	1844	1853	1095
ENSG00000005469.10	1232	2781	789	1751	761	1027	1325	844	1945	1237	370	1134	1450	1887	963	2969	600	1650	1780	4947	1349	672	2464	1054	1049	886	803	1627	3236	547
ENSG00000005471.14	538	268	288	614	456	122	371	639	279	104	17	183	1425	768	165	996	87	59	284	39	67	157	90	33	476	116	59	287	535	8
