TCGA.AB.2861.03A	TCGA.AB.2999.03B	TCGA.AB.2884.03A	TCGA.AB.3009.03A	TCGA.AB.2934.03A	TCGA.AB.2921.03A	TCGA.AB.2942.03A	TCGA.AB.2948.03A	TCGA.AB.2873.03A	TCGA.AB.2912.03A	TCGA.AB.2881.03A	TCGA.AB.2928.03A	TCGA.AB.2866.03A	TCGA.AB.2965.03A	TCGA.AB.2871.03A	TCGA.AB.2842.03A	TCGA.AB.2856.03A	TCGA.AB.2911.03A	TCGA.AB.2901.03A	TCGA.AB.2938.03A	TCGA.AB.2927.03A	TCGA.AB.2878.03A	TCGA.AB.2862.03A	TCGA.AB.2931.03A	TCGA.AB.2916.03A	TCGA.AB.2894.03A	TCGA.AB.2818.03A	TCGA.AB.2885.03A	TCGA.AB.3007.03A	TCGA.AB.2950.03A
LINC01587	0	0	0	2	2	0	3	23	9	31	1	1	0	4	2	0	0	0	1	1	15	1	1	0	0	0	0	1	0	39
AC000111.6	0	0	0	0	0	0	0	0	0	0	0	0	1	0	0	0	0	0	0	0	0	0	0	0	0	0	0	0	0	0
XXbac-B461K10.4	12	21	21	30	6	8	12	10	12	24	17	22	11	15	16	11	18	7	44	63	47	41	35	23	16	20	5	18	23	20
IGF2-AS	1	0	2	2	0	0	1	1	0	0	3	1	0	0	0	1	0	1	0	2	5	1	0	0	1	0	1	1	1	0
TPTEP1	442	144	24	3698	25	15	17	42	129	15	18	4029	41	8	122	23	4	186	61	13	37	74	355	42	125	32	24	56	47	25
RP11-153K16.2	0	0	1	0	1	1	1	1	0	0	0	0	0	0	0	0	0	0	0	1	0	0	0	0	0	0	0	0	1	0
DLEU2L	55	114	84	172	108	142	91	105	64	72	122	232	54	135	164	173	19	69	99	65	109	206	63	175	81	147	129	156	169	78
RP11-268J15.5	74	42	566	583	616	969	621	100	19	204	1048	1138	10	325	781	250	503	165	35	42	261	436	41	329	119	422	263	438	71	687
PINK1-AS	343	355	434	530	273	579	357	397	347	228	434	371	363	526	352	469	551	302	461	902	364	662	697	504	257	632	446	455	549	554
C10orf95	18	36	49	41	114	130	36	29	17	10	38	125	19	9	104	5	45	21	46	43	22	13	46	87	10	19	37	77	36	25
SPG20-AS1	34	240	142	63	45	159	59	26	12	36	89	188	9	52	121	40	70	17	69	15	37	51	190	90	12	1	83	40	145	67
LINC00544	1	5	1	0	5	1	5	7	2	0	1	0	0	0	21	0	5	2	0	2	3	3	1	0	9	1	4	10	5	1
KIAA0087	15	0	12	24	6	8	3	4	1	5	0	6	12	14	35	31	4	52	2	2	6	6	0	263	2	298	47	30	0	2
AC105760.3	6	9	4	33	16	6	2	4	12	13	3	6	5	14	16	9	0	15	10	25	0	5	4	13	4	2	9	15	10	3
DKFZP434K028	0	9	0	1	0	0	2	1	0	6	6	3	10	2	1	1	0	5	19	2	3	0	13	1	1	0	1	2	4	18
LINC00029	2	3	0	0	0	0	1	0	1	2	0	2	1	0	1	0	0	0	2	3	0	1	4	1	0	1	0	0	2	0
FAM182A	0	2	0	0	12	0	3	2	1	1	4	1	4	2	3	0	6	0	2	0	2	0	1	3	0	4	0	10	10	1
C20orf187	0	0	0	0	0	0	0	0	0	0	0	0	0	0	0	0	0	0	0	0	0	0	0	0	0	0	0	0	0	0
MMP24-AS1	670	590	845	519	816	995	652	804	795	453	778	795	912	542	544	607	910	433	471	334	756	525	593	972	554	594	598	385	565	685
C22orf24	12	18	12	21	19	13	26	21	17	8	21	57	26	9	16	25	13	11	14	20	29	2	13	23	2	43	9	60	14	20
TTTY1B	0	0	0	0	0	0	0	0	0	0	0	0	0	0	0	0	0	0	0	0	0	0	0	0	0	0	0	0	0	0
TTTY1	0	0	0	0	0	1	0	0	0	0	0	0	0	0	0	0	0	0	0	0	0	0	0	0	0	0	0	0	0	0
H19	4	5	68	5	6	1	3	0	3	2	1	89	29	19	509	0	1	5	24	20	1	9	12	18	0	1	18	10	2	16
TTTY9B	0	0	0	0	0	0	0	0	0	0	0	0	0	0	0	0	0	0	0	0	0	0	0	0	0	0	0	0	0	0
RP11-798G7.5	11	17	8	14	13	2	9	13	6	19	7	8	5	20	15	25	14	6	16	5	7	8	13	2	6	16	13	22	17	14
TTTY6	0	0	0	0	0	0	0	0	0	0	0	0	0	0	0	0	0	0	0	0	0	0	0	0	0	0	0	0	0	0
TTTY6B	0	0	0	0	0	0	0	0	0	0	0	0	0	0	0	0	0	0	0	0	0	0	0	0	0	0	0	0	0	0
LINC00470	0	2	2	1	1	0	0	5	0	5	1	0	1	0	1	0	1	1	3	1	0	1	0	0	2	0	0	1	0	0
LINC01260	13	37	7	19	20	44	20	17	8	2	30	51	12	6	33	27	12	15	4	27	39	9	14	43	8	50	9	70	18	10
C7orf69	0	1	3	0	0	0	0	0	6	0	0	0	4	0	0	0	0	0	0	2	0	0	0	0	3	0	0	0	0	1
RP11-84C10.2	3842	325	496	117	116	3183	368	308	241	300	1063	47	818	1886	156	1455	969	417	80	19	157	1876	249	139	161	752	1045	48	212	433
RP11-809H16.2	0	0	0	0	0	0	0	0	0	0	0	0	0	0	0	0	0	0	0	0	0	0	0	0	0	0	0	0	0	0
ERVK3-1	1775	1723	1805	1415	1549	2042	1805	1912	1268	1189	1505	2275	1225	1270	1541	1126	1184	914	1404	1348	1694	1780	1332	1951	894	1628	1769	1503	1976	2113
AC062028.1	2	3	2	0	2	0	1	1	0	1	1	2	0	0	7	1	0	1	1	3	4	1	2	0	3	9	3	7	2	1
LINC01558	0	21	1	0	0	1	0	1	2	2	1	0	0	0	0	1	0	0	0	2	0	3	5	0	0	1	1	3	0	0
LINC00525	1	2	1	9	0	3	1	2	2	0	0	0	0	1	2	9	0	0	0	4	4	12	1	0	0	1	3	1	0	0
TTTY7	0	0	0	0	0	0	0	0	0	0	0	0	0	0	0	0	0	0	0	0	0	0	0	0	1	0	0	0	0	0
TTTY7B	0	0	0	0	0	0	0	1	0	0	0	0	1	0	0	0	0	0	0	0	0	0	0	0	0	0	0	0	0	0
C20orf78	0	0	0	0	0	0	0	0	0	0	0	1	0	0	1	0	0	0	0	0	0	0	0	0	0	0	0	1	0	0
LINC00266-1	1	7	3	2	6	3	4	6	0	5	3	5	2	4	0	5	1	7	4	2	3	3	3	0	0	2	2	1	3	4
RP11-96C23.13	2	2	1	1	1	0	1	1	0	8	1	6	1	1	0	4	0	1	9	0	5	2	4	3	0	3	3	2	6	0
PART1	26	11	2	8	16	12	16	8	18	44	6	1	22	20	8	4	6	24	8	16	7	5	5	4	34	5	12	6	6	16
LINC00467	233	135	232	191	56	116	161	206	250	106	177	115	147	487	208	115	206	97	90	289	162	69	127	407	113	209	353	122	125	179
RP11-66N24.4	169	180	164	94	226	161	111	186	145	113	197	139	120	136	129	201	159	168	126	106	188	111	103	156	119	247	200	82	125	140
C1orf147	126	173	179	116	152	120	126	198	185	159	201	210	121	164	229	108	92	116	125	75	106	105	252	166	203	111	181	180	226	144
AC007364.1	1	2	1	2	2	0	0	0	0	1	1	0	0	1	1	2	2	0	0	3	1	1	0	0	0	1	3	1	0	0
C2orf48	190	39	184	250	36	67	122	400	111	286	92	303	269	102	33	93	80	54	399	71	161	144	134	41	48	789	57	141	83	76
LINC01116	2	1	0	0	1	2	0	7	1	4	0	0	0	3	0	1	1	0	0	16	3	6	0	0	1	2	2	1	0	3
SNHG16	2593	1523	1381	1689	812	2147	1514	1050	1061	1334	1974	1432	1103	1447	1487	1680	1948	927	1198	1738	1087	1486	1312	1608	893	1540	859	1138	1637	1930
IGF2BP2-AS1	961	154	673	1	161	426	318	271	299	407	453	544	545	993	545	191	295	579	512	205	379	317	262	565	135	910	424	283	6	884
SMAD5-AS1	8	9	8	1	6	0	14	15	9	28	10	17	11	5	5	13	2	29	15	10	5	18	12	9	4	7	8	7	11	12
C10orf25	295	629	296	428	170	713	267	438	326	207	339	385	210	422	217	821	431	286	96	703	254	643	329	382	190	737	281	329	628	337
ZNF667-AS1	4	97	274	5	417	14	11	225	35	47	170	850	46	133	333	51	70	62	651	626	38	742	23	3	33	5	137	494	8	263
MIR202HG	0	4	4	0	0	1	0	1	1	0	0	0	4	2	3	4	1	3	1	2	1	0	0	0	0	1	0	0	0	0
RP11-93B14.6	5	2	13	5	10	8	8	10	19	3	4	17	10	2	10	19	2	1	4	7	11	4	2	7	6	1	2	6	7	7
LINC00483	2	13	5	9	3	7	10	7	8	16	5	1	2	7	4	9	3	15	4	2	67	28	5	3	4	19	5	3	3	21
AC104389.28	1	4	4	9	3	1	0	2	0	2	1	15	1	5	6	4	1	1	0	7	1	7	1	1	6	5	0	19	3	4
LINC00905	1	0	0	0	1	0	0	0	0	0	0	0	0	0	1	0	1	0	0	0	0	0	0	0	0	2	1	0	0	0
RP11-25K19.1	4	216	38	662	195	591	551	41	11	147	598	353	18	105	164	51	363	482	459	242	589	138	314	884	88	9	101	326	92	377
LINC00917	0	0	0	1	0	0	0	0	0	0	1	1	0	1	0	1	0	0	0	0	0	0	0	0	0	0	1	0	0	0
RP11-262H14.4	41	33	39	21	15	71	32	27	11	19	41	20	19	23	43	37	51	10	47	55	11	16	35	106	6	105	45	39	26	31
LINC00266-3	0	0	0	0	1	1	1	0	0	0	0	0	0	1	0	0	0	0	0	0	0	0	0	0	0	0	0	0	1	0
AC093323.3	356	1376	316	443	309	657	399	481	270	218	426	495	236	306	592	429	522	267	269	444	672	721	518	628	162	449	278	397	639	383
TPT1-AS1	700	2886	1157	1320	1386	1750	1696	665	592	593	2006	2760	983	1077	1663	1165	891	902	1644	1254	1499	1204	2362	1748	725	2918	1350	2360	1660	1916
LINC00208	0	0	0	1	0	0	0	1	0	0	0	0	1	0	0	0	0	0	0	0	6	0	0	0	0	1	0	1	0	0
SHANK2-AS3	0	4	0	0	0	0	0	1	0	1	1	1	0	1	0	1	1	0	2	0	1	1	2	1	0	0	0	0	0	1
MIR31HG	0	0	0	1	0	2	0	0	0	0	1	0	0	0	0	0	0	5	0	0	0	0	0	0	1	0	0	0	0	0
SERHL	89	44	56	38	65	72	21	51	122	40	50	64	64	25	95	33	68	28	46	72	76	20	39	58	20	61	24	36	29	21
MIR4435-1HG	441	856	590	164	621	1324	837	750	1010	310	1134	1004	265	1146	1029	1254	906	711	1872	2865	469	1344	468	1517	154	1084	1024	1731	599	351
CMB9-22P13.1	13	43	12	8	53	55	30	30	21	22	22	74	6	26	35	12	11	22	15	38	1014	61	17	29	35	47	59	105	27	77
CCDC13-AS1	13	9	12	9	19	30	9	13	24	15	10	12	9	15	10	28	22	11	7	15	22	14	9	16	11	19	27	2	6	7
RP11-89N17.1	3	10	6	23	8	14	5	2	6	4	10	5	3	4	23	7	4	19	2	6	5	0	6	9	10	5	13	3	18	6
RP11-97O12.7	16	37	31	21	21	39	39	31	12	33	20	37	23	37	46	17	20	25	30	25	34	15	38	29	32	41	53	12	33	28
RP11-23P13.6	17	48	31	14	62	30	69	52	29	13	62	199	36	4	198	4	19	14	5	12	214	7	63	38	15	13	31	23	34	31
SNHG11	402	317	260	217	295	457	190	314	155	83	252	289	277	111	204	76	358	80	158	173	157	183	283	268	46	194	128	203	263	174
C20orf166-AS1	2	3	1115	3	344	164	18	35	1	1	14	773	30	133	3571	30	20	5	9	53	3	8	5	1050	0	4	279	2	1	0
MIR1-1HG	0	3	41	0	14	6	1	1	1	0	0	26	1	1	365	0	2	0	2	2	0	0	0	37	2	0	18	1	0	95
GRIK1-AS1	1	1	3	32	7	8	4	7	2	3	4	3	7	2	6	4	3	9	0	2	8	0	9	14	3	8	4	15	1	6
LRRC75A-AS1	16395	21997	13315	8092	3391	18096	9411	7895	3469	9348	10216	14859	6028	11966	17102	22201	17594	7172	7988	6510	5642	12355	16368	13243	3630	39721	13229	10433	18692	13369
TMEM51-AS1	1	0	11	66	19	8	207	8	2	2	57	39	13	3	1	8	7	20	1	1	11	8	3	7	34	0	1	1	4	0
RP11-276H1.3	60	75	110	102	64	100	116	78	186	106	160	49	90	120	116	165	164	76	49	80	159	104	109	72	199	123	144	92	171	120
LINC00476	112	169	253	191	239	421	194	173	132	150	181	216	158	191	279	171	221	120	184	171	219	86	186	338	158	379	290	135	287	251
LINC00521	0	0	0	0	0	0	0	0	1	0	0	1	0	1	2	1	0	0	2	2	3	1	1	0	1	2	0	0	2	1
C15orf54	0	0	1	3	1	0	0	1	3	0	0	1	1	7	4	0	0	1	0	384	0	13	0	0	2	0	1	5	0	0
LINC01106	4	0	2	0	11	21	0	3	1	1	0	26	0	16	14	0	0	0	0	4	17	9	0	30	0	31	15	36	6	2
RP11-121M22.1	64	14	29	14	31	29	25	17	25	16	19	31	7	23	42	9	4	16	23	42	20	1	13	23	17	23	23	27	37	20
RP11-544L8__B.4	15	0	6	17	0	5	4	0	3	5	0	0	0	5	9	8	1	0	0	30	5	19	0	2	0	4	26	2	1	5
LINC00302	0	0	0	0	0	0	0	0	0	0	0	0	0	0	0	0	0	0	0	0	0	0	0	0	0	0	0	0	0	0
C10orf111	18	20	22	10	2	15	11	61	10	12	13	21	12	15	19	27	10	38	16	4	15	13	29	9	8	41	19	13	36	10
RP11-404O13.5	0	2	29	0	19	0	18	57	21	35	3	0	5	0	3	2	1	779	0	200	15	0	1	0	5	11	1	2	1	0
AC110781.3	118	117	98	191	179	219	119	103	166	123	185	69	228	74	280	60	24	157	125	401	130	176	169	180	248	58	107	78	428	99
RP5-856G1.2	0	0	0	0	0	0	0	0	0	0	0	0	0	0	0	3	0	0	0	0	0	0	0	0	0	0	0	0	1	0
CTD-2368P22.1	84	442	666	391	740	847	572	663	166	280	606	1397	239	378	1620	151	270	398	573	697	446	498	438	873	101	474	325	837	340	593
C20orf197	1169	393	727	233	270	1703	135	1335	598	242	98	23	712	1028	1652	170	267	233	362	620	68	115	378	513	140	523	891	191	569	510
TTTY14	765	513	0	431	380	0	1	554	0	321	0	0	398	665	490	300	186	0	556	392	0	0	0	284	0	1	0	463	694	0
C15orf56	16	0	20	8	3	59	4	11	3	3	3	13	3	18	26	12	21	3	10	10	7	8	3	7	2	29	7	3	2	21
LINC00303	0	1	0	0	0	0	0	0	0	2	1	0	0	0	0	1	0	0	0	0	0	0	0	0	0	3	0	1	1	0
MIR7-3HG	0	0	0	2	0	2	1	0	1	0	1	1	2	0	0	1	2	1	0	4	1	2	0	0	1	4	1	2	2	0
RP11-334J6.7	0	0	0	0	0	0	0	0	0	0	0	0	0	0	0	0	0	0	0	0	0	0	0	0	0	0	0	0	0	0
TYMSOS	56	14	29	11	6	84	42	62	40	41	34	41	18	30	25	98	44	8	23	28	16	40	28	41	2	66	13	30	31	31
