TCGA.AB.2861.03A	TCGA.AB.2999.03B	TCGA.AB.2884.03A	TCGA.AB.3009.03A	TCGA.AB.2934.03A	TCGA.AB.2921.03A	TCGA.AB.2942.03A	TCGA.AB.2948.03A	TCGA.AB.2873.03A	TCGA.AB.2912.03A	TCGA.AB.2881.03A	TCGA.AB.2928.03A	TCGA.AB.2866.03A	TCGA.AB.2965.03A	TCGA.AB.2871.03A	TCGA.AB.2842.03A	TCGA.AB.2856.03A	TCGA.AB.2911.03A	TCGA.AB.2901.03A	TCGA.AB.2938.03A	TCGA.AB.2927.03A	TCGA.AB.2878.03A	TCGA.AB.2862.03A	TCGA.AB.2931.03A	TCGA.AB.2916.03A	TCGA.AB.2894.03A	TCGA.AB.2818.03A	TCGA.AB.2885.03A	TCGA.AB.3007.03A	TCGA.AB.2950.03A
ENSG00000000003.13	15	17	1	6	3	1	3	10	13	4	6	22	1	21	22	1	7	30	30	232	24	81	2	13	8	7	7	131	1	5
ENSG00000000005.5	0	0	0	0	1	0	0	0	0	0	0	0	0	0	0	0	0	2	0	4	1	1	0	0	0	0	0	0	0	0
ENSG00000000419.11	897	1046	630	564	813	1338	902	950	661	884	894	707	734	1144	511	1018	689	526	626	599	593	1407	496	952	553	856	753	500	657	728
ENSG00000000457.12	579	810	767	941	887	1146	732	930	546	772	1001	1452	515	855	1035	1090	633	608	974	838	842	1105	489	1254	790	1148	1075	846	789	996
ENSG00000000460.15	628	376	488	1208	445	463	522	766	642	920	786	1098	335	746	644	1017	372	418	1024	826	468	924	345	569	908	936	627	871	586	1193
ENSG00000000938.11	3210	269	13554	1228	21793	10190	4568	32990	23817	3965	7418	724	18761	6512	1969	9293	14712	10325	2108	1693	4224	1589	204	1950	11742	3937	16201	543	231	313
ENSG00000000971.14	69	229	22	83	91	341	9	192	222	144	20	44	70	480	220	123	329	110	3082	8201	271	565	1920	6541	114	27	244	70	194	245
ENSG00000001036.12	2013	1064	1927	954	852	1391	1058	1145	2040	851	1400	300	1446	2331	683	2546	1678	921	987	1366	596	1121	780	1213	1017	1511	1829	541	806	1239
ENSG00000001084.9	1416	1265	6857	2356	1749	2604	1301	3572	2874	1147	1575	2127	1720	2373	1938	3596	1539	924	997	4836	1864	3142	716	2556	1349	2113	2131	1412	1048	1675
ENSG00000001167.13	2934	3424	2047	2954	2185	3366	1755	2570	1726	1683	2379	2653	1875	2878	2130	2532	1558	1062	2636	3482	2557	2321	2232	3153	1713	2306	2530	2982	3665	3881
ENSG00000001460.16	144	323	149	291	165	322	161	283	142	105	192	183	221	389	260	328	202	127	342	385	209	280	395	381	62	371	185	207	414	326
ENSG00000001461.15	1286	2067	1741	2334	2060	3034	1494	2351	1310	1069	1888	2826	1390	3324	1942	3162	2004	1390	2111	4301	1933	3336	1807	3073	1284	1974	2860	2701	3575	1939
ENSG00000001497.15	2086	1631	1741	2007	1811	3323	1803	1879	1025	1392	2251	2543	1652	1512	2231	1484	2545	879	1789	2290	1613	1961	2267	2461	824	1840	1399	1861	2164	2294
ENSG00000001561.6	1707	241	1675	822	519	1430	35	860	1379	162	102	1013	640	1015	877	661	403	285	932	1214	406	987	191	1922	188	788	665	550	321	713
ENSG00000001617.10	115	30	11	44	3	45	12	60	27	46	12	27	14	49	55	130	15	121	59	299	26	11	39	28	15	213	58	33	106	155
ENSG00000001626.13	4	0	1	0	3	0	0	4	7	0	0	1	0	4	0	0	0	1	2	4	1	0	1	0	1	0	0	0	0	2
ENSG00000001629.8	1601	2139	2297	2362	2359	2908	2134	2715	1940	2271	2706	1646	1900	2550	2372	3260	1207	1468	3780	3454	2148	1832	1086	3396	2122	1388	2912	1361	1819	3143
ENSG00000001630.14	104	33	36	80	107	83	75	135	57	55	91	97	143	78	41	80	54	43	187	71	60	48	26	125	38	90	56	41	78	55
ENSG00000001631.13	1730	2458	2302	1790	2156	2567	1844	2862	1421	2298	2234	1441	1887	2623	2240	2920	1189	2186	2873	3070	1542	2037	1634	2736	2061	1523	2943	1216	1982	2728
ENSG00000002016.15	1682	1491	1540	1679	1671	1461	1019	1572	2337	1054	1453	1772	1439	1634	1244	2206	1060	1059	1305	1282	1616	1786	1406	1769	829	1819	1689	1488	1659	1623
ENSG00000002079.11	10	25	51	10	17	26	28	10	22	17	23	33	16	30	64	22	15	12	30	42	23	8	31	49	15	25	29	3	40	32
ENSG00000002330.12	316	398	253	279	410	563	256	421	226	122	308	312	365	261	339	267	486	303	259	406	338	342	351	559	199	352	321	239	385	265
ENSG00000002549.11	922	1290	1444	1115	3100	3219	1487	1932	1210	1860	2919	1674	1739	2940	1201	2737	2199	1311	1052	3542	2382	2395	1046	2099	2227	1180	1455	1600	1413	1585
ENSG00000002586.16	2242	10811	4357	9000	7938	11800	13218	4693	2311	6435	14894	10692	13057	3696	3843	4165	15750	4643	11057	2933	14098	4040	9410	29907	5569	3492	5967	5539	10725	9353
ENSG00000002587.8	5	4	31	15	105	18	399	10	15	27	329	100	1	5	34	4	5	27	2	207	373	12	41	1	19	7	6	35	39	35
ENSG00000002726.18	1434	17	32	299	47	132	118	61	18	5	41	23	73	136	17	94	0	30	6	11	10	54	74	40	10	462	10	35	11	53
ENSG00000002745.11	24	33	33	19	18	38	9	24	26	20	34	4	38	40	60	52	8	46	10	24	104	59	29	23	23	18	44	10	26	39
ENSG00000002746.13	2	8	2	11	3	3	1	5	3	6	0	0	2	5	6	8	1	10	2	2	7	3	7	5	3	6	5	0	2	6
ENSG00000002822.14	1045	645	902	1018	1206	1752	810	1037	979	693	1019	495	1656	734	1003	644	1440	705	1024	957	1191	636	1301	1075	921	388	616	567	1655	709
ENSG00000002834.16	3458	6405	8067	5301	9995	10305	6875	9523	7688	6101	7022	5895	8727	8841	5459	11280	10488	6737	6839	10010	6742	4986	7614	10187	7421	5685	10208	6516	6861	5596
ENSG00000002919.13	959	992	1503	510	1350	1574	720	1603	1810	529	961	446	1384	1135	790	1258	1545	936	646	975	1019	840	651	930	1031	911	1503	829	809	748
ENSG00000002933.6	94	14	649	15	3887	329	193	761	454	22	167	7	292	253	3	176	21	37	23	505	122	115	64	24	1722	31	18	4	9	81
ENSG00000003056.6	4315	3090	4168	3349	3479	5271	3696	7011	3677	3462	4839	3756	3865	5492	3560	4363	4845	2965	2637	4178	2695	4721	2592	4428	3792	3045	4066	2588	3314	3174
ENSG00000003096.12	292	37	111	11	571	844	329	229	17	477	184	407	325	222	223	28	589	94	521	125	983	198	31	85	46	693	50	23	46	348
ENSG00000003137.7	3	4	1	0	1	2	0	0	23	0	1	1	1	1	3	2	3	2	0	27	23	13	0	3	6	3	1	3	0	0
ENSG00000003147.16	51	124	467	400	249	1342	18	688	185	321	16	749	730	643	940	462	1078	85	1140	1259	120	556	22	1200	397	19	1019	539	1092	1130
ENSG00000003249.12	27	101	40	21	40	53	18	23	21	13	25	25	21	9	58	13	16	8	18	57	87	35	131	4	23	37	20	38	290	5
ENSG00000003393.13	677	5968	1922	1740	1825	3124	1837	890	789	940	2958	4828	716	2008	1800	1578	1458	5498	8476	1994	802	4796	3858	4451	1414	810	2459	3420	3097	5571
ENSG00000003400.13	982	1404	2659	1656	3809	5178	1990	2140	2825	1473	2364	3534	2336	2528	1779	1939	2816	2084	3638	3412	1754	2006	1255	4882	2896	1539	2967	3698	1843	2928
ENSG00000003402.18	6619	9594	13705	6823	14570	12137	7254	17845	15735	10077	10516	9764	9200	13470	9144	17079	6733	10594	7639	7030	7407	8435	5393	10507	13489	9633	22803	7124	9576	7562
ENSG00000003436.13	91	152	1132	1199	2510	2146	2586	347	259	1583	3026	4816	14	1039	1895	197	869	722	4211	4396	2730	2146	382	2864	951	31	1285	3561	27	4316
ENSG00000003509.14	660	756	718	559	774	735	612	915	438	520	683	862	448	523	737	799	352	570	508	758	543	829	447	771	498	762	800	582	607	585
ENSG00000003756.15	7167	14315	11630	10453	16765	14413	7967	10677	8110	5822	12270	12818	8414	8660	10410	9435	9237	7130	10356	10747	11896	9587	8574	16054	6869	8411	15398	4644	11571	12369
ENSG00000003987.12	280	644	383	349	209	273	405	330	290	975	440	389	255	377	343	368	139	526	452	278	259	972	461	352	448	390	629	375	996	273
ENSG00000003989.15	42	46	5	24	3	12	3	108	110	84	16	2111	21	14	11	49	13	4	7	521	46	134	7	2	5	1	17	3	5	56
ENSG00000004059.9	1305	1362	1939	1300	2498	3039	1676	2934	1662	803	1864	1136	2274	1285	1250	1800	3385	1470	1634	939	1988	617	1667	2521	1174	511	1829	682	974	1292
ENSG00000004139.12	540	355	582	346	564	726	196	764	299	455	277	1217	783	425	772	567	402	189	609	349	639	736	155	465	370	759	304	911	562	107
ENSG00000004142.10	2373	1461	1993	1080	1724	3793	1707	2769	1522	1345	1864	2136	2010	2199	1739	2265	3124	1143	1823	2638	1738	2151	1753	2594	999	2081	1392	2046	1849	1743
ENSG00000004399.11	3276	7059	12166	14646	12760	13836	10923	13498	6265	10008	15593	17416	16122	4994	13330	15097	10700	7035	19126	17572	11961	8831	13735	12552	8160	8871	10681	11167	12373	15159
ENSG00000004455.15	14534	4379	8129	4644	3647	14850	3445	11226	5126	5252	3905	5422	5507	17944	5380	22331	14740	4233	3392	4493	3447	9781	3746	10022	2737	25191	11087	3050	4718	4542
ENSG00000004468.11	2920	1902	15859	21080	3317	24699	5031	2023	2309	7109	4820	4255	1074	5472	3110	8673	12454	3718	5093	7628	2559	4060	4043	2802	3310	3515	6898	1068	1974	9500
ENSG00000004478.7	3123	1757	1789	4151	3319	5973	1632	2179	1017	1850	2657	4729	1562	3360	3332	1007	3441	1371	3116	5180	1913	7678	3220	4345	935	556	1329	4116	4586	6038
ENSG00000004487.14	3147	3625	3960	3355	2775	5851	3232	3996	2498	4022	3927	5196	3052	3797	4182	3761	3761	2093	4299	5007	3284	7795	3830	6081	1958	3401	2734	4008	4084	4272
ENSG00000004534.13	3319	9981	6102	4249	9990	6555	5170	5618	3666	3592	6210	6666	4758	4589	7018	5886	4848	5225	4574	7570	6620	7103	5857	9776	3969	4683	7952	2893	5737	5597
ENSG00000004660.13	828	632	873	432	1268	1406	306	382	1107	278	641	1328	519	429	640	691	544	416	1318	195	1184	523	474	526	273	791	764	582	795	842
ENSG00000004700.14	627	787	1228	866	1408	1392	783	1559	1009	1158	1457	1539	1061	1347	843	1640	517	439	1467	1622	822	1003	425	1522	852	947	1353	664	759	1037
ENSG00000004766.14	533	859	961	800	1126	1231	743	1493	786	1066	1032	686	659	1196	902	950	543	722	737	3580	852	699	489	1113	1019	374	1067	424	690	875
ENSG00000004776.10	133	5	2	9	12	4	4	17	59	41	6	16	11	123	3	18	5	11	7	221	8	11	12	13	5	63	7	4	8	99
ENSG00000004777.17	3393	1684	1499	2772	1729	3932	961	2757	900	1320	1339	4422	2962	659	1690	859	1908	1142	2309	783	2505	739	1695	2407	249	1393	1215	2395	3350	1728
ENSG00000004779.8	1314	843	673	586	597	1363	618	798	526	670	823	483	694	918	551	821	1229	466	541	840	624	1057	704	876	332	927	581	435	740	826
ENSG00000004799.7	268	57	3507	36	2070	243	114	512	4313	181	108	0	1498	258	27	756	249	52	57	1820	92	224	10	24	360	57	465	22	19	211
ENSG00000004809.12	844	2392	851	1526	652	1689	984	1310	750	902	1371	1530	59	1243	795	1398	1186	518	865	564	926	1182	1260	421	526	997	1062	874	2307	2138
ENSG00000004838.12	125	128	123	76	125	107	80	310	107	68	120	215	217	68	58	148	128	148	123	66	119	36	139	158	77	227	205	46	74	36
ENSG00000004846.15	1	13	2	3	1	11	3	5	3	1	0	9	1	1	8	0	2	4	0	59	4	7	7	19	1	1	2	5	4	14
ENSG00000004848.6	2	2	2	1	0	0	0	1	2	0	0	0	3	2	3	5	1	0	1	5	6	5	1	0	1	3	0	0	0	0
ENSG00000004864.12	823	615	790	790	705	1054	715	855	846	799	929	384	846	972	786	1167	781	677	893	623	788	361	444	958	638	394	985	376	469	1078
ENSG00000004866.17	545	400	804	30	680	438	469	1192	475	584	625	656	550	674	929	1493	827	46	1282	1225	624	1227	228	37	389	793	453	495	388	793
ENSG00000004897.10	2267	2941	2202	2460	1909	3103	1859	3215	2253	3739	2367	2272	1729	3594	2492	4971	1507	1820	3097	6759	2411	6601	1528	2289	2167	3763	2768	2897	2746	3040
ENSG00000004939.12	314	5666	152	317	2431	1279	363	25331	9587	298	1080	145	134	183	4531	158	2689	922	268	17439	7515	10843	1174	144	1911	3101	241	2076	5620	2975
ENSG00000004948.12	0	1	0	0	0	1	1	0	0	1	0	0	0	0	1	0	0	0	0	2	3	1	0	0	1	1	0	0	1	0
ENSG00000004961.13	372	310	382	334	512	829	347	706	501	225	426	274	445	693	315	556	619	344	288	806	353	529	287	543	333	516	509	271	316	303
ENSG00000004975.10	939	1027	1096	1010	1446	1777	886	1278	618	706	1215	2228	1026	686	1496	746	1471	780	1353	680	1091	939	1325	1758	444	815	726	1426	1480	1136
ENSG00000005001.8	0	0	1	1	1	1	1	0	2	0	1	1	3	1	3	0	4	2	0	3	3	1	1	0	3	1	2	4	1	1
ENSG00000005007.11	4143	2283	4530	3571	4092	3940	2251	5161	4265	2218	3615	2635	5033	2714	3895	2609	4405	1698	3257	7546	3126	2267	2524	4101	2180	2058	3481	3165	3389	3396
ENSG00000005020.11	728	834	5096	59	4935	6357	3926	6436	6001	6737	4205	2104	3022	9993	3165	6809	4065	3655	4018	1341	3370	3881	1176	6492	3920	756	8511	1349	98	3811
ENSG00000005022.5	12358	5483	7238	4721	4350	10393	5838	8624	5938	6321	8013	6274	5660	8614	5561	8031	11708	2715	4388	3926	5656	4844	6230	6896	3002	10673	4205	4127	6469	6757
ENSG00000005059.14	338	667	771	649	1084	578	663	1662	1162	1094	520	1000	1151	847	657	179	211	334	1263	967	954	1004	749	777	1555	204	411	446	1184	534
ENSG00000005073.5	101	1	46	20	2	49	0	159	109	2	0	1	241	278	263	142	1	10	3	3	3	5	0	810	0	548	296	2	0	1
ENSG00000005075.14	544	430	517	271	597	740	489	701	447	337	460	184	501	382	277	481	705	491	249	430	459	386	428	409	335	206	650	153	397	441
ENSG00000005100.11	1809	1742	1462	2049	1354	2635	1133	1417	1011	1211	1401	1709	1004	1832	1959	1269	1491	755	1486	863	954	1626	1454	1909	706	1218	1250	1583	2100	1747
ENSG00000005102.11	15	8	11	3	13	13	6	15	14	4	7	0	6	9	24	3	5	2	4	11	12	2	2	2	30	8	4	11	3	3
ENSG00000005108.14	271	1462	1	23	12	3	11	290	7	27	8	12	440	9	577	6	3	4	2	84	1939	13	67	11	1	9	30	2	33	45
ENSG00000005156.10	2471	2462	2262	2372	1563	2985	2195	2438	1538	2107	2147	1742	2014	2747	2774	2763	1992	1607	1319	1651	1972	2112	2190	4749	1414	2463	2132	2341	3178	2219
ENSG00000005175.8	815	1247	1208	1234	1119	1875	1274	1170	730	1366	1543	1513	813	1819	1098	2028	885	849	996	1232	1070	2062	683	1365	1414	1508	1413	716	971	1412
ENSG00000005187.10	344	10657	409	1561	496	4719	780	1222	283	1767	967	462	68	2245	6225	467	1252	346	1880	8400	540	3941	5840	6015	1380	499	1783	651	8080	7463
ENSG00000005189.18	644	791	839	554	606	1600	604	668	283	697	815	1163	224	853	818	1198	715	535	2147	946	910	1370	781	882	289	1040	613	1295	999	1187
ENSG00000005194.13	1618	998	1144	741	1019	1961	866	1329	853	731	1082	1184	931	1068	1044	931	1373	702	938	1546	1040	979	969	1471	449	1328	934	852	896	1178
ENSG00000005206.15	4104	6914	3345	4167	7534	7482	2829	3093	1611	1222	3480	6851	2961	1261	3705	1551	5832	1577	2955	1202	7936	1818	6373	7601	1012	2326	2034	4545	8080	3450
ENSG00000005238.18	690	1194	1961	391	2271	2095	1384	2828	2462	607	1393	1449	1770	1133	814	1261	1882	1620	1959	2649	1193	1155	846	1462	1433	729	1936	1047	1110	719
ENSG00000005243.8	87	38	53	5	31	7	8	249	145	20	16	23	22	111	18	55	21	4	43	197	79	28	14	0	9	13	25	9	35	12
ENSG00000005249.11	2208	226	4497	236	1190	1415	314	1323	2581	2826	344	698	1796	4310	1072	5320	1544	3685	936	10240	771	6070	72	1082	1267	361	3234	1399	364	208
ENSG00000005302.16	1819	2448	3117	1592	3903	3697	2445	5324	3416	2270	2515	2904	2566	2546	2622	1832	2416	1422	1362	2041	2938	2232	1393	2621	2754	2199	3922	1373	1622	2333
ENSG00000005339.11	5951	7157	10346	8699	7187	5736	6693	13086	12601	9255	10295	9979	8438	7547	9448	11447	5147	7578	9358	7347	10629	7380	7571	9277	9856	6710	8671	11233	8635	11008
ENSG00000005379.14	16951	28937	3431	12347	3977	11978	5063	9357	4001	14566	3992	5076	1807	7141	12179	6439	2613	2643	7041	544	8374	11207	15323	2833	3337	21387	14916	4000	51282	19756
ENSG00000005381.7	2388	990289	29509	468415	36651	9575	183681	226144	7860	4654	276695	207635	18857	5626	7195	1957	390571	20036	5559	4448	1624	162680	817808	25750	10325	765	7870	1267	1235163	521133
ENSG00000005421.7	0	0	0	0	0	0	0	12	1	35	2	3	5	0	34	74	0	2	11	4	70	5	0	2	0	0	0	3	0	2
ENSG00000005436.12	674	658	674	1047	582	1073	864	707	448	1144	961	1005	334	875	876	835	497	529	816	1171	848	1063	427	1206	573	1252	732	998	920	848
ENSG00000005448.15	214	313	267	242	338	813	218	312	97	218	313	817	325	227	448	216	840	138	435	174	532	411	357	496	136	396	150	569	543	126
ENSG00000005469.10	298	332	222	384	306	683	221	412	231	213	274	281	174	337	380	187	231	107	218	733	340	231	225	508	162	142	413	202	236	139
ENSG00000005471.14	59	36	54	33	77	12	13	124	87	110	65	14	18	22	92	6	14	18	50	453	45	60	41	9	65	18	50	16	37	32
