TCGA.QH.A6CX.01A	TCGA.DB.5281.01A	TCGA.E1.5322.01A	TCGA.FG.A6J1.01A	TCGA.P5.A5ET.01A	TCGA.TM.A84B.01A	TCGA.DU.8158.01A	TCGA.HT.A4DV.01A	TCGA.HT.7601.01A	TCGA.DB.A64V.01A	TCGA.FG.8182.01A	TCGA.W9.A837.01A	TCGA.DU.6403.01A	TCGA.E1.A7YN.01A	TCGA.S9.A6WI.01A	TCGA.CS.4944.01A	TCGA.S9.A6WG.01A	TCGA.P5.A737.01A	TCGA.S9.A6UA.01A	TCGA.RY.A83Z.01A	TCGA.TQ.A7RO.01A	TCGA.IK.8125.01A	TCGA.TM.A84L.01A	TCGA.HT.8015.01B	TCGA.FG.7638.01B	TCGA.TQ.A7RV.02A	TCGA.HT.7474.01A	TCGA.HT.7860.01A	TCGA.S9.A7R4.01A	TCGA.P5.A72X.01A
ENSG00000082929.7	0	2	4	2	1	2	20	0	0	5	1	4	4	1	0	0	3	0	13	23	0	3	0	0	0	1	0	2	0	1
ENSG00000083622.8	0	0	0	0	0	0	1	0	0	0	0	0	0	0	1	0	0	0	0	0	0	0	0	0	0	0	0	0	0	0
ENSG00000093100.13	5	4	4	7	11	5	7	9	2	3	21	6	6	8	1	0	8	5	1	1	1	8	12	4	5	5	8	11	3	5
ENSG00000099869.7	1	3	3	5	4	4	14	0	73	6	4	1	782	0	5	2	8	1	536	95	0	4	6	9	2	6	0	3	7	13
ENSG00000100181.20	353	3003	8101	108	288	16	54	301	453	620	26847	87	468	197	410	54	3763	2294	917	1485	1806	3041	3537	270	155	1184	2873	34	336	1113
ENSG00000115934.11	0	0	0	0	0	0	0	0	0	0	1	0	0	0	0	0	0	0	0	0	0	0	0	0	0	0	0	0	0	0
ENSG00000116652.6	33	47	21	1	22	93	84	2	24	10	114	37	31	32	20	4	31	17	24	10	31	37	45	17	3	40	36	107	47	40
ENSG00000116883.8	76	117	57	76	135	40	79	94	56	119	105	148	74	82	462	21	141	76	95	107	62	163	136	193	55	203	169	55	103	102
ENSG00000117242.7	226	406	383	100	105	517	641	47	309	142	316	176	478	139	125	186	249	80	376	275	95	156	194	154	128	201	198	380	199	249
ENSG00000120055.7	10	17	13	18	20	10	23	4	11	11	16	41	17	17	29	2	11	23	10	5	23	24	15	21	5	17	16	6	14	31
ENSG00000120664.9	8	23	16	23	21	31	32	6	5	18	17	24	22	8	9	8	19	17	4	16	9	29	10	9	19	11	13	24	21	25
ENSG00000122043.9	0	1	2	1	0	2	10	0	3	0	4	1	2	6	0	1	1	0	4	0	0	0	2	0	0	0	0	8	0	0
ENSG00000122548.5	19	47	65	9	32	92	10	0	23	11	264	76	63	54	30	0	44	4	10	2	66	143	4	1	7	46	44	40	80	57
ENSG00000124835.2	0	0	4	0	1	0	1	0	0	0	0	2	0	0	2	0	0	0	0	0	2	0	0	0	0	1	1	1	0	0
ENSG00000124915.9	21	0	3	7	3	3	7	8	11	6	13	7	38	6	12	2	0	2	4	3	4	5	2	7	5	7	15	3	0	2
ENSG00000125514.8	0	0	0	0	1	0	1	0	0	0	0	0	0	0	0	0	0	0	1	0	0	0	0	3	0	0	0	0	0	0
ENSG00000125804.12	65	1205	273	220	123	110	196	77	231	104	975	87	343	92	107	34	152	34	22	115	197	325	92	5	215	133	84	45	48	281
ENSG00000125899.7	0	0	0	0	0	0	0	0	0	0	0	0	0	0	0	0	0	0	0	0	0	0	0	0	0	0	0	0	0	0
ENSG00000126005.14	1722	1768	1620	2741	1821	1824	1818	1309	1726	2455	1418	1997	1547	987	3657	2012	1434	2042	1031	1810	1147	2103	1479	2640	1633	1361	1826	1307	750	847
ENSG00000128254.12	8	15	9	10	12	7	19	3	13	11	11	24	21	11	87	3	6	11	12	22	9	26	10	29	10	41	27	16	7	1
ENSG00000129816.5	0	0	0	0	0	0	0	0	0	0	0	0	0	0	0	0	0	0	0	0	0	0	0	0	0	0	0	0	0	0
ENSG00000129845.5	0	0	0	0	0	0	0	0	0	0	0	0	0	0	0	0	0	0	0	0	0	0	0	0	0	0	0	0	0	0
ENSG00000130600.14	11	66	25	5	4	5	163	6	0	0	1	8	10916	0	32	0	39	5	88420	2	8	66	9	66	24	7	4	153	1	7
ENSG00000131007.8	0	0	0	0	0	0	0	0	0	0	0	0	0	0	0	0	0	0	0	0	0	0	0	0	0	0	0	0	0	0
ENSG00000131484.4	1	0	1	0	0	1	2	0	0	1	1	0	2	1	2	0	0	0	0	1	0	2	2	2	0	2	0	3	0	0
ENSG00000131538.7	0	0	0	0	0	0	0	0	0	0	0	0	0	0	0	0	0	0	0	0	0	0	0	0	0	0	0	0	0	0
ENSG00000131548.7	0	0	0	0	0	0	0	0	0	0	0	0	0	0	0	0	0	0	0	0	0	0	0	0	0	0	0	0	0	0
ENSG00000132204.12	0	0	1	1	0	3	0	0	7	0	2	1	9	0	4	1	1	0	1	0	0	0	0	1	0	1	0	0	0	5
ENSG00000132832.8	13	121	20	29	87	24	40	32	35	57	90	101	29	73	286	9	35	39	7	24	29	80	29	83	24	25	134	57	16	9
ENSG00000136275.9	0	1	0	0	0	0	1	0	0	0	1	0	1	1	0	0	0	0	0	0	0	0	0	0	0	0	0	0	0	1
ENSG00000136315.4	1	5	49	3	3	0	27	1	148	2	15	2	2	2	2	2	7	4	54	38	1	7	5	11	0	18	1	8	4	0
ENSG00000137808.12	0	0	0	0	0	0	0	0	0	0	0	0	0	0	0	0	0	0	0	0	0	0	0	0	0	0	0	0	0	0
ENSG00000142396.9	565	987	741	532	550	707	1311	347	593	585	1171	563	912	663	970	350	1118	424	853	596	493	920	944	563	404	781	980	1189	875	780
ENSG00000145063.13	2	69	8	19	61	2	53	40	19	12	0	111	14	7	392	9	8	4	13	22	13	42	7	361	46	52	243	11	4	3
ENSG00000146521.8	2	4	0	11	5	269	3	3	1	2	3	7	4	2	1	2	29	4	3	6	7	8	4	0	8	1	2	9	3	15
ENSG00000146666.5	0	2	0	2	0	1	2	0	0	0	4	1	2	2	0	0	2	0	2	1	1	0	1	1	0	1	5	0	0	4
ENSG00000147753.8	0	0	0	0	0	0	0	0	0	0	0	0	0	0	0	0	0	0	0	0	0	0	0	0	0	0	0	0	0	0
ENSG00000147761.7	0	0	0	0	0	0	0	0	0	0	0	0	0	0	0	0	0	0	0	0	0	0	0	0	0	0	0	0	0	0
ENSG00000149443.6	0	0	1	0	0	0	2	0	0	0	1	0	0	1	0	0	0	0	0	0	0	1	0	0	0	0	0	1	0	0
ENSG00000149656.7	1	0	4	0	2	1	3	1	1	7	4	10	23	1	0	0	0	13	1	0	7	4	1	30	6	1	0	15	2	1
ENSG00000151303.11	3	6	3	0	5	4	11	2	5	2	4	4	0	4	9	0	14	1	0	1	5	9	6	4	2	6	10	2	8	7
ENSG00000152931.7	37	1890	301	99	382	156	138	269	540	94	38	897	256	314	3055	91	305	47	106	56	198	1225	57	436	562	382	2710	287	262	171
ENSG00000153363.11	410	256	419	313	242	777	1395	245	350	512	343	462	301	318	209	275	271	423	392	597	418	654	211	226	276	306	136	184	204	190
ENSG00000157306.13	111	115	111	367	302	111	106	109	70	303	507	208	92	90	229	76	147	255	107	331	210	244	310	49	113	342	150	80	144	166
ENSG00000162888.4	3	9	3	3	6	1	10	1	6	2	5	1	0	17	0	0	5	4	5	1	8	11	0	7	1	6	2	7	5	7
ENSG00000162947.4	0	0	4	3	1	1	1	1	0	1	2	0	3	0	1	2	1	2	0	1	0	1	0	0	2	7	1	0	0	0
ENSG00000163009.7	0	14	9	6	6	11	4	0	12	1	14	6	96	2	9	1	62	4	45	141	4	14	0	4	7	3	6	3	4	3
ENSG00000163364.8	3	22	38	163	99	34	1757	35	217	66	57	43	184	46	79	47	101	31	208	267	12	31	70	11	26	224	37	202	41	22
ENSG00000163597.13	284	1105	1401	455	568	831	748	200	696	396	862	645	737	302	346	458	829	582	1556	486	532	1058	353	304	520	332	461	507	535	370
ENSG00000163915.6	0	0	0	1	1	0	0	0	0	0	0	0	0	0	0	0	0	0	0	0	0	0	0	0	0	0	0	0	2	0
ENSG00000164621.5	2	1	1	8	0	8	11	1	7	2	5	2	2	3	2	5	2	3	5	7	2	3	3	0	2	0	4	4	0	3
ENSG00000165511.6	79	391	733	213	299	240	245	96	469	256	312	262	402	96	179	188	376	307	387	687	153	253	241	141	187	150	205	203	189	187
ENSG00000166770.9	1305	2821	1639	1989	1619	1542	2939	895	1210	1274	2265	2136	1836	761	2575	1266	1173	1408	942	1293	968	2096	1503	1652	1477	1495	2764	2562	1221	1354
ENSG00000166917.8	0	0	1	1	0	4	0	0	0	1	0	0	0	0	1	1	0	0	0	0	0	0	0	0	0	0	0	1	0	0
ENSG00000167046.4	2	3	0	7	4	0	6	1	4	3	0	1	2	3	1	0	7	0	3	1	1	2	0	5	2	1	2	1	8	4
ENSG00000167117.7	0	0	0	1	0	0	0	1	2	0	0	0	0	0	0	3	3	0	3	0	0	1	0	0	0	0	0	0	0	0
ENSG00000167355.6	1	0	1	2	2	2	27	1	0	2	3	5	0	10	0	0	0	1	4	0	0	0	0	0	3	1	2	2	3	1
ENSG00000167459.15	0	0	0	0	0	0	0	1	0	0	0	0	0	0	0	0	0	1	0	0	0	0	0	0	0	0	0	0	0	0
ENSG00000167912.5	225	496	722	607	555	802	751	179	451	435	763	479	422	173	527	422	438	1124	449	544	156	717	694	280	132	377	552	419	533	432
ENSG00000168367.8	0	0	0	2	0	0	0	0	0	0	0	0	0	2	1	0	0	1	0	0	0	0	1	0	0	0	0	0	0	0
ENSG00000170161.6	54	178	208	191	166	119	124	32	82	65	225	113	89	34	48	90	69	152	103	185	104	102	122	51	56	49	76	85	93	58
ENSG00000170590.7	0	0	0	0	0	0	0	1	0	0	0	1	7	0	0	0	0	0	0	0	0	0	1	0	0	0	0	1	0	0
ENSG00000170846.14	869	2045	1647	1674	1786	931	1767	776	1196	1079	1151	1627	1297	827	2225	1299	1208	1105	1270	2650	939	1562	1266	1801	1630	954	1466	1151	1315	1154
ENSG00000170919.14	359	1249	901	990	927	1023	511	450	602	881	1560	981	560	473	563	292	886	356	323	958	798	986	648	464	548	703	769	683	1015	900
ENSG00000170983.3	0	0	0	0	1	0	0	0	0	0	0	0	0	0	0	0	0	0	0	0	0	0	0	0	0	0	0	0	0	1
ENSG00000171671.6	0	0	0	0	0	0	0	0	0	0	0	0	0	0	0	0	1	0	0	0	0	0	0	0	0	0	0	0	0	0
ENSG00000171889.3	6	19	3	4	5	5	5	0	7	2	9	5	6	1	34	2	2	0	0	1	5	10	11	53	3	5	8	9	2	1
ENSG00000172250.13	64	98	145	125	142	15	38	48	56	73	181	62	68	38	169	66	65	66	29	112	37	89	112	91	87	66	92	36	110	121
ENSG00000172965.13	284	466	207	125	64	306	523	67	554	204	40	95	320	257	307	38	303	54	1415	188	55	298	61	463	71	159	232	463	202	103
ENSG00000173727.10	110	200	364	113	221	167	389	44	133	173	319	63	119	254	100	280	24	9	123	169	69	74	265	89	107	22	140	110	122	150
ENSG00000173811.9	120	84	31	105	144	197	479	165	91	150	163	101	137	68	204	131	107	88	25	108	70	107	132	114	122	92	160	96	33	82
ENSG00000173862.3	3	2	1	3	2	0	3	0	0	3	3	2	3	0	1	0	4	1	2	2	1	0	2	0	0	4	0	4	4	5
ENSG00000173867.8	8	18	13	19	6	9	9	5	5	11	9	11	9	11	4	6	14	12	16	19	12	19	11	7	7	13	19	8	7	5
ENSG00000174171.5	5	0	0	0	0	11	9	0	2	4	6	0	2	24	2	2	7	2	20	2	6	2	3	10	0	3	0	0	1	1
ENSG00000174365.18	707	220	54	1617	702	1029	938	538	411	1029	588	731	602	693	878	269	390	422	821	797	474	945	486	388	304	389	480	1309	171	186
ENSG00000174403.14	0	57	1	4	21	0	9	13	6	2	2	32	3	3	181	0	28	2	8	1	24	5	5	22	13	6	41	5	5	6
ENSG00000174407.10	0	1	0	0	0	0	0	0	0	0	0	1	0	0	0	0	0	0	0	0	0	0	0	0	0	0	0	0	0	2
ENSG00000174680.8	34	14	3	61	63	100	90	22	12	52	52	73	17	43	13	20	14	51	12	72	42	69	25	45	21	26	31	39	19	13
ENSG00000175061.16	5086	23121	34398	23890	15437	11800	7104	4546	11674	12506	14167	14747	7577	3001	7214	15540	8928	15455	8079	11799	8561	30565	7541	4206	15415	5205	9587	5315	9763	8845
ENSG00000175147.10	81	81	53	51	42	209	124	28	76	66	141	72	205	79	82	10	74	82	86	43	90	77	64	50	38	87	82	138	65	109
ENSG00000175604.2	3	0	5	2	1	0	0	0	1	3	0	1	0	1	2	0	2	2	2	4	0	0	2	1	0	1	1	0	1	0
ENSG00000175611.10	153	486	662	247	219	542	576	146	260	270	376	308	241	79	340	255	160	269	267	281	194	255	240	217	132	182	315	263	183	340
ENSG00000175699.11	6	0	1	0	1	2	6	0	4	1	1	0	1	7	4	1	0	0	0	1	1	1	0	0	0	1	1	0	1	0
ENSG00000175746.6	0	0	0	0	1	0	8	0	15	0	0	0	1	0	1	0	6	0	0	0	1	3	2	0	0	0	0	1	1	0
ENSG00000175772.10	2	90	15	16	42	1	6	28	9	10	3	55	18	3	243	3	17	3	0	11	9	63	1	89	43	14	125	7	8	20
ENSG00000175773.11	11	17	27	29	11	24	40	8	10	40	13	22	9	13	31	4	10	25	4	40	23	39	24	19	18	11	27	15	6	7
ENSG00000175967.3	3	5	17	2	6	29	17	2	14	2	15	6	6	6	4	1	8	8	1	3	10	27	10	3	2	5	5	24	8	10
ENSG00000176075.7	0	0	0	0	0	0	0	0	0	0	0	0	0	0	0	0	0	0	0	0	0	0	0	0	0	0	0	0	0	0
ENSG00000176236.6	10	29	34	26	43	24	25	16	28	46	43	35	12	19	41	18	39	33	14	19	42	37	33	43	12	32	33	9	28	30
ENSG00000176320.2	1	2	4	0	0	0	0	0	2	0	0	0	0	0	1	0	0	0	0	0	0	1	1	0	1	0	0	0	1	1
ENSG00000176349.10	0	26	1	8	3	1	8	1	1	1	5	15	35	2	45	6	6	3	9	2	4	36	0	32	4	3	28	7	4	9
ENSG00000176515.1	0	5	0	0	1	0	0	0	1	0	2	4	0	0	2	0	0	3	3	0	5	2	1	1	1	1	0	2	3	1
ENSG00000176593.6	330	845	456	348	922	501	737	267	420	472	1528	723	712	276	732	135	787	683	616	389	722	777	1038	604	252	938	707	1039	1254	1009
ENSG00000176659.7	28	17	31	4	12	8	111	11	60	30	31	15	21	74	6	1	38	10	88	11	2	24	34	32	13	31	25	106	27	24
ENSG00000176728.6	94	243	0	1	91	228	0	0	0	183	315	264	0	0	0	119	279	230	157	1	13	171	216	118	0	119	118	0	50	72
ENSG00000176753.5	33	13	7	3	3	1	19	5	25	8	9	7	13	9	16	8	4	4	27	3	2	4	9	12	10	9	17	26	3	6
ENSG00000176754.11	23	1	4	7	3	0	24	5	6	4	2	11	30	25	0	3	5	9	1	15	2	5	14	1	2	8	2	1	7	6
ENSG00000176840.10	1	223	58	92	95	61	13	61	90	31	5	176	27	10	596	16	40	94	3	100	94	451	40	442	65	106	260	20	33	45
ENSG00000176868.2	0	0	0	0	0	0	0	0	0	0	0	0	0	0	0	0	0	0	0	0	0	0	0	0	0	0	0	0	0	0
ENSG00000176912.3	143	37	26	241	148	416	55	239	47	692	90	56	221	70	341	26	88	143	35	81	182	189	89	205	195	52	146	22	16	15
