TCGA.QH.A6CX.01A	TCGA.DB.5281.01A	TCGA.E1.5322.01A	TCGA.FG.A6J1.01A	TCGA.P5.A5ET.01A	TCGA.TM.A84B.01A	TCGA.DU.8158.01A	TCGA.HT.A4DV.01A	TCGA.HT.7601.01A	TCGA.DB.A64V.01A	TCGA.FG.8182.01A	TCGA.W9.A837.01A	TCGA.DU.6403.01A	TCGA.E1.A7YN.01A	TCGA.S9.A6WI.01A	TCGA.CS.4944.01A	TCGA.S9.A6WG.01A	TCGA.P5.A737.01A	TCGA.S9.A6UA.01A	TCGA.RY.A83Z.01A	TCGA.TQ.A7RO.01A	TCGA.IK.8125.01A	TCGA.TM.A84L.01A	TCGA.HT.8015.01B	TCGA.FG.7638.01B	TCGA.TQ.A7RV.02A	TCGA.HT.7474.01A	TCGA.HT.7860.01A	TCGA.S9.A7R4.01A	TCGA.P5.A72X.01A
ENSG00000000003.13	2045	3630	5943	2609	3609	7549	9836	1079	4419	2705	2952	3259	1912	2304	955	6435	2646	2467	3008	3285	2747	3563	3741	2111	2635	620	3400	4964	2280	2499
ENSG00000000005.5	4	3	5	8	8	4	173	2	8	3	1	6	6	8	8	13	5	5	4	5	16	13	12	7	7	8	5	1	3	4
ENSG00000000419.11	770	1191	1404	892	1007	1363	1690	501	986	1170	1016	1071	1079	970	1313	823	1026	682	1152	1112	838	1318	706	851	888	759	1000	1237	1015	788
ENSG00000000457.12	352	1079	968	475	644	962	1094	287	866	550	902	752	759	393	682	525	481	633	733	526	645	1131	584	541	513	543	768	890	638	586
ENSG00000000460.15	104	238	439	188	202	609	378	89	513	191	624	178	535	126	103	115	359	178	639	239	184	315	267	158	144	215	229	423	293	188
ENSG00000000938.11	453	422	633	363	194	471	1330	173	315	1262	386	259	1516	3323	399	295	1402	199	948	312	554	506	376	364	334	227	350	856	566	893
ENSG00000000971.14	290	1779	494	357	232	3040	5199	119	1533	411	345	243	905	1177	490	495	4683	173	2493	171	238	866	277	374	383	247	538	2347	1760	1175
ENSG00000001036.12	1800	2117	1779	500	1006	3926	3348	497	2357	1604	1261	994	2305	3860	1209	685	1261	198	3801	1974	1059	855	1408	1318	488	1183	1488	2722	726	1027
ENSG00000001084.9	1786	4896	5221	2503	6650	5404	5370	2535	3707	5219	9207	8134	3919	3779	3708	4062	2392	4541	3053	2222	6343	5465	4769	2395	4784	4992	6851	5247	3424	4032
ENSG00000001167.13	595	2517	2182	603	1768	2256	1532	641	1827	1185	2503	2393	1895	963	1405	1140	994	2142	1256	747	2268	3203	1386	1114	1884	1681	1752	1712	1979	1634
ENSG00000001460.16	410	540	162	75	277	227	609	307	356	424	299	484	538	326	1844	115	159	64	680	71	84	336	174	989	264	281	958	417	109	85
ENSG00000001461.15	5154	5447	1544	627	4059	3706	6179	4866	9479	4644	5009	3546	11086	2555	12721	2087	1379	660	5267	810	1369	3618	2784	9244	3110	2675	10322	9131	1088	886
ENSG00000001497.15	2166	2291	2496	3823	4300	3651	3472	1775	2457	3130	3804	3231	2613	2059	2682	2046	2616	3645	2133	3472	3061	5008	3334	1349	1987	2207	2162	2554	2749	2894
ENSG00000001561.6	1349	2483	1577	756	2209	128	2926	1714	3399	2723	3403	2349	1731	1994	2945	1527	1171	1299	2883	628	2179	2982	2092	2667	1941	2235	3033	1455	1822	1085
ENSG00000001617.10	184	254	64	135	136	117	267	84	180	177	135	158	247	914	431	94	1127	96	261	110	86	104	88	115	181	73	284	119	324	365
ENSG00000001626.13	112	176	213	37	189	139	102	91	139	151	331	137	174	79	123	11	192	227	109	7	207	345	245	73	93	112	157	73	336	121
ENSG00000001629.8	5025	9209	10458	2062	6681	20179	10728	2709	9726	5160	11090	8700	9020	5231	3967	5558	4210	6238	4977	2000	9797	11610	6887	4814	7976	7135	9299	16379	5623	5129
ENSG00000001630.14	212	802	593	165	446	1213	780	146	903	108	551	948	573	279	507	212	250	789	704	65	836	1046	329	484	474	576	813	861	311	464
ENSG00000001631.13	1329	2795	3256	693	1544	4188	3513	650	1849	1357	2820	2110	2936	2061	1560	1329	1497	1326	1533	860	1736	2533	1447	1275	1263	1345	2152	3779	1925	1482
ENSG00000002016.15	385	727	1018	406	955	1004	763	363	441	660	1543	752	546	473	449	204	629	711	884	1085	927	902	780	317	297	618	592	715	730	725
ENSG00000002330.12	3547	3849	3536	6596	2785	3855	3820	2121	2443	4328	2551	2252	2180	1446	3907	3079	2816	2179	2704	5636	1662	2550	3424	2312	2355	2442	2476	2237	1576	2799
ENSG00000002549.11	8103	6932	9900	2866	3480	12143	14489	1923	14633	3028	4196	3589	5651	14646	3060	6700	5269	2011	10954	4359	2999	5493	4468	3244	3511	4472	5899	10434	3602	3573
ENSG00000002586.16	47262	18498	21982	16187	15310	27184	44313	3486	18226	42062	18638	9858	10251	19372	2314	42808	28182	12860	33204	19537	6182	10014	34613	12175	7274	30473	16694	9123	11580	15351
ENSG00000002587.8	422	1443	3173	81	231	42	2913	79	1074	223	816	374	117	118	441	2019	1592	103	1359	847	81	289	2005	388	130	1090	388	303	651	1065
ENSG00000002726.18	3	3	2	4	3	30	31	2	4	1	3	1	6	4	3	6	1	5	9	6	45	4	6	2	5	0	1	14	2	1
ENSG00000002745.11	368	66	4	1	8	514	20	8	8	14	8	23	88	23	59	9	26	4	99	8	13	26	5	127	9	9	40	26	9	4
ENSG00000002746.13	51	2645	290	619	877	590	372	420	688	225	1327	2016	2890	97	5123	314	190	1395	668	307	1333	2304	321	1499	1124	329	3295	132	744	528
ENSG00000002822.14	1497	2320	2490	3081	1586	3628	2050	953	2019	2297	1576	1386	2921	1493	2209	1264	1564	2086	2114	2104	1214	1532	1635	1257	1461	919	1500	1555	1226	1757
ENSG00000002834.16	8560	14928	29106	7933	12230	20133	18792	4217	12717	7968	11175	11028	12026	7257	10941	7640	11444	9901	12486	9379	14937	15997	10543	9542	12712	8490	11615	12052	7763	10292
ENSG00000002919.13	1161	2215	2066	2194	1534	1634	2094	920	1811	1666	1563	1607	1755	1612	1748	1671	1160	1058	2285	1525	1213	1736	1384	1206	1536	1046	1899	1202	1234	1228
ENSG00000002933.6	1298	578	791	1614	810	13047	4033	431	2382	1466	1074	564	2285	5810	695	1692	668	275	3230	1179	253	1369	618	1456	998	2340	947	2413	304	1023
ENSG00000003056.6	2367	4803	5471	850	2047	2823	5748	1039	4623	2070	3872	2546	2876	3262	2508	2199	1806	1969	4217	1073	2415	3979	1847	2276	2311	2133	3159	2926	2465	2147
ENSG00000003096.12	453	2067	2994	514	1454	1196	2318	248	1642	564	2019	1599	1720	361	447	1047	890	1082	718	1078	828	1894	996	1298	1004	1516	993	1535	1544	771
ENSG00000003137.7	79	315	160	257	486	21	1021	484	232	228	73	852	634	381	3121	123	215	172	678	45	505	759	101	2006	3257	1613	1643	124	52	229
ENSG00000003147.16	206	843	1234	928	488	815	503	441	579	417	563	1015	567	633	2409	297	698	443	976	1134	668	1107	531	899	784	372	1196	426	614	434
ENSG00000003249.12	4358	1601	312	787	1139	9482	3702	891	578	996	285	1619	2180	1333	6983	2340	1412	551	3526	341	1104	1689	938	2323	1609	1703	3130	2518	439	1044
ENSG00000003393.13	1310	3719	3221	1005	2214	3601	3787	851	2842	1567	2962	3243	2834	1480	2992	1457	1593	1942	2478	1067	2619	3600	1607	2218	2321	1680	3419	4831	1769	1891
ENSG00000003400.13	255	316	289	174	188	383	730	94	533	318	414	132	304	1115	212	177	585	211	526	142	187	443	425	277	260	167	269	553	550	569
ENSG00000003402.18	3188	2949	4019	1697	2193	4754	7968	1176	3765	2854	4304	3050	3679	5006	1911	1945	4535	2810	5677	1377	3091	4292	2981	3015	2032	2275	2583	6688	3364	4046
ENSG00000003436.13	85	774	5939	309	919	5184	1127	112	814	840	357	206	499	338	109	120	1686	51	861	4068	250	255	156	114	220	73	564	2454	723	373
ENSG00000003509.14	460	684	602	427	590	689	1060	252	545	517	647	571	480	460	651	454	455	283	594	553	532	788	390	600	343	454	586	604	600	483
ENSG00000003756.15	4323	8905	3947	7485	8411	11539	7059	3336	4574	6407	10972	5868	5077	4703	4955	2194	5311	4871	5653	6184	6578	8783	7231	3312	3372	5063	6197	5863	7014	5612
ENSG00000003987.12	349	901	594	215	324	108	165	361	707	460	1090	1717	642	239	1766	148	455	996	385	254	985	1424	249	1213	743	623	1680	140	784	185
ENSG00000003989.15	1039	1920	327	357	1094	5160	21574	209	825	901	2240	3506	1524	497	742	2138	3497	610	332	160	2983	1934	809	1479	822	1968	4158	3953	1772	1165
ENSG00000004059.9	5978	8066	10872	11857	7051	10609	7134	3897	5714	6376	4175	6152	7953	4257	10795	5492	4804	5030	5728	9962	4473	6182	4039	5366	5643	3870	6290	5425	3418	4283
ENSG00000004139.12	554	2154	2224	1242	1813	2488	2014	538	1201	992	2545	1685	1730	425	887	602	1068	1916	1387	1098	2096	1769	1359	838	1147	1020	1069	1371	1339	1191
ENSG00000004142.10	5137	11001	10296	7999	6801	10675	9278	3514	6694	6292	6041	6269	6595	4401	6689	5855	4517	5331	6577	7632	5647	8030	4702	4040	6468	4220	6645	5434	4899	5443
ENSG00000004399.11	5810	7587	3914	2516	5757	3799	13031	2760	9075	5734	5594	3025	6203	9956	7251	3287	6392	1864	15063	2650	3371	7008	4620	4805	3975	3226	5260	5362	6395	8500
ENSG00000004455.15	3965	4921	5346	1870	2041	4764	5505	1154	4853	2715	3571	1729	4182	3948	2148	2884	3196	1521	4978	4156	1212	2513	2969	2017	1640	2866	3239	2911	3407	3013
ENSG00000004468.11	1465	4740	2833	2423	7314	3519	7175	1900	8853	4909	7888	5668	1939	1932	1149	1495	5151	2942	948	716	8563	7117	8583	850	5989	7394	13381	6030	3794	5162
ENSG00000004478.7	4318	10377	8254	5783	6441	8495	8436	3274	4127	4533	8466	6469	8634	3702	9922	6825	4811	5776	4274	8313	4019	6892	3915	8674	6009	4184	9958	3782	3985	6278
ENSG00000004487.14	2375	10231	11354	3115	4188	7716	7996	1536	6300	2889	7924	3614	8509	2506	4205	4363	4585	3452	4504	10906	2826	4565	4429	2924	2728	3112	4893	4243	6571	5134
ENSG00000004534.13	3876	5024	2564	6404	7790	7405	5851	2859	3927	6505	8719	6221	4760	4397	4451	1638	4520	6285	4719	8865	6440	6431	7921	2410	2867	4897	5250	9083	6439	5783
ENSG00000004660.13	327	2614	682	1528	1890	391	1961	1562	765	948	1057	4422	1954	1255	15895	657	1084	588	649	955	922	3643	635	5596	1670	2666	6306	814	548	597
ENSG00000004700.14	638	1432	1661	201	577	1758	2245	145	1547	511	1318	846	962	700	413	599	706	662	1323	111	1076	1592	593	443	598	728	720	1906	896	585
ENSG00000004766.14	1205	2524	2756	1011	1942	3780	2234	713	2045	1327	2127	1936	2009	1779	2972	1260	1019	1159	1277	831	1654	2459	1246	2249	1555	1397	3048	3194	1507	1037
ENSG00000004776.10	47774	3251	152	376	476	3028	4598	380	218	733	1025	589	1317	4412	1177	2128	1875	264	808	1621	287	532	1634	791	391	526	742	1181	435	4413
ENSG00000004777.17	2103	4857	3059	3538	4442	5219	3517	1780	2977	2727	6776	4208	8870	1312	4808	1793	3720	5692	2911	3424	3124	4819	3516	4306	2374	2913	3785	2704	3797	4495
ENSG00000004779.8	1693	2508	2461	5199	2198	2728	2994	1180	1709	2722	1758	2267	2171	1660	4077	3111	1814	1770	2159	4655	1870	2757	1837	2504	2413	1546	2785	1609	1893	1713
ENSG00000004799.7	3610	7065	6754	3007	2109	3176	2829	3740	10010	7228	19616	6666	4728	5047	4074	4470	20447	522	16080	1871	1774	2164	5791	1530	6445	5719	5639	4614	16203	2025
ENSG00000004809.12	2	6	4	0	2	2	6	5	9	13	4	8	4	27	2	0	3	9	7	4	4	5	5	0	4	7	8	4	5	1
ENSG00000004838.12	304	112	79	428	222	106	13153	121	45	186	234	191	52	116	199	448	616	213	212	717	135	218	178	278	74	128	196	260	120	144
ENSG00000004846.15	6	1	0	0	0	27	0	0	1	0	0	0	8	0	1	0	0	0	1	0	1	1	2	3	0	0	0	5	0	0
ENSG00000004848.6	450	486	45	96	129	1211	157	82	61	114	69	352	340	296	1282	108	92	201	56	55	165	272	58	900	208	138	408	76	51	174
ENSG00000004864.12	1476	1768	1236	640	1207	4004	2665	1020	1636	1662	1700	867	2082	1330	1092	611	826	776	1228	1113	947	1490	1152	591	1022	861	1496	2393	989	600
ENSG00000004866.17	1339	2957	5425	2143	2420	3262	2995	804	2364	2198	2178	2191	1625	1654	1751	2203	2052	1772	1429	2465	1476	3106	2631	1261	2551	1476	2197	2036	2126	2001
ENSG00000004897.10	1503	5845	4900	1542	2707	3744	5457	1193	3849	2320	3819	3271	3753	2397	3919	1959	2461	1989	4830	2092	2589	4259	2105	3383	2746	2569	4173	3607	2938	2173
ENSG00000004939.12	3	1	10	29	5	3	2	4	7	4	5	3	6	18	2	2	14	2	14	175	3	15	12	7	1	2	5	3	5	4
ENSG00000004948.12	1	9	10	4	1	4	47	0	24	5	28	3	9	15	13	9	3	2	95	4	2	13	6	27	1	18	11	15	19	4
ENSG00000004961.13	556	951	1081	389	596	1040	1685	364	831	622	868	857	853	693	1224	612	576	556	1003	585	652	1068	468	1004	746	574	1050	744	601	561
ENSG00000004975.10	1844	3722	4478	2193	3102	2430	2616	1243	2341	2509	3902	2633	2436	1586	1487	1328	2507	3081	2702	2494	2400	3219	2109	962	1793	1976	1618	2010	2233	2524
ENSG00000005001.8	0	1	0	1	0	2	0	0	0	1	0	1	0	3	2	3	1	3	0	1	9	3	2	7	1	5	1	0	2	3
ENSG00000005007.11	6590	12221	9315	4260	6877	11849	10819	3551	8933	6471	9036	7448	8237	6586	7461	5060	5598	5904	7398	5626	6439	7595	6652	5913	5711	5923	7681	11303	5993	7602
ENSG00000005020.11	1739	1433	2437	305	534	13572	1873	375	2328	828	1888	893	2062	5886	2040	2273	883	405	1954	660	464	1131	1512	3476	479	1223	1429	9949	958	599
ENSG00000005022.5	8052	13583	17409	13840	10005	14635	16589	5222	8005	9113	9416	10474	10543	7781	10918	13999	7395	7758	15160	4350	12588	28452	7087	6725	14709	7018	9703	10399	8803	9785
ENSG00000005059.14	903	286	335	187	134	529	2474	129	810	412	122	119	878	972	245	221	389	56	1537	280	102	199	141	579	148	291	306	1019	109	62
ENSG00000005073.5	0	146	6	2	0	835	62	0	78	0	1	0	54	527	0	1	2	3	13	1275	0	0	4	4	0	30	0	0	1	3
ENSG00000005075.14	3406	2746	4042	3987	2084	4425	2324	1130	1772	2703	2084	1855	2603	1783	1486	1792	1872	2323	1975	5769	1051	2303	2704	1014	1936	1544	2111	1930	1606	2342
ENSG00000005100.11	1218	5375	2975	1392	2407	3081	3480	728	2501	1428	2678	2853	2964	1530	1946	1160	1195	1934	2005	1595	2536	3696	1319	1329	2252	1740	2350	2570	1920	1895
ENSG00000005102.11	5	0	0	0	1	0	2	0	2	3	5	1	2	2	2	0	1	1	4	1	0	4	0	0	0	0	0	1	2	3
ENSG00000005108.14	190	3985	2319	564	1346	8340	3220	410	1141	722	4779	2125	3288	963	1031	641	1412	4160	839	912	3866	3559	1141	837	2521	918	766	3957	1403	1075
ENSG00000005156.10	1109	2946	2584	614	1124	1988	2245	526	1273	796	2184	1149	2123	1091	1045	1123	952	1240	1724	1575	1225	1884	848	913	1036	1228	1301	1713	1550	1526
ENSG00000005175.8	985	2321	1793	482	820	1845	3742	453	1484	939	1604	1286	1409	1003	1493	1091	924	827	1936	1113	1009	1836	926	1283	850	1011	1422	1791	1086	785
ENSG00000005187.10	19	17	20	15	29	43	64	8	22	29	21	24	13	29	14	2	41	27	47	16	26	39	22	17	17	18	24	38	21	25
ENSG00000005189.18	143	592	821	453	364	432	485	95	264	206	287	290	1178	187	389	263	841	481	465	642	275	695	233	287	300	167	229	158	277	145
ENSG00000005194.13	1760	3849	5524	3509	3070	5142	3577	1323	2664	2216	2584	2670	3561	1792	3124	1998	1852	1947	3243	3427	2363	3492	1949	1935	2827	1355	2957	2662	2096	2055
ENSG00000005206.15	2408	3035	2577	6731	5212	10518	4753	2340	1904	3631	4061	3144	2795	2464	2315	1510	6031	3205	3827	4578	4455	5001	5769	1552	1872	3539	2087	6026	2315	3534
ENSG00000005238.18	3267	2274	3134	1952	2491	2518	5414	1417	2753	2157	2157	1809	1723	2973	2823	1444	1814	1397	3667	1214	1700	2074	2122	2025	1582	1554	2821	2279	1479	1858
ENSG00000005243.8	3006	427	214	575	286	219	4410	242	453	740	389	435	638	1476	322	572	790	418	2066	567	245	361	950	321	447	578	508	1266	482	630
ENSG00000005249.11	376	2164	1136	907	981	2913	2830	730	797	989	861	2425	2256	1152	5291	793	952	1178	1168	370	1172	2742	646	2735	1593	998	2845	1896	911	552
ENSG00000005302.16	814	1272	2372	1338	1573	1688	2805	632	1615	1264	2050	1601	1764	1005	2164	1247	1497	1214	1609	1373	1285	1934	1388	1768	1031	1317	1921	1505	1320	1478
ENSG00000005339.11	3577	11357	12809	3635	6921	12481	10690	2557	8053	4337	14515	9341	10677	3366	5704	4375	5006	12261	7193	4245	9161	10113	5910	4437	5870	4916	8017	10090	6783	8674
ENSG00000005379.14	629	5830	4929	5255	8297	3060	3342	2763	3245	2206	5207	12413	2908	2305	12344	1078	3933	6858	2200	2225	6199	12937	6133	7583	3676	6302	8661	4396	3874	4639
ENSG00000005381.7	58	177	10	8	19	72	10	23	11	32	3	49	30	161	198	5	21	14	33	6	12	58	6	57	25	37	128	62	6	27
ENSG00000005421.7	11	32	91	123	171	46	6	54	12	40	138	127	19	3	26	48	43	88	5	136	133	81	74	45	136	93	60	23	21	33
ENSG00000005436.12	591	1441	565	671	1127	1455	1623	480	1145	534	1337	1066	1335	693	802	557	774	768	1057	647	992	1295	965	508	524	835	1011	960	962	665
ENSG00000005448.15	351	1464	1951	1461	836	595	2787	519	830	644	935	1093	1013	337	1699	1012	1207	717	1097	2344	556	854	864	780	634	599	985	557	754	567
ENSG00000005469.10	2521	1969	2456	627	754	3656	6554	296	2022	891	1035	796	1114	1842	719	1027	865	605	1712	932	844	1409	1611	894	687	1267	1259	4038	1556	1166
ENSG00000005471.14	78	149	266	88	58	182	327	63	234	79	130	74	650	67	78	67	81	88	849	114	137	160	60	48	100	66	47	450	143	121
ENSG00000005483.18	3130	11658	12531	1403	4273	8430	6460	1725	6558	2730	10762	6276	11083	4710	4740	2588	3519	6337	5032	2120	5533	8327	3846	3275	4591	4000	6397	6939	6614	6034
