TCGA.DD.AADB.01A	TCGA.DD.AACI.01A	TCGA.ED.A459.01A	TCGA.DD.A1EF.01A	TCGA.DD.A4NS.01A	TCGA.ZS.A9CG.01A	TCGA.DD.A4NQ.01A	TCGA.5C.A9VH.01A	TCGA.DD.AADR.01A	TCGA.BC.A112.01A	TCGA.DD.AACP.01A	TCGA.ES.A2HT.11A	TCGA.DD.A1EH.01A	TCGA.BC.A69I.01A	TCGA.XR.A8TE.01A	TCGA.FV.A23B.11A	TCGA.MI.A75C.01A	TCGA.2Y.A9H2.01A	TCGA.BC.A10R.11A	TCGA.DD.AADQ.01A	TCGA.DD.A113.11A	TCGA.DD.AACO.01A	TCGA.2Y.A9H3.01A	TCGA.DD.AADY.01A	TCGA.FV.A2QR.01A	TCGA.G3.A7M6.01A	TCGA.CC.5258.01A	TCGA.K7.A6G5.01A	TCGA.CC.A8HT.01A	TCGA.DD.A3A2.11A
LINC01587	30	0	36	3	9	8	85	0	2	68	0	18	2	0	0	16	2	7	0	0	5	0	25	19	10	18	0	0	32	1
AC000111.6	0	2	4	0	7	0	0	0	0	0	0	1	0	0	0	1	0	40	0	0	0	1	0	0	0	3	0	0	0	1
XXbac-B461K10.4	5	0	7	4	20	3	4	11	1	15	3	2	8	1	5	6	1	40	5	1	2	0	1	3	13	55	3	2	6	5
IGF2-AS	74	0	1	154	28	8	0	107	0	0	148	6	1784	9	162	25	0	5	13	0	6	78	431	1	0	2	24	3	0	15
TPTEP1	2	1	7	9	59	2	4	8	6	12	4	17	21	2	15	33	1	12	26	7	20	5	9	0	10	9	18	14	12	16
RP11-153K16.2	0	0	0	0	1	0	0	0	0	0	0	0	0	0	0	1	0	0	0	0	0	0	0	0	0	23	0	0	8	0
DLEU2L	0	0	1	2	21	2	5	4	0	5	1	2	1	1	4	4	1	25	3	1	0	0	0	1	1	76	5	0	9	3
RP11-268J15.5	11	0	28	62	62	7	71	18	3	45	89	12	13	18	20	36	10	495	13	2	12	10	58	4	12	54	42	7	119	12
PINK1-AS	135	27	164	107	140	76	85	56	60	188	68	170	143	105	72	154	93	104	165	155	142	64	55	25	119	328	211	94	173	95
C10orf95	21	0	4	6	10	10	1	6	3	7	11	2	14	2	3	5	8	47	1	6	2	3	2	3	7	36	20	3	4	5
SPG20-AS1	1	0	0	0	8	0	0	0	1	0	0	1	2	0	0	3	0	2	2	0	2	0	1	0	0	0	21	0	12	0
LINC00544	0	0	0	0	2	1	2	0	1	0	0	0	0	0	0	1	0	0	1	0	0	0	0	0	1	0	1	0	0	0
KIAA0087	0	0	0	0	5	0	0	0	0	0	0	1	0	0	0	0	0	36	0	0	1	0	0	0	0	2	0	0	0	1
AC105760.3	0	0	0	0	0	0	0	0	0	0	0	0	2	0	0	0	0	0	1	0	0	1	0	0	0	1	1	0	0	0
DKFZP434K028	9	0	3	0	24	2	4	3	2	10	2	9	3	9	6	8	26	18	12	1	2	5	4	11	6	9	0	0	4	2
LINC00029	0	0	0	3	0	0	0	0	0	0	0	0	0	0	0	0	0	0	0	0	0	0	0	0	0	3	0	0	0	0
FAM182A	0	0	0	35	10	0	1	2	0	0	1	6	0	0	4	2	1	1	1	0	0	0	2	0	4	101	0	1	2	1
C20orf187	0	0	0	0	0	0	0	0	0	0	0	0	0	0	0	0	0	0	0	0	0	0	0	0	0	0	0	0	0	0
MMP24-AS1	293	2108	2450	510	1147	2791	2049	866	662	966	176	1694	249	2802	1972	1190	233	1515	910	724	1007	564	1592	274	1191	3375	1008	2808	334	1071
C22orf24	5	1	4	2	5	6	0	1	0	0	6	0	2	5	8	0	0	6	0	0	0	3	0	1	0	8	0	0	2	1
TTTY1B	0	0	0	0	0	0	0	0	0	0	0	0	0	0	0	0	0	0	0	0	0	0	0	0	0	0	0	0	0	0
TTTY1	0	0	1	0	0	0	0	0	0	0	0	0	0	0	0	0	0	0	0	0	0	0	0	0	0	0	0	0	0	0
H19	461703	204	176	246	16970	1035	2103	7257	860	132	532	4342	258967	761	1087	7876	234	153	13932	440	5441	5323	106477	422	532	4108	235402	977	27980	6331
TTTY9B	0	0	0	0	0	0	0	0	0	0	0	0	0	0	0	0	0	0	0	0	0	0	0	0	0	0	0	0	0	0
RP11-798G7.5	0	0	1	1	1	0	0	0	0	0	0	0	2	0	0	0	0	1	0	0	0	0	0	0	0	1	0	0	0	0
TTTY6	0	0	0	0	0	0	0	0	0	0	0	0	0	0	0	0	0	0	0	0	0	0	0	0	0	0	0	0	0	0
TTTY6B	0	0	0	0	0	0	0	0	0	0	0	0	0	0	0	0	0	0	0	0	0	0	0	0	0	0	0	0	0	0
LINC00470	241	2	1	62	37	7	0	27	19	107	53	9	12	21	1	67	152	21	2	8	7	9	1	0	387	458	314	0	59	5
LINC01260	16	9	0	6	6	3	1	7	0	10	0	8	6	2	2	8	16	5	2	5	1	2	6	0	2	7	10	3	6	0
C7orf69	0	0	0	0	1	0	0	1	0	2	0	0	1	0	0	0	0	0	0	0	0	0	0	0	2	0	0	0	2	0
RP11-84C10.2	0	0	0	1	2	0	0	0	0	1	0	0	0	1	0	1	1	2	2	0	0	0	0	0	0	0	0	0	1	1
RP11-809H16.2	0	0	0	0	0	0	0	0	0	0	0	0	0	0	0	0	0	0	0	0	0	0	0	0	0	0	0	0	0	0
ERVK3-1	1421	151	511	546	567	261	626	377	278	358	681	493	514	292	369	353	509	686	305	339	144	193	226	214	440	1615	266	442	854	211
AC062028.1	1	1	2	0	1	0	1	1	6	20	0	2	2	0	0	1	10	4	1	1	2	0	0	1	0	2	0	0	2	1
LINC01558	280	24	131	137	108	104	37	219	65	82	52	313	39	76	33	189	30	95	278	50	102	305	279	155	61	410	118	120	166	317
LINC00525	10	14	46	1	29	80	11	7	17	35	12	22	11	15	3	49	22	9	19	24	9	1	1	2	2	13	34	11	25	14
TTTY7	0	0	0	0	0	0	0	0	0	0	0	0	0	0	0	0	0	0	0	0	0	0	0	0	0	0	0	0	0	0
TTTY7B	0	0	0	0	0	0	0	0	0	0	0	0	0	0	0	0	0	0	0	0	0	0	0	0	0	0	0	0	0	0
C20orf78	0	0	0	0	0	0	1	0	0	0	0	0	0	0	0	0	0	0	0	1	0	0	0	0	0	0	0	0	0	0
LINC00266-1	1	0	0	0	1	1	0	1	0	0	2	0	0	0	0	0	0	0	1	0	0	0	0	0	0	0	0	0	1	3
RP11-96C23.13	0	0	0	0	7	1	2	4	2	1	1	2	4	1	1	5	0	1	1	3	0	0	3	0	0	7	0	0	0	0
PART1	6	0	0	0	12	2	70	0	0	8	133	0	0	0	0	5	82	0	0	1	0	0	0	0	0	2	2	0	13	0
LINC00467	329	611	439	398	406	841	612	619	449	236	339	484	780	481	218	463	2140	460	336	525	338	657	192	399	718	350	767	918	651	462
RP11-66N24.4	18	12	15	24	63	30	13	39	12	26	9	16	14	7	41	12	33	140	9	24	2	120	26	18	8	107	11	7	16	9
C1orf147	6	0	2	2	11	0	17	7	0	2	5	0	3	0	1	1	1	10	1	0	0	0	1	0	2	12	7	0	14	0
AC007364.1	0	1	0	0	4	0	0	0	0	1	1	0	1	0	1	1	1	0	2	3	0	0	8	0	2	1	0	1	0	5
C2orf48	18	2	5	1	5	2	3	8	3	2	9	7	7	0	1	5	12	60	5	6	1	5	6	0	6	16	9	9	4	2
LINC01116	9	16	4	26	18	14	10	8	8	194	67	2	136	12	1	26	233	25	0	8	1	22	26	8	13	211	10	8	18	1
SNHG16	878	198	865	978	873	628	360	359	633	3616	1565	620	1918	518	1407	712	514	1167	889	399	440	146	240	452	1013	1631	2172	386	343	681
IGF2BP2-AS1	0	2	9	1	45	0	3	18	3	2	1	6	4	1	2	3	35	4	1	2	0	8	0	7	20	1	0	2	8	0
SMAD5-AS1	8	7	20	1	13	1	2	10	7	31	3	16	7	12	2	6	7	5	14	20	15	30	3	3	14	7	0	7	12	3
C10orf25	264	91	133	102	186	220	48	48	139	77	173	188	386	138	121	175	170	175	173	113	130	77	68	48	184	322	509	109	112	313
ZNF667-AS1	32	21	14	36	337	35	433	323	18	67	9	219	779	46	58	260	10	39	45	11	86	14	49	544	66	2253	1232	120	19	171
MIR202HG	0	0	2	0	0	1	0	0	0	0	0	0	0	2	0	1	1	0	0	1	0	1	22	0	0	0	0	0	0	0
RP11-93B14.6	0	0	1	1	0	0	0	0	0	1	0	2	0	0	2	1	0	4	1	1	0	0	0	0	0	0	0	0	0	0
LINC00483	0	2	15	0	9	1	0	3	1	44	28	2	11	0	0	3	0	3	1	0	2	0	0	0	0	5	0	0	1	5
AC104389.28	2	0	7	0	0	6	58	2	22	0	8	5	0	0	1	0	2	1	1	0	0	0	0	0	0	308	0	9	4	0
LINC00905	0	0	0	0	1	0	0	0	0	0	0	0	0	0	0	0	0	0	0	0	0	0	0	0	0	0	0	0	2	0
RP11-25K19.1	35	105	213	12	30	5	2	12	8	3	14	17	7	2	6	18	3	63	7	334	5	3	13	1	3	139	9	2	6	7
LINC00917	0	0	0	0	0	0	0	0	0	0	11	0	0	0	0	0	0	0	0	0	0	0	27	0	0	0	0	0	0	0
RP11-262H14.4	1	4	6	3	9	15	2	6	25	18	10	9	14	8	5	13	7	19	12	34	11	27	2	3	3	42	5	2	4	16
LINC00266-3	0	0	0	0	0	0	0	0	1	0	0	0	0	0	0	0	0	0	0	0	0	0	0	0	0	0	0	0	0	0
AC093323.3	1631	269	404	747	789	458	289	720	261	472	346	670	771	426	877	412	1045	1108	286	761	193	940	560	220	621	1015	1023	527	688	463
TPT1-AS1	474	67	104	343	392	129	85	164	81	127	175	191	192	88	162	172	273	220	133	165	88	148	173	22	85	347	156	72	324	155
LINC00208	0	0	0	0	0	0	0	0	0	0	0	0	0	0	0	0	0	0	0	0	0	0	0	0	0	0	0	0	0	0
SHANK2-AS3	0	0	0	0	0	0	0	2	0	0	0	0	0	0	0	0	0	0	0	0	0	0	0	1	0	1	1	0	1	0
MIR31HG	0	0	0	0	7	0	3	0	0	4	0	0	0	0	0	0	0	1	0	0	1	0	0	0	0	0	0	0	0	0
SERHL	7	7	8	15	16	22	12	14	8	84	11	14	32	12	9	15	32	139	2	1	3	1	9	2	72	51	16	14	35	4
MIR4435-1HG	618	2095	621	254	714	641	767	910	623	1001	517	591	530	641	125	307	3163	1005	167	822	86	506	657	184	1210	1579	1066	698	1289	77
CMB9-22P13.1	10	43	46	10	17	20	699	25	241	22	8	7	13	26	8	28	24	30	9	21	5	386	15	8	48	168	21	20	45	12
CCDC13-AS1	27	37	1283	1	19	9	7	4	4	2	16	3	4	11	1	2	2	7	4	8	5	0	6	0	5	19	17	8	19	4
RP11-89N17.1	1	0	0	0	5	0	1	3	0	0	1	1	0	0	0	3	2	1	1	0	1	1	0	1	1	6	0	0	6	3
RP11-97O12.7	12	2	1	8	12	4	2	9	3	2	12	2	6	2	1	6	4	8	2	5	0	5	6	10	3	2	5	3	1	2
RP11-23P13.6	9	9	42	9	113	4	9	14	2	65	4	13	2	0	9	47	14	209	8	2	7	13	19	3	2	38	0	9	50	1
SNHG11	1172	237	233	571	553	443	131	567	319	387	903	312	2499	631	303	384	1793	920	245	301	175	822	384	638	339	4570	415	571	486	395
C20orf166-AS1	0	1	0	0	25	1	2	7	0	2	1	3	0	1	1	3	1	2	0	0	1	1	1	1	0	7	0	0	3	1
MIR1-1HG	0	0	0	0	0	0	0	0	0	0	0	0	0	0	0	0	0	0	0	0	0	0	0	0	0	0	0	0	0	0
GRIK1-AS1	1	2	0	1	2	3	3	1	0	2	1	1	3	0	0	3	8	2	0	0	0	3	5	0	0	6	3	2	4	1
LRRC75A-AS1	8798	2893	2136	11321	5906	6034	1618	6795	13265	14248	20606	4707	19367	2790	6867	4286	9573	3985	3681	7342	2489	1674	8810	3218	1549	7691	17083	3694	3562	8069
TMEM51-AS1	4	3	27	2	83	12	76	46	0	11	41	17	7	2	19	12	8	187	3	0	7	1	7	2	4	28	1	1	55	10
RP11-276H1.3	0	0	0	0	0	0	0	1	0	3	0	0	0	0	0	0	2	2	0	0	0	0	0	1	2	2	0	0	0	0
LINC00476	173	21	63	47	152	179	36	31	53	28	111	60	117	89	89	145	138	100	58	116	36	29	66	21	144	243	62	118	214	107
LINC00521	2	0	0	0	6	1	0	11	0	0	0	0	0	1	0	0	0	0	0	2	0	1	0	0	0	0	1	0	1	0
C15orf54	2	0	2	0	0	1	1	4	1	0	0	0	5	0	2	1	3	2	0	2	0	0	3	2	2	2	6	0	1	0
LINC01106	19	3	2	6	45	2	10	15	2	41	24	4	52	1	7	18	16	190	9	0	9	5	2	0	19	30	14	4	18	3
RP11-121M22.1	5	1	7	7	32	43	8	21	14	12	3	25	37	47	34	26	32	23	14	12	15	4	12	13	7	21	21	10	16	27
RP11-544L8__B.4	0	0	0	1	1	0	0	2	0	1	0	0	0	0	0	9	0	0	5	0	1	1	0	0	0	10	3	0	0	2
LINC00302	1	0	3	0	0	0	0	0	0	0	0	0	0	0	0	0	0	0	0	0	0	0	0	0	0	0	0	0	0	0
C10orf111	10	1	5	6	12	8	2	10	2	6	5	4	8	1	16	6	6	11	4	2	4	4	2	1	2	15	7	1	19	5
RP11-404O13.5	0	2	0	1	2	0	2	0	0	0	0	0	1	0	0	1	0	0	2	0	0	0	0	0	0	2	4	0	0	1
AC110781.3	2	0	0	1	2	2	1	1	0	0	1	0	0	0	0	2	0	0	1	0	0	2	34	0	0	1	1	0	6	6
RP5-856G1.2	6	0	5	0	0	5	0	0	0	60	2	1	6	0	4	0	1	2	0	0	0	0	0	0	0	0	2	0	12	0
CTD-2368P22.1	152	5	22	231	176	22	47	119	15	17	70	54	184	42	65	54	41	183	26	100	12	14	29	76	32	538	108	33	288	25
C20orf197	3	0	27	4	13	6	2	0	3	4	0	0	6	1	1	7	1	12	1	1	0	0	4	1	1	10	26	2	8	3
TTTY14	13	2	162	0	0	184	2	96	70	8	2	59	155	105	90	0	7	8	0	91	0	153	19	0	100	0	120	124	4	0
C15orf56	3	0	0	4	6	0	0	2	2	0	3	1	3	0	1	0	1	74	1	0	2	0	0	1	0	33	1	0	1	2
LINC00303	0	0	5	0	1	0	0	7	0	2	0	0	0	0	1	0	0	0	0	0	0	0	0	1	0	4	1	1	0	0
MIR7-3HG	0	0	0	0	0	0	0	0	0	0	341	1	2	1	1	0	1	1	0	0	0	3	0	0	1	1	3	0	11	1
RP11-334J6.7	0	0	0	0	0	0	0	0	0	0	0	0	0	0	0	0	0	0	0	0	0	0	0	0	0	0	0	0	0	0
TYMSOS	70	7	48	94	57	59	66	63	72	53	144	109	150	129	84	118	172	84	22	30	20	279	19	29	107	27	84	64	334	13
