TCGA.DD.AADB.01A	TCGA.DD.AACI.01A	TCGA.ED.A459.01A	TCGA.DD.A1EF.01A	TCGA.DD.A4NS.01A	TCGA.ZS.A9CG.01A	TCGA.DD.A4NQ.01A	TCGA.5C.A9VH.01A	TCGA.DD.AADR.01A	TCGA.BC.A112.01A	TCGA.DD.AACP.01A	TCGA.ES.A2HT.11A	TCGA.DD.A1EH.01A	TCGA.BC.A69I.01A	TCGA.XR.A8TE.01A	TCGA.FV.A23B.11A	TCGA.MI.A75C.01A	TCGA.2Y.A9H2.01A	TCGA.BC.A10R.11A	TCGA.DD.AADQ.01A	TCGA.DD.A113.11A	TCGA.DD.AACO.01A	TCGA.2Y.A9H3.01A	TCGA.DD.AADY.01A	TCGA.FV.A2QR.01A	TCGA.G3.A7M6.01A	TCGA.CC.5258.01A	TCGA.K7.A6G5.01A	TCGA.CC.A8HT.01A	TCGA.DD.A3A2.11A
ENSG00000000003.13	6857	1085	15769	3997	2893	13916	2645	4532	9184	3229	8203	4862	5196	9547	7744	6214	4117	8636	4361	5672	3638	2242	1881	2562	8886	6656	15098	8388	2984	4512
ENSG00000000005.5	0	0	0	1	1	37	0	2	19	0	1	0	3	1	0	3	3	0	22	6	0	0	6	0	0	0	0	2	0	7
ENSG00000000419.11	1506	480	1415	1270	1048	1295	709	870	1317	721	1313	1272	1862	788	1224	1075	768	1104	1034	744	660	238	536	675	1460	1913	1436	960	1336	1115
ENSG00000000457.12	704	330	568	722	936	686	666	906	253	752	460	720	2019	604	702	681	1014	1072	770	393	506	234	169	1099	971	1621	1176	624	565	538
ENSG00000000460.15	458	49	389	244	392	802	334	228	129	330	802	107	539	440	333	249	194	247	55	129	175	25	54	302	451	568	761	176	550	60
ENSG00000000938.11	587	80	184	153	699	186	327	112	155	183	83	445	163	159	144	497	214	415	659	81	128	55	129	41	214	355	290	194	538	209
ENSG00000000971.14	34484	72995	58034	26196	56745	49155	74416	59931	33095	48614	11757	83122	49743	57809	67095	95494	70297	13740	83137	81672	58585	21997	35923	169549	79255	31184	194544	92562	15926	78216
ENSG00000001036.12	9058	1668	3570	3480	2702	3354	9182	4277	2632	4367	4650	4669	3211	1057	4600	3527	3780	1980	2834	2195	1790	2900	2861	2433	1209	5994	8089	3742	7318	2521
ENSG00000001084.9	3328	1246	3435	1796	8632	3531	4241	2018	6643	4411	3478	4544	6000	3464	23069	6175	1530	3958	9576	5216	5337	2206	858	3451	3888	2607	8451	2558	3799	5913
ENSG00000001167.13	2942	232	690	2862	1654	848	990	1254	624	1731	1779	938	6926	543	1739	836	813	1414	543	1144	411	262	275	487	622	2887	3368	483	1593	367
ENSG00000001460.16	132	73	112	47	325	103	165	142	106	142	128	256	624	94	41	170	230	235	55	53	76	149	32	110	179	602	123	176	211	94
ENSG00000001461.15	504	166	236	297	635	332	400	307	257	1004	283	449	812	255	290	551	457	851	210	201	150	109	163	287	701	1418	703	384	410	272
ENSG00000001497.15	2047	1086	5129	919	1766	2758	1216	1660	2082	3174	3220	1484	2387	1680	1267	1537	2091	3133	1130	1528	732	1172	1006	1334	1496	3761	2566	1438	2701	1235
ENSG00000001561.6	740	253	1009	141	1282	141	581	703	447	1423	159	907	4620	405	56	539	343	1564	923	1142	561	180	129	2035	2009	950	815	566	819	426
ENSG00000001617.10	1317	339	831	936	1630	816	365	1425	294	1147	3167	361	1683	1393	915	537	730	605	333	544	248	510	557	571	1552	1295	1673	901	790	290
ENSG00000001626.13	1	9	192	1	3784	7	5	18	1	592	137	449	20	0	15	682	1	54915	112	2	501	0	0	1	69	3935	17	146	91	111
ENSG00000001629.8	1512	141	2970	724	1687	676	1246	1192	660	1802	976	1102	2340	399	1605	1165	324	1710	767	572	527	168	581	747	1717	2459	1805	426	1661	586
ENSG00000001630.14	682	56	313	433	552	371	306	315	82	330	404	248	955	196	1421	460	65	215	570	67	398	316	206	787	1981	174	2912	151	241	245
ENSG00000001631.13	973	115	1182	500	1391	588	656	899	328	1087	704	685	1840	366	1444	943	395	1274	538	441	411	91	412	739	1333	1743	1426	330	867	708
ENSG00000002016.15	373	61	215	265	397	196	345	358	105	326	228	165	468	138	221	204	407	558	95	114	82	175	127	163	136	932	206	151	294	163
ENSG00000002330.12	1268	846	1640	446	1637	1082	1060	1574	676	1303	688	1416	1917	1433	706	1331	1215	2166	912	1100	824	1209	1216	1197	2281	2242	572	2166	2416	1487
ENSG00000002549.11	8843	1275	5904	1919	5482	11393	3790	3629	3913	3553	4199	27625	6305	5380	3984	9903	5300	6214	11376	8226	4463	1313	2476	3564	3925	4167	6234	13433	1963	6856
ENSG00000002586.16	6158	3271	26154	2764	6817	8835	3695	7409	12379	5104	12293	7265	14455	12887	12305	6566	7362	2384	7129	9206	4654	6810	3644	4658	10942	2792	7165	7092	5742	6499
ENSG00000002587.8	29	13	76	15	863	44	12	126	35	107	221	116	62	58	44	121	1	817	41	24	107	10	82	41	104	751	52	52	32	28
ENSG00000002726.18	7	3	12	16	136	11	58	110	3	7	2997	136	11	19	27	10	78	271	591	6	1058	0	7	6	3	27	10	47	28	6
ENSG00000002745.11	4	3	6	3	5	2	3	1	0	14	3	2	3	0	66	3	6	3	68	1	4	5	0	0	4	0	6	2	11	2
ENSG00000002746.13	10	0	4	3	103	43	69	3	7	7	11	15	51	12	17	47	6	9	17	0	19	0	3	3	16	5	48	7	32	2
ENSG00000002822.14	1000	574	1187	1006	1315	655	983	1288	564	1221	1815	862	1214	1882	748	808	1172	1443	1117	661	492	323	10402	570	487	1585	602	1191	2203	1048
ENSG00000002834.16	10992	5407	13094	16899	10447	6430	17250	15992	10374	31021	9766	9844	17864	4117	10636	8012	11505	16944	9633	8784	6042	3679	9113	5805	12712	21981	17331	10005	14928	4347
ENSG00000002919.13	1122	578	540	557	838	733	629	704	718	1362	683	994	1549	782	561	818	790	1155	612	503	336	414	637	550	1129	1592	940	957	1265	633
ENSG00000002933.6	40798	31878	108672	26042	30442	22182	24484	35111	29417	490	37512	35030	38444	55011	22781	48575	42816	4932	33477	59955	43027	29784	11637	8390	31598	7329	49751	67214	23485	46472
ENSG00000003056.6	2915	106	2349	1106	1969	1053	1403	1075	983	3686	1567	2194	2748	761	1595	2167	849	2477	1382	578	775	108	278	1326	1597	2857	3926	912	1395	1253
ENSG00000003096.12	199	1325	731	35	381	266	13	67	478	363	361	78	143	238	471	249	15	22	141	57	214	82	133	168	229	87	2973	15	207	217
ENSG00000003137.7	1598	3	6	57	128	85	75	2	92	93	188	30	351	92	22	96	34	52	37	7	8	17	10	40	11	1650	2209	3	284	91
ENSG00000003147.16	758	471	923	91	479	1312	313	1079	89	93	109	782	270	972	429	562	526	1322	114	1103	104	706	499	83	792	2365	1172	138	497	247
ENSG00000003249.12	735	439	586	211	2374	580	964	4277	1184	1000	475	1930	948	3109	237	846	2202	2359	168	759	154	684	64	435	4271	1791	477	4586	1205	185
ENSG00000003393.13	2659	586	848	803	1529	1064	1308	1336	1027	1909	746	1349	3018	585	2205	1984	696	1271	1339	521	1149	541	529	1598	1868	1910	4256	743	1799	1650
ENSG00000003400.13	1277	381	374	461	1043	244	1406	670	446	741	553	827	736	385	1962	758	583	819	512	257	423	404	482	466	625	1316	2199	360	834	417
ENSG00000003402.18	4272	2139	2509	2780	5882	3566	2174	3790	1858	4794	2081	4197	7623	2645	5748	4683	3199	12289	4826	2212	2872	1614	1717	3009	3301	6588	3939	2842	4053	2893
ENSG00000003436.13	7156	11219	8584	252	19747	8810	8778	5825	15628	6163	4057	11277	6377	6951	48555	11472	11001	1768	12092	12085	9608	2590	170	18806	8982	4678	40924	15574	5646	14698
ENSG00000003509.14	647	334	579	270	590	554	441	448	1184	547	498	401	546	590	538	547	424	521	456	671	332	251	285	301	386	965	982	598	770	430
ENSG00000003756.15	3378	660	1803	1319	3848	1358	1622	2875	907	2420	2381	1736	3633	1561	2796	2363	1831	2451	1031	1473	853	851	1104	642	1713	8437	3840	1095	2463	1663
ENSG00000003987.12	2625	111	177	157	82	16	3687	60	79	9	122	55	136	17	38	55	49	57	69	40	51	21	13	73	58	55	240	40	794	71
ENSG00000003989.15	5824	6619	5967	1560	8397	992	20546	3899	7634	996	2375	7547	14305	4305	5240	12497	3832	3476	41949	4918	14722	6895	2807	14717	4199	2267	26300	1967	2569	35161
ENSG00000004059.9	4213	2350	8147	1876	4964	3572	3276	6955	2845	4687	6076	4829	7182	4052	3740	3367	3547	5904	3386	3356	2604	1816	3563	1925	4138	6324	3342	5184	4943	3338
ENSG00000004139.12	116	16	378	72	305	90	95	112	72	247	188	89	175	53	36	153	75	801	90	174	52	19	17	137	171	550	178	79	150	51
ENSG00000004142.10	6886	4944	11683	5659	8717	10466	6446	8448	9886	12205	7032	11436	11592	9506	6692	9145	9929	10728	9668	7654	8012	6867	6111	5461	8166	12743	11264	11199	9364	9348
ENSG00000004399.11	5773	2106	2859	2580	7991	1717	1488	7020	1020	4335	3625	1965	6719	2686	2437	3382	2335	3458	1866	877	776	1138	4814	2437	5750	11393	10965	2427	2815	1664
ENSG00000004455.15	3827	2978	8180	2804	4742	5298	4461	2699	2676	3518	2955	7775	2766	4904	3139	5657	7450	4303	4306	6221	4022	1790	2796	1808	7482	5519	4859	6492	6351	4479
ENSG00000004468.11	504	212	404	109	249	38	50	15	37	38	24	394	62	137	51	306	28	77	349	46	85	61	267	29	189	105	5538	243	93	178
ENSG00000004478.7	14977	5715	11798	3824	4369	8056	8655	8381	3987	6761	6912	3988	6849	4219	5039	4547	12349	10027	4213	4575	3768	2988	5091	2553	7883	10659	16712	4729	6996	4932
ENSG00000004487.14	2300	820	1614	2146	2125	1438	1977	1218	839	2095	3078	1595	2324	1450	2064	1467	1850	1493	1158	1360	828	735	929	598	1502	3865	3793	1128	2814	1378
ENSG00000004534.13	2654	880	1725	750	3090	1310	1475	2166	959	2108	3056	1481	3120	1084	2247	1891	1748	2307	1181	1382	1015	1325	1487	537	1134	6980	2987	1009	2520	1355
ENSG00000004660.13	32	46	26	64	233	54	60	94	28	97	70	78	65	77	62	108	18	149	99	13	18	56	100	47	47	131	41	58	73	47
ENSG00000004700.14	674	54	1146	255	801	485	447	362	442	1180	448	445	847	197	488	492	171	588	354	132	166	26	36	744	672	507	1376	280	476	209
ENSG00000004766.14	704	223	964	453	841	430	675	753	498	647	577	691	1688	263	803	623	515	1002	263	372	304	141	438	686	1554	1050	958	566	715	415
ENSG00000004776.10	398	89	618	102	5124	209	685	375	36	367	273	702	462	542	1787	800	15	156	260	60	563	102	72	55	4624	572	762	871	2452	491
ENSG00000004777.17	203	49	159	133	429	127	284	263	86	187	323	146	267	72	183	185	391	531	47	90	74	240	85	158	207	933	151	117	878	78
ENSG00000004779.8	1961	3066	5818	1013	1794	2623	1855	1760	2428	2810	2142	2813	1324	2298	2508	2137	3267	2579	2302	2222	1675	3801	2755	825	2605	2301	1852	3358	1781	2370
ENSG00000004799.7	752	1378	2695	408	9285	29180	2479	2799	14272	1646	448	4353	3391	6517	17060	5180	472	990	21454	267	5338	834	1174	3981	2851	6686	591	3929	1434	18525
ENSG00000004809.12	12	0	1	1	2	4	0	2	1	1	1	0	1	0	3	2	2	0	0	1	0	2	2	0	0	4	27	0	0	1
ENSG00000004838.12	43	2	56	1	47	11	10	18	22	23	56	11	36	7	11	22	39	195	14	44	7	51	46	17	38	55	6	13	71	17
ENSG00000004846.15	0	0	17	14	13	151	0	0	0	104	4	0	2	0	1	0	0	2	1	10	0	0	0	0	0	691	0	1	84	0
ENSG00000004848.6	0	0	1	2	2	1	10	0	0	0	2	2	0	0	2	0	0	0	0	0	0	1	37	0	0	0	0	0	0	0
ENSG00000004864.12	6234	1437	7966	2790	7907	7012	3925	6189	3537	3455	5697	7297	7327	5628	10941	7209	2207	1635	8213	2791	6147	2367	8578	3772	5081	2864	10326	4244	3851	5545
ENSG00000004866.17	1522	589	3014	677	1715	1126	1573	1436	1015	1159	1581	1762	2506	1359	2308	1837	1049	982	1748	1284	1415	1156	1535	1566	704	1287	1763	1576	1430	2064
ENSG00000004897.10	2632	853	1877	1284	2352	1132	2359	1532	902	3958	1447	2036	4229	794	1618	1675	1112	2244	2343	1096	1219	813	614	1543	2089	4280	3549	1254	3104	962
ENSG00000004939.12	1	2	2	1	1	14	0	1	0	0	1	2	1	11	8	15	5	1	3	3	8	0	2	0	4	4	3	0	1	13
ENSG00000004948.12	1	4	2	0	4	0	5	1	3	4	7	0	3	0	0	1	1	2	3	0	2	0	0	0	2	17	258	0	12	0
ENSG00000004961.13	1104	635	2489	475	946	563	1189	534	802	1082	1147	1174	772	684	932	806	557	545	833	677	433	288	634	526	987	1134	1318	872	1174	794
ENSG00000004975.10	1036	601	880	2308	1523	754	595	991	302	1139	2062	396	1368	657	1426	623	1413	1152	297	631	266	474	408	325	470	1823	1638	570	1312	442
ENSG00000005001.8	1	0	15	0	465	0	7	126	0	115	0	76	13	4	2	53	38	2593	51	0	31	0	2	0	0	68	7	8	16	28
ENSG00000005007.11	11973	978	4174	8104	5634	3514	1776	4529	1995	7300	3494	3383	8073	3829	5743	3572	4559	6240	3188	2691	2288	413	3601	4236	4081	9499	5806	3209	4319	2676
ENSG00000005020.11	920	149	632	674	1309	519	1966	933	515	2150	501	909	696	659	1957	814	833	1386	700	533	352	58	202	1627	1152	1294	1062	887	1056	418
ENSG00000005022.5	13992	8113	42196	8683	8368	16763	12435	7874	13681	19870	21337	14187	9006	14691	8566	12982	7411	16451	10552	11127	7133	5925	14469	5477	19355	8908	63101	33101	9556	11445
ENSG00000005059.14	195	199	669	85	254	28	245	151	208	160	77	221	75	39	54	285	55	195	131	38	48	148	97	19	195	298	120	131	98	59
ENSG00000005073.5	7	1	0	2	54	2	190	1	0	1	18	0	2	9	5	0	2	1	0	0	0	1	5	1	201	3	0	0	36	0
ENSG00000005075.14	1946	1782	3405	888	1623	1736	1339	1542	1166	1625	2720	1247	2022	1685	1673	1368	3000	1649	898	1694	864	1271	2603	749	2370	2510	1390	1932	2836	1946
ENSG00000005100.11	1043	307	576	660	1062	631	451	831	490	763	1338	733	1396	513	845	712	632	804	637	711	421	870	216	397	698	741	1270	517	635	493
ENSG00000005102.11	14	2	10	30	551	4	2	102	12	66	2	26	15	7	40	43	1	37	1	0	3	7	18	26	35	29	10	18	4	10
ENSG00000005108.14	408	26	119	110	464	68	638	379	161	1680	29	51	471	94	101	290	17	33	109	24	98	37	228	122	286	1058	784	47	201	79
ENSG00000005156.10	618	488	1290	1075	1001	754	584	972	613	2757	1188	584	1979	448	983	561	779	1302	495	527	391	226	419	1191	1079	2555	988	617	776	398
ENSG00000005175.8	1409	416	1276	598	811	548	1219	797	839	1639	865	835	1316	452	996	688	659	835	767	693	466	372	449	705	811	1126	1222	581	1321	528
ENSG00000005187.10	1093	33	2020	479	2715	4426	316	167	1435	1038	357	1320	135	1151	1607	5507	1668	641	4707	702	4392	138	127	134	128	1939	2247	845	272	6003
ENSG00000005189.18	249	143	468	136	166	111	370	184	134	89	312	121	226	71	156	85	163	141	93	29	36	286	93	73	96	211	269	135	207	77
ENSG00000005194.13	1706	621	1007	1377	1093	1093	1630	1386	1059	1820	1630	1669	1352	1322	1674	1082	1292	2425	1274	1502	603	516	1334	781	1537	3271	1266	1688	1123	850
ENSG00000005206.15	1526	387	1152	1688	2595	1282	902	2210	616	1360	1376	1237	2119	1571	1670	973	976	3125	769	1358	814	558	1743	712	965	3670	616	1472	2395	788
ENSG00000005238.18	628	367	389	146	974	538	1037	664	276	661	303	517	780	430	452	614	512	370	367	354	225	438	404	152	619	1243	312	400	1009	334
ENSG00000005243.8	370	987	1642	51	958	1170	513	670	784	172	210	810	621	1131	576	1061	501	249	917	230	910	370	304	716	1370	968	442	1658	404	1078
ENSG00000005249.11	58	22	55	35	340	21	27	15	16	95	4	163	40	23	51	280	9	183	198	2	103	10	33	9	22	95	217	18	26	249
ENSG00000005302.16	1010	203	1019	407	1022	422	566	567	481	988	674	698	769	460	531	768	430	692	462	287	267	236	246	197	839	1377	992	549	643	455
ENSG00000005339.11	3056	830	4025	2557	5484	2605	1251	2614	971	6578	1748	2003	4844	1671	4499	2964	1769	3871	2530	1377	1828	1264	872	1619	2469	8209	3180	1321	1656	2706
ENSG00000005379.14	234	36	143	144	1108	298	72	347	70	16	360	141	160	209	56	263	78	3123	189	76	76	168	105	59	195	2442	242	214	182	213
ENSG00000005381.7	21	0	4	2	29	3	8	1	0	0	8	6	2	0	2	16	0	4	19	1	11	2	5	0	1	12	2	5	1	1
ENSG00000005421.7	1085	11188	17838	281	15591	19323	11955	16453	18154	3131	2889	38071	117	23907	451	29044	7542	2315	32583	15220	17720	5662	3700	5238	40756	1986	4165	25269	2854	41718
ENSG00000005436.12	901	364	377	1684	1140	1457	871	764	1039	1348	1029	945	1857	719	1099	939	933	927	968	684	504	636	528	494	314	1205	2060	520	759	705
ENSG00000005448.15	278	89	216	177	312	92	333	108	84	184	565	133	371	79	125	171	75	641	84	161	41	83	133	34	93	890	180	187	489	106
ENSG00000005469.10	1298	354	4340	3382	1047	221	1367	2821	1837	2158	1367	1199	2108	347	1827	1194	412	1340	1578	1464	1108	549	1884	544	1527	1341	3315	827	1904	1391
ENSG00000005471.14	1983	3660	25257	1442	6669	12065	1784	1319	3390	469	1629	22464	478	6253	7668	15092	2574	1122	12305	3554	9638	3839	134	9358	23079	1830	2353	17865	1517	5064
ENSG00000005483.18	2042	284	1877	2204	2967	1087	926	1802	407	2714	1182	1219	6333	657	3784	1698	574	3182	1082	753	848	275	424	1935	1354	3577	3251	659	1764	1021
