TCGA.78.7145.01A	TCGA.78.7154.01A	TCGA.91.6847.01A	TCGA.38.4631.01A	TCGA.86.8280.01A	TCGA.49.4488.01A	TCGA.44.6147.11A	TCGA.55.7724.01A	TCGA.J2.8194.01A	TCGA.44.A4SS.01A	TCGA.44.3919.01A	TCGA.55.A494.01A	TCGA.75.5126.01A	TCGA.49.AARR.01A	TCGA.97.A4LX.01A	TCGA.95.7947.01A	TCGA.50.5946.01A	TCGA.44.6148.11A	TCGA.67.3772.01A	TCGA.44.6144.11A	TCGA.86.7954.01A	TCGA.NJ.A4YI.01A	TCGA.49.4514.01A	TCGA.55.8092.01A	TCGA.MN.A4N4.01A	TCGA.62.A472.01A	TCGA.55.6712.01A	TCGA.93.7348.01A	TCGA.44.2668.01A	TCGA.38.4625.01A
ENSG00000082929.7	0	175	62	1	15	0	0	4	5	4	0	4	0	12	11	0	23	2	123	0	45	8	0	8	11	1	0	2	62	1
ENSG00000083622.8	0	0	0	0	3	0	3	1	0	0	1	4	1	2	14	0	0	0	3	0	2186	0	0	0	0	1	0	1	0	0
ENSG00000093100.13	1	0	133	0	3	1	7	7	1	11	3	9	0	21	13	9	7	9	0	0	11	2	1	13	40	2	0	3	7	6
ENSG00000099869.7	4	4	34	2	1	0	4	0	0	0	2	13	0	2	17	0	394	1	5	0	0	25	0	1	15	0	0	7	3	2
ENSG00000100181.20	680	944	6	977	165	556	676	111	2344	487	106	1228	126	620	52	31	32	241	90	101	1817	65	52	31	1034	5	520	1204	98	783
ENSG00000115934.11	0	0	1	0	0	0	0	0	0	0	0	0	0	0	1	0	0	1	1	0	16	0	0	0	0	0	0	0	1	33
ENSG00000116652.6	10	5	78	5	39	1	9	15	23	23	48	17	3	67	38	12	82	34	2	16	19	9	17	63	23	19	7	5	11	14
ENSG00000116883.8	60	57	430	215	163	25	98	21	57	159	547	324	72	121	199	226	224	172	47	113	157	95	20	227	195	88	112	143	204	145
ENSG00000117242.7	250	554	344	81	320	44	327	207	305	384	402	169	246	209	263	473	596	376	212	212	612	124	336	252	585	85	424	295	359	295
ENSG00000120055.7	95	40	40	33	173	65	57	22	183	44	164	79	131	990	85	96	68	731	91	72	87	68	258	131	378	124	49	60	241	143
ENSG00000120664.9	0	2	10	3	8	1	9	1	3	9	7	3	6	28	3	4	2	12	3	3	11	2	2	10	16	2	1	7	5	5
ENSG00000122043.9	1	2	0	1	4	0	0	0	3	2	4	0	0	6	10	2	1	1	0	1	3	0	1	1	2	2	2	0	7	3
ENSG00000122548.5	7	0	20	1	1	0	2	2	7	4	1	0	0	8	8	0	0	23	0	1	2	0	0	3	5	1	3	2	0	3
ENSG00000124835.2	0	0	1	0	0	0	0	0	4	1	0	0	0	0	1	1	6	2	0	0	0	0	0	2	0	1	0	0	0	0
ENSG00000124915.9	0	26	0	3	1	1	2	0	0	11	2	16	1	2	0	6	1	2	0	0	8	5	2	41	3	1	2	2	2	2
ENSG00000125514.8	0	0	0	0	0	0	0	0	0	0	0	0	1	0	4	0	0	0	0	0	0	0	0	2	2	1	0	1	0	0
ENSG00000125804.12	0	0	3	1	2	1	6	4	9	6	78	1	4	18	2	2	120	75	5	5	11	20	2	0	23	0	7	7	0	0
ENSG00000125899.7	0	0	0	0	0	0	0	0	0	0	0	0	0	0	0	0	0	0	0	0	0	0	0	0	0	0	0	0	0	0
ENSG00000126005.14	1262	2013	330	547	4868	296	1596	415	2371	1683	2301	3229	1640	2606	1297	3230	3180	2079	3554	1717	4642	1977	2072	3628	3610	547	1411	2150	2839	894
ENSG00000128254.12	1	3	19	6	4	3	13	3	6	0	8	4	1	7	4	2	4	5	4	2	3	0	2	4	2	0	3	1	19	15
ENSG00000129816.5	0	0	0	0	0	0	0	0	0	0	0	0	0	0	0	0	0	0	0	0	0	0	0	0	0	0	0	0	0	0
ENSG00000129845.5	0	0	0	0	0	0	0	0	0	0	0	0	0	0	0	0	0	0	0	0	0	0	0	0	0	0	0	0	0	0
ENSG00000130600.14	205	152	154298	265	384	122	358	111	156	153	1209	1168	201	478	172	77	11321	339	108	67	399	251	144	1353	53274	49	1188	378	109	78
ENSG00000131007.8	0	0	0	0	0	0	0	0	0	0	0	0	0	0	0	0	0	0	0	0	0	0	0	0	1	0	0	0	0	0
ENSG00000131484.4	0	2	1	0	0	1	1	0	1	1	0	2	1	0	0	0	2	0	3	0	1	2	0	8	2	1	0	1	0	2
ENSG00000131538.7	0	0	0	0	0	0	0	0	0	0	0	0	0	0	0	0	0	0	0	0	0	0	0	0	0	0	0	0	0	0
ENSG00000131548.7	0	0	0	0	0	0	0	0	0	0	0	0	0	0	0	0	0	0	0	0	0	0	0	0	0	0	0	0	0	0
ENSG00000132204.12	0	1	0	34	2	0	1	74	3	71	3	8	0	26	2	1	521	35	1	2	7	0	3	459	353	0	0	0	4	136
ENSG00000132832.8	0	2	3	30	25	5	2	4	1	15	28	0	4	8	30	6	5	19	8	6	53	11	0	110	22	4	7	10	32	36
ENSG00000136275.9	1	0	0	1	0	0	0	0	0	0	0	0	0	0	3	1	0	0	1	3	0	0	2	18	1	0	0	0	2	300
ENSG00000136315.4	6	0	2	0	1	1	7	1	9	1	3	0	4	3	0	4	0	0	2	1	3	2	1	3	5	0	1	2	2	7
ENSG00000137808.12	0	0	0	0	0	0	0	0	0	0	0	0	0	0	0	0	0	0	0	0	0	0	0	0	0	0	0	0	0	0
ENSG00000142396.9	262	336	1071	461	867	196	708	265	617	767	1160	774	195	678	824	856	895	616	400	372	819	544	152	1915	593	354	254	465	504	599
ENSG00000145063.13	15	14	1	11	7	9	2	2	12	2	1	54	9	3	11	1	5	3	6	1	8	2	0	11	4	7	5	5	4	1
ENSG00000146521.8	103	15	71	3	83	4	32	18	40	77	29	154	26	49	14	69	27	60	18	8	73	25	15	13	11	18	13	18	55	23
ENSG00000146666.5	7	36	2	8	16	9	2	24	2	49	19	3	6	2	14	15	14	5	33	2	19	0	8	209	36	9	33	8	14	115
ENSG00000147753.8	0	0	0	0	0	0	0	0	0	0	0	0	0	0	0	0	0	0	0	0	0	0	0	0	0	0	0	0	0	0
ENSG00000147761.7	0	0	0	0	0	0	0	0	0	0	0	0	0	0	0	0	0	0	0	0	0	0	0	0	0	0	0	0	0	0
ENSG00000149443.6	0	0	0	0	0	0	0	0	0	0	0	0	0	0	0	2	0	0	1	0	0	0	0	0	0	0	0	0	1	0
ENSG00000149656.7	0	0	2	2	1	0	1	1	0	2	1	78	1	0	0	0	0	2	4	1	1	0	0	1	0	0	0	1	0	6
ENSG00000151303.11	0	2	1	0	4	1	13	2	1	0	2	6	2	9	7	5	10	23	0	19	3	0	3	4	9	0	6	0	2	2
ENSG00000152931.7	1	141	453	2	8	0	5	7	27	30	5	1	3	141	0	138	16	152	8	1	5	0	41	1	2	0	1	2	4	2
ENSG00000153363.11	648	537	322	308	949	498	188	171	613	457	635	430	176	448	1067	761	1184	438	1115	229	1187	567	681	1582	307	416	384	592	1144	2699
ENSG00000157306.13	12	28	167	12	83	6	38	19	55	60	53	113	8	91	82	86	316	53	10	32	89	63	7	76	83	66	6	54	55	45
ENSG00000162888.4	0	0	13	6	35	7	3	8	11	24	22	39	7	19	38	31	35	6	1	7	33	25	1	58	11	27	3	10	34	19
ENSG00000162947.4	0	1	0	0	0	0	1	1	0	0	0	1	0	2	0	3	0	0	0	1	0	0	1	1	0	0	0	0	0	0
ENSG00000163009.7	3	9	15	43	4	3	23	10	10	13	15	12	8	10	41	219	350	4	5	6	131	9	23	27	42	19	4	2	79	49
ENSG00000163364.8	17	160	9	351	96	15	9	43	10	568	94	25	141	26	30	3	34	19	65	3	125	96	31	112	63	145	240	56	577	237
ENSG00000163597.13	2138	1148	2516	509	961	1057	1335	865	2990	826	1562	1292	1129	703	951	1103	5313	1009	1336	1009	935	785	620	812	1133	926	417	856	3224	3510
ENSG00000163915.6	0	3	8	3	2	1	4	4	0	1	1	8	2	1	0	0	83	2	0	1	0	0	3	3	0	0	1	1	8	2
ENSG00000164621.5	5	12	4	1	6	1	0	6	0	2	3	2	0	1	1	0	5	3	4	0	19	4	0	5	4	6	0	1	3	3
ENSG00000165511.6	72	88	359	71	108	64	153	91	105	101	128	48	105	112	117	129	147	317	97	264	170	30	97	205	92	61	125	68	173	81
ENSG00000166770.9	308	59	33	67	1079	358	399	274	169	178	155	117	82	378	372	80	1052	527	194	281	570	537	427	127	1364	27	50	160	897	162
ENSG00000166917.8	0	0	1	0	7	0	3	0	0	1	0	0	0	0	0	0	75	0	2	1	0	0	0	1	0	0	3	4	1	1
ENSG00000167046.4	1	4	6	3	4	1	3	11	0	3	15	11	9	7	18	231	7	12	2	4	9	0	0	65	10	4	22	1	15	4
ENSG00000167117.7	2	5	0	82	1	0	2	0	1	6	2	7	0	0	1	1	3	0	1	1	4	3	0	3	0	3	0	0	0	9
ENSG00000167355.6	0	1	0	7	1	0	5	0	0	2	1	0	0	8	5	18	267	7	3	0	4	1	1	53	2	0	0	2	0	405
ENSG00000167459.15	0	0	0	0	0	0	0	0	0	0	0	0	0	0	0	0	0	0	0	0	0	0	0	0	0	0	0	0	0	0
ENSG00000167912.5	12	13	620	11	199	320	105	41	284	17	291	24	38	87	133	201	142	118	136	64	145	36	65	94	82	22	44	113	71	73
ENSG00000168367.8	0	0	0	1	0	0	0	1	0	0	0	3	0	0	4	0	0	0	0	0	1	0	0	0	0	0	0	0	1	0
ENSG00000170161.6	8	41	25	29	25	0	18	20	41	7	54	13	21	51	22	18	24	40	22	20	22	28	11	40	7	16	2	23	30	35
ENSG00000170590.7	0	0	0	0	0	0	0	0	0	0	1	0	0	1	0	1	0	0	0	0	1	0	0	0	0	0	0	0	0	0
ENSG00000170846.14	971	871	1342	645	1300	919	383	390	949	371	1499	440	378	506	690	1211	1461	905	822	488	975	558	527	1761	1667	536	723	946	1226	858
ENSG00000170919.14	115	118	607	248	315	75	336	151	251	374	401	220	98	737	408	509	238	476	176	273	561	191	164	766	642	215	221	299	338	421
ENSG00000170983.3	0	0	0	0	0	0	0	0	0	0	0	0	0	0	0	0	0	0	0	0	0	0	0	0	0	0	0	0	0	0
ENSG00000171671.6	0	0	0	0	1	0	0	0	4	0	2	4	2	2	0	0	5	0	0	1	0	0	0	3	0	0	0	1	0	1
ENSG00000171889.3	0	101	143	21	1	0	0	18	1	23	0	0	235	16	0	75	6	3	4	1	18	0	1	57	13	0	19	1	169	33
ENSG00000172250.13	11	22	38	20	66	3	27	16	53	17	39	63	10	36	44	101	35	52	12	24	27	15	3	57	42	7	28	27	23	56
ENSG00000172965.13	523	1562	1934	1003	767	561	1249	444	690	805	1151	580	899	375	914	796	1067	372	2218	433	1252	437	1182	1068	1769	493	407	742	3976	3096
ENSG00000173727.10	69	299	197	80	141	36	26	382	446	63	232	370	63	34	119	258	187	62	138	17	139	56	641	586	392	16	216	220	469	499
ENSG00000173811.9	4	3	8	7	14	1	12	2	8	11	29	5	6	48	16	6	24	22	3	12	13	11	3	2	8	11	2	17	3	14
ENSG00000173862.3	0	1	4	1	1	0	1	2	4	2	5	3	1	10	7	3	17	12	0	6	5	4	0	5	6	3	1	4	0	0
ENSG00000173867.8	2	18	1	3	13	2	6	0	13	3	2	10	0	8	7	24	45	17	0	5	6	6	2	46	3	2	2	6	7	11
ENSG00000174171.5	1	1	7	3	66	1	4	5	10	50	41	32	4	150	164	21	64	12	11	14	62	24	1	105	10	25	4	86	27	15
ENSG00000174365.18	153	454	1120	595	686	239	179	90	391	293	409	373	207	383	444	877	855	348	563	300	757	277	299	948	512	188	223	544	267	613
ENSG00000174403.14	1	1	14	0	7	1	5	0	2	12	6	0	7	56	10	0	1	51	4	5	1	0	0	1	3	1	0	1	4	5
ENSG00000174407.10	0	0	0	0	1	0	0	0	0	0	1	0	0	5	0	0	0	2	0	1	0	0	0	0	0	0	0	0	0	0
ENSG00000174680.8	1	0	25	1	0	1	0	0	3	1	2	1	0	5	6	3	0	0	3	3	3	0	0	4	8	1	0	2	4	0
ENSG00000175061.16	7309	19993	16263	12359	9393	10940	6313	4167	29089	16144	8406	7672	7687	5221	7149	5796	22919	7702	24931	7887	12203	4791	6813	6767	5630	4608	4703	5060	13865	26494
ENSG00000175147.10	89	36	479	31	180	14	31	46	131	257	249	248	106	114	155	393	49	77	75	44	308	160	54	426	131	132	274	143	288	65
ENSG00000175604.2	1	0	7	0	4	2	1	4	8	0	1	10	2	2	2	8	4	4	2	1	5	2	0	12	0	1	1	10	2	0
ENSG00000175611.10	45	67	115	94	175	39	82	53	122	56	180	48	34	192	89	227	98	170	140	132	159	78	51	245	112	53	66	114	121	94
ENSG00000175699.11	0	0	1	0	1	0	0	0	1	0	1	0	0	2	2	0	0	1	3	0	5	1	0	1	0	0	0	0	2	0
ENSG00000175746.6	3	0	1	1	13	24	4	0	9	2	2	5	11	5	3	0	15	12	21	0	8	7	1	6	4	1	5	32	16	2
ENSG00000175772.10	48	83	290	25	103	19	44	16	203	88	195	267	103	30	37	87	269	50	21	15	103	116	63	172	83	44	48	27	33	70
ENSG00000175773.11	14	5	17	18	42	15	14	10	33	15	21	60	10	59	44	25	43	34	39	8	44	31	7	73	11	25	21	26	43	11
ENSG00000175967.3	0	0	70	1	4	0	6	8	2	0	1	2	1	14	3	7	1	34	1	14	5	0	0	2	0	1	0	0	1	2
ENSG00000176075.7	0	0	0	0	0	0	0	11	0	0	0	0	0	0	0	0	0	0	0	0	0	0	0	0	0	0	0	0	0	0
ENSG00000176236.6	2	8	29	8	27	7	11	4	16	13	12	18	4	143	17	21	17	30	31	7	47	3	13	67	17	9	2	10	20	30
ENSG00000176320.2	4	2	5	0	7	1	3	0	13	1	17	2	2	1	2	6	0	2	0	1	7	1	0	0	0	0	2	4	0	0
ENSG00000176349.10	0	0	1	0	6	0	1	4	9	0	1	4	0	1	1	1	13	3	0	1	4	8	0	13	0	0	1	0	1	1
ENSG00000176515.1	0	2	0	0	3	0	1	0	14	2	3	0	0	0	0	0	2	0	3	2	0	0	0	5	0	2	0	0	2	0
ENSG00000176593.6	72	56	816	29	339	111	138	71	131	129	282	146	51	687	307	259	539	396	113	134	294	183	47	741	491	258	65	76	411	138
ENSG00000176659.7	12	2	229	3	84	7	8	20	805	18	50	73	73	38	29	79	162	20	96	14	46	5	169	11	63	8	11	123	29	16
ENSG00000176728.6	0	72	0	0	1	0	0	0	0	216	0	0	0	157	38	266	6	155	0	108	0	0	0	19	471	14	48	0	133	1
ENSG00000176753.5	9	21	25	13	89	25	20	14	97	6	42	46	14	32	28	103	58	49	59	36	39	14	13	44	66	20	23	33	59	66
ENSG00000176754.11	0	0	1	0	0	0	0	0	0	0	0	0	0	1	0	20	0	2	0	0	3	0	0	0	1	0	1	0	0	2
ENSG00000176840.10	0	2	0	2	1	0	0	0	2	0	1	0	1	3	0	2	1	4	0	0	2	1	2	1	1	0	0	0	0	0
ENSG00000176868.2	0	0	0	0	0	0	0	0	0	0	0	0	0	0	0	0	0	0	0	0	0	0	0	0	0	0	0	0	0	0
ENSG00000176912.3	5	92	82	23	13	24	3	15	8	23	42	37	15	8	11	96	131	4	18	3	20	3	91	40	31	2	1	14	42	94
