TCGA.78.7145.01A	TCGA.78.7154.01A	TCGA.91.6847.01A	TCGA.38.4631.01A	TCGA.86.8280.01A	TCGA.49.4488.01A	TCGA.44.6147.11A	TCGA.55.7724.01A	TCGA.J2.8194.01A	TCGA.44.A4SS.01A	TCGA.44.3919.01A	TCGA.55.A494.01A	TCGA.75.5126.01A	TCGA.49.AARR.01A	TCGA.97.A4LX.01A	TCGA.95.7947.01A	TCGA.50.5946.01A	TCGA.44.6148.11A	TCGA.67.3772.01A	TCGA.44.6144.11A	TCGA.86.7954.01A	TCGA.NJ.A4YI.01A	TCGA.49.4514.01A	TCGA.55.8092.01A	TCGA.MN.A4N4.01A	TCGA.62.A472.01A	TCGA.55.6712.01A	TCGA.93.7348.01A	TCGA.44.2668.01A	TCGA.38.4625.01A
ENSG00000000003.13	3543	4150	12309	2580	7134	1860	851	1684	6064	3645	6741	1315	2057	3863	2292	5327	3624	3163	9772	657	9111	668	2265	4044	3381	911	1863	2383	3352	10139
ENSG00000000005.5	3	0	1	2	7	0	1	1	0	0	6	0	4	2	0	9	2	4	22	0	3	107	0	1	0	0	1	1	1	0
ENSG00000000419.11	1429	3632	4082	1776	1616	1272	1249	862	1474	1394	1673	738	1413	1152	1589	3551	2731	1158	2172	936	3534	923	1798	3945	2254	731	818	1115	3388	6725
ENSG00000000457.12	611	746	1950	406	1659	689	345	454	1669	837	1163	1082	298	715	1010	2040	1510	884	1162	573	1917	680	310	2142	975	517	472	863	1197	1173
ENSG00000000460.15	536	577	1350	529	506	198	110	163	268	542	615	398	225	145	340	994	1245	182	380	108	1189	228	162	987	586	129	215	334	898	2273
ENSG00000000938.11	703	306	139	350	1798	584	4762	644	1067	1320	1629	160	1655	1533	2329	974	283	3076	856	4933	1758	846	276	707	508	404	540	423	3600	1879
ENSG00000000971.14	993	4670	9101	3106	10094	587	3972	3111	5887	9434	8161	462	2605	8993	9088	7773	985	8703	7394	1470	27739	2502	584	25120	2260	1476	9445	4699	10155	4530
ENSG00000001036.12	3821	4865	5761	3765	3241	1916	2128	1819	3002	6365	4783	1368	3812	1933	4258	7415	2099	2518	2840	2725	6331	1775	1695	4803	2112	1431	2166	2018	5701	17205
ENSG00000001084.9	2282	13163	3546	14183	1987	20143	975	2266	15278	6314	2966	711	6908	2472	1590	6192	5015	2446	1688	842	6020	711	6109	575	3082	346	2600	2120	7183	13163
ENSG00000001167.13	3932	1176	5564	1089	2760	1394	1390	649	3837	1293	3572	3080	855	1028	2293	3735	4846	1448	2421	857	7493	905	1059	2095	3008	1036	1209	1872	4047	2438
ENSG00000001460.16	656	371	1127	323	914	292	413	311	906	506	1254	165	402	1923	359	624	969	1523	944	414	1211	379	306	456	478	286	639	652	844	1020
ENSG00000001461.15	1986	1528	2473	691	3297	2193	2073	1565	3449	2057	4403	685	1486	2049	2517	5450	6517	4594	3367	3104	4100	2949	801	2848	1061	1444	3865	3721	2313	4147
ENSG00000001497.15	2544	2627	3534	1248	3164	963	1429	624	2890	1700	3170	2269	1405	1535	3079	2723	4766	2085	1406	1354	4240	1538	1453	3178	1371	1276	1259	1354	2972	6635
ENSG00000001561.6	3118	1332	1892	1170	3118	4239	2809	555	5761	1302	3618	1333	1529	2656	2002	9470	7587	4283	6197	2195	2811	1016	498	1667	1605	617	1286	2732	2189	1095
ENSG00000001617.10	701	828	7498	546	3275	447	2580	751	3755	948	1868	3534	829	3179	1437	2349	5159	1851	980	1877	2106	1996	839	6267	1986	311	506	1373	2496	2094
ENSG00000001626.13	69	106	3	36	1304	87	1188	803	2209	41	207	478	687	2621	361	475	13	1593	535	2967	2256	38	190	27	56	123	27	2504	81	899
ENSG00000001629.8	3464	7934	6352	1261	4012	1333	1509	2508	4045	4048	6484	5300	3766	1971	3314	7884	4426	2660	2863	1674	6909	1765	1141	5719	2432	2295	2602	2422	5964	6266
ENSG00000001630.14	197	515	248	112	473	234	720	60	396	469	263	669	248	164	350	673	344	667	349	436	299	139	12	812	99	82	177	282	312	653
ENSG00000001631.13	1338	6963	3426	837	3018	587	1011	988	1836	1617	2062	2774	1168	1443	1724	4774	2587	1674	1200	1008	3596	1082	500	2915	1188	1106	1226	1387	1824	3942
ENSG00000002016.15	129	332	597	123	524	92	174	203	388	318	499	1149	251	504	360	511	754	380	173	240	815	363	146	831	329	309	291	373	364	683
ENSG00000002330.12	773	1076	1503	1860	2346	1460	994	108	1974	1174	2870	2675	1322	1636	1673	2107	2799	1717	2505	1475	3325	1870	1832	1973	2006	446	1153	2472	2535	2957
ENSG00000002549.11	7588	5244	4240	7371	10280	4107	7175	3436	7212	7652	11862	2680	5673	5869	12543	9678	5697	5781	7695	7932	22058	2092	2549	17084	2719	3008	5341	3793	22930	19621
ENSG00000002586.16	10215	9740	9625	8191	6379	3874	9461	3595	4692	13837	15252	5660	4863	7747	7524	9462	1796	10259	6698	7169	15023	2796	2037	5673	15153	2222	5329	6785	27144	13489
ENSG00000002587.8	1914	1041	2285	85	738	3288	211	418	1304	774	2359	2607	951	3582	926	1635	2861	1192	2784	294	989	92	563	540	1395	683	1240	2740	1249	1080
ENSG00000002726.18	3981	492	6	78	187	98	30	21	1652	3880	336	4037	619	160	2239	3159	8	46	222	62	2006	211	4083	8402	57	1017	57	2286	3306	40
ENSG00000002745.11	5	11	22	50	30	4	21	11	8	16	13	150	3	17	19	11	68	24	7	1	65	3	2	10	14	5	1	11	6	130
ENSG00000002746.13	63	189	7	107	218	32	14	19	22	131	164	37	48	5	110	17	7	13	98	5	99	46	129	263	128	20	35	69	133	209
ENSG00000002822.14	883	934	2554	540	2087	896	1099	177	2650	1461	1456	2045	815	959	1668	1033	3918	1357	1435	1188	2007	1073	1161	4048	2637	505	2041	1050	2245	2573
ENSG00000002834.16	13958	26946	21343	11083	17114	4403	10427	4707	20715	105683	31309	14175	9020	11551	18384	77568	20287	13599	11722	9424	52889	11390	14243	27023	17207	5791	18330	9993	28225	29428
ENSG00000002919.13	1053	1229	1700	1416	1439	921	1183	800	1410	1167	3820	1214	1036	953	1539	1996	1534	1298	3200	1123	3163	839	844	2595	1249	540	831	892	2419	3694
ENSG00000002933.6	911	3311	192	14707	3683	1230	839	1148	7451	11426	5061	6404	3294	1471	4969	8888	557	1239	2408	1480	8452	1137	4873	8141	2617	877	1476	3247	7075	3403
ENSG00000003056.6	1796	6427	2768	2957	6071	1830	3418	2567	5388	4990	6988	3098	5294	2771	5030	4297	4192	4710	3652	3926	8659	2006	914	4330	3476	1503	3309	2726	9700	15301
ENSG00000003096.12	29	40	263	89	111	239	54	579	59	58	116	10	116	737	71	140	1023	563	138	19	42	20	34	34	149	5	23	201	99	40
ENSG00000003137.7	71	1143	75	32	291	36	47	75	100	134	330	403	112	367	221	168	54	599	89	80	311	49	35	359	996	27	243	190	752	1812
ENSG00000003147.16	1440	2467	6535	1678	2260	1948	810	277	6153	1748	1941	5109	537	1406	1350	2832	4129	929	2171	710	3941	1095	2098	7856	2758	828	1074	1983	1440	2692
ENSG00000003249.12	1482	2320	8878	1004	1571	1974	301	129	2616	2657	1145	3217	723	483	1715	1695	2926	414	1205	253	852	924	2534	1028	4326	968	298	510	2083	2874
ENSG00000003393.13	1076	1776	3694	838	1355	503	1246	919	2563	2009	2533	1806	778	1530	1086	1998	1904	1697	1200	1142	2675	908	525	1582	1004	858	655	1144	2668	2176
ENSG00000003400.13	1297	1142	206	852	2259	966	1360	1041	2156	2411	3993	2909	1481	1818	3496	7161	2320	2004	2149	1430	4829	1532	732	3830	992	1858	848	1530	2356	1710
ENSG00000003402.18	7728	4163	6108	3756	9547	7063	23211	4525	14212	9321	11505	7266	7513	9437	15369	11627	7224	14818	5912	13297	11482	8777	2783	14103	6653	12402	11794	6806	24182	14306
ENSG00000003436.13	7117	8078	9235	8691	9012	519	16214	4531	5815	32922	24496	4813	20767	4992	2854	2969	638	9841	12926	8726	15466	351	10264	35597	2077	772	3031	10153	20980	10386
ENSG00000003509.14	504	368	1208	838	599	386	328	287	929	692	800	1025	267	496	489	532	1427	445	510	372	1133	421	825	977	597	385	184	444	845	1217
ENSG00000003756.15	2280	1287	6892	1138	5425	1399	3576	1820	5144	3706	7036	5678	1018	5940	4873	3266	8092	5419	945	2850	4511	5944	582	6251	4223	3809	1646	2832	3253	4667
ENSG00000003987.12	67	69	423	37	61	24	125	37	78	124	66	1344	19	67	90	164	281	134	72	74	54	35	178	247	73	22	46	91	60	110
ENSG00000003989.15	137	2888	8898	1332	1243	1467	5308	389	7718	1114	2278	30100	371	4765	874	1153	5776	4576	1038	1366	1104	1872	14552	10484	267	248	217	2997	1275	525
ENSG00000004059.9	4913	4051	12618	9227	10824	6540	3804	1403	5186	5787	9554	9234	5420	4072	4820	10252	13585	4090	10739	3231	11359	3996	3965	4670	9590	2728	3933	4273	8425	20124
ENSG00000004139.12	203	652	361	230	568	125	242	160	492	366	772	940	203	572	521	944	535	534	328	257	425	272	96	759	430	295	85	428	266	186
ENSG00000004142.10	7147	15123	5969	7758	5916	2799	2787	2169	6401	5226	10089	5726	4617	3156	5301	7425	5957	3134	8388	3205	11560	2757	8319	8426	5534	2759	2033	4102	7164	22465
ENSG00000004399.11	17263	4522	2372	3415	19182	4356	10894	2178	15763	9221	16915	20650	4913	7695	17781	7375	9559	11723	3781	11734	35039	7178	6007	5568	11486	5865	2466	4906	19983	7768
ENSG00000004455.15	9962	4289	9569	5746	10013	4584	3037	2877	11309	3526	10506	5768	4494	3374	5907	7688	14577	4146	11940	3587	14030	6466	4520	8928	4524	4586	4115	4569	9715	26971
ENSG00000004468.11	74	295	80	287	1266	799	1329	599	4426	735	1241	11	646	2146	1294	806	281	2253	519	248	4618	553	823	3384	402	140	723	667	1518	1955
ENSG00000004478.7	4842	12482	5971	10368	5261	4006	2142	4187	7568	7123	4688	14829	5756	3278	4244	13527	8801	3191	2967	2044	8279	4485	4847	5593	4752	6551	3543	2477	9974	22785
ENSG00000004487.14	7223	3941	13778	2301	6152	1868	2111	2117	5930	3776	6551	2531	2331	2863	4075	5802	11888	3696	5302	2031	9400	2771	2366	5956	3862	2002	3762	3143	8761	8381
ENSG00000004534.13	1454	1197	6588	1023	5149	890	3057	1381	6032	3900	5497	6474	820	6792	4126	3155	7490	4259	941	2288	5994	3540	884	6460	5017	2661	1743	4030	2734	5077
ENSG00000004660.13	250	164	482	209	848	281	329	109	1709	247	526	1898	180	619	575	899	825	582	311	469	1157	1131	657	501	474	137	161	679	329	348
ENSG00000004700.14	1435	1542	1590	891	1463	790	1259	635	1730	1810	1873	796	1132	744	1451	1597	1763	1555	1013	786	3888	427	150	1785	870	551	1077	884	4335	3889
ENSG00000004766.14	1149	2959	2364	952	1859	698	609	700	1604	1588	1871	710	1105	809	1380	2820	1617	1392	1159	918	1983	933	429	3221	901	859	656	1133	1681	3481
ENSG00000004776.10	76	250	37	96	1304	43	1417	316	139	123	216	261	267	2151	242	124	725	3778	511	1200	187	212	446	105	267	37	84	159	208	664
ENSG00000004777.17	122	190	964	219	1109	43	238	11	281	421	676	812	135	850	867	888	3879	267	57	186	940	572	78	979	481	505	112	409	568	426
ENSG00000004779.8	2191	2643	2269	4383	2661	1101	1089	812	2549	905	2977	1949	1940	1754	1871	4625	2120	1567	4879	1222	4062	1866	2510	3386	2099	1118	1081	2293	2620	6267
ENSG00000004799.7	2182	1170	1390	367	1496	203	20957	4277	10752	1246	1607	915	1884	3844	500	1813	849	19152	3294	18693	753	705	364	1823	230	308	1142	708	1535	2474
ENSG00000004809.12	7	1	17	0	3	3	7	5	6	4	8	2	11	15	9	18	2	191	9	15	7	3	1	1	3	0	30	6	21	59
ENSG00000004838.12	132	71	204	90	1413	218	375	99	300	41	1497	54	815	11067	288	496	2568	6299	310	50	401	89	297	43	88	184	150	721	160	105
ENSG00000004846.15	3	7	0	2	4	3	1	2	0	0	2	0	0	20	7	1	4	4	1	43	17	0	0	1	4	0	2	8	3	5
ENSG00000004848.6	28	22	0	14	169	415	42	1	104	22	38	4	10	226	122	24	22	214	77	0	2959	19	28	63	68	0	30	279	17	6
ENSG00000004864.12	1730	12220	5456	3030	3580	966	901	835	2059	3042	2134	3709	2091	941	1932	3113	2625	728	1857	769	4396	869	1458	2567	1511	657	970	1977	2703	4129
ENSG00000004866.17	1382	7779	1367	9909	3755	2052	2611	1106	2171	1097	2322	1789	1489	1472	1611	3147	2345	3017	2923	2500	3783	1351	781	2311	1293	790	1377	2183	2070	4639
ENSG00000004897.10	3899	4416	5348	1397	2764	1176	2855	1840	4585	2857	4980	2506	2351	1908	2482	4088	5603	2745	2175	1875	7751	1216	1744	5143	2539	1277	2779	2114	7457	8496
ENSG00000004939.12	1	5	0	8	10	0	231	0	3	2	1	5	9	2	5	11	5	97	3	13	9	0	1	7	3	3	0	20	8	7
ENSG00000004948.12	75	740	0	61	60	1	19	21	13	13	25	128	63	8	66	7	113	32	43	12	42	75	7	11	28	0	1	6	8	17
ENSG00000004961.13	1089	1168	1406	1161	1466	911	770	618	1887	1146	1563	656	933	775	1828	2336	926	871	1157	692	2090	741	726	2504	848	547	598	615	2621	5034
ENSG00000004975.10	1104	1264	1993	933	2231	782	737	278	4023	1314	1401	1571	848	1338	1690	1990	4183	1590	847	1143	2611	1170	825	3441	1678	623	725	1199	2404	5923
ENSG00000005001.8	431	3154	1011	2735	960	635	766	101	788	3073	1529	2641	630	1869	571	4421	1325	482	2225	294	2464	1855	298	1693	6139	670	1279	1909	3454	2930
ENSG00000005007.11	4960	5582	10786	1629	7887	4272	5548	937	7916	5700	9484	5988	4239	8434	6661	17872	37937	7443	4354	5164	11291	5570	4024	9062	10872	2943	4251	5561	11397	9531
ENSG00000005020.11	2876	3176	4646	2720	3438	2366	2980	2155	3716	6175	5343	706	2609	1578	3815	9306	5192	4122	4476	2742	3458	1176	1334	7285	3331	1847	4187	2021	8429	23383
ENSG00000005022.5	11368	30222	18965	18188	19173	8773	10046	8291	19677	8458	21259	7535	13911	6005	13983	26699	14218	8844	38005	9850	21209	9779	6272	13124	10275	6301	7811	8206	19533	59237
ENSG00000005059.14	465	584	1420	709	820	800	620	482	746	865	2233	714	965	563	1100	937	1391	602	843	414	1842	567	287	816	703	510	1024	687	3079	5044
ENSG00000005073.5	0	4	661	199	1	1	0	15	1	37	0	2	0	3	1	4	2	0	2	1	23	2	141	31	5	0	0	2	2	6
ENSG00000005075.14	1465	2346	2257	3702	3140	1273	660	238	1334	1411	2175	3075	1261	980	1389	2602	2198	903	1987	781	2468	1148	2485	2559	1583	708	566	1348	2244	3722
ENSG00000005100.11	760	1895	2057	561	1247	381	887	513	1879	1138	1248	1554	469	874	1124	1504	2525	1030	532	716	2074	809	944	1824	1088	540	434	915	1511	2907
ENSG00000005102.11	25	19	780	7	204	13	20	48	49	21	114	32	37	334	97	50	6	54	99	8	141	12	79	50	10	16	17	76	33	45
ENSG00000005108.14	325	3072	657	45	300	16	545	142	682	637	122	169	586	369	173	260	1314	674	162	248	511	41	155	375	201	27	379	436	224	217
ENSG00000005156.10	2647	4224	3660	1005	1846	576	939	636	2162	1475	3003	3560	1030	1495	2227	3929	5224	1300	1951	850	6716	814	908	2855	2427	767	590	1042	2160	3921
ENSG00000005175.8	1801	1599	2220	1411	1781	667	902	665	2816	1672	2222	1819	1064	1062	1783	2161	3255	1220	1538	739	6688	1182	850	2333	1330	724	434	1166	2609	3269
ENSG00000005187.10	958	611	1328	449	666	124	231	357	720	219	746	425	404	407	813	591	337	673	1563	421	762	889	1363	1686	97	587	130	2823	207	454
ENSG00000005189.18	94	181	326	241	394	56	105	106	95	95	313	276	141	192	148	598	605	175	411	61	401	105	318	286	112	175	174	203	296	600
ENSG00000005194.13	2285	3053	2389	1858	2794	3070	1353	1116	3417	1967	2326	1494	1491	1323	2394	1658	2283	1372	2467	1522	3801	1288	1971	3894	2883	1094	770	968	4343	4314
ENSG00000005206.15	771	972	2630	403	2717	715	1047	126	1474	1808	3647	2711	822	4514	2792	4285	8359	1818	992	1132	4020	2637	985	2634	2882	1275	651	2034	3058	4676
ENSG00000005238.18	1624	363	1145	469	1823	528	1724	425	2272	1583	1937	1607	1269	1527	2149	2478	2159	1297	781	1137	2286	2153	435	2356	1403	495	555	967	3255	2512
ENSG00000005243.8	493	298	36	312	993	330	338	695	488	480	402	2808	196	517	677	114	165	700	937	581	1230	435	693	387	823	171	182	1237	736	916
ENSG00000005249.11	439	238	357	146	936	222	934	221	828	481	2322	1363	344	563	1614	1799	210	1282	487	562	4208	155	153	211	737	492	623	535	663	193
ENSG00000005302.16	940	776	2683	837	2389	713	1124	857	2079	1468	2748	949	815	1767	2593	1796	1515	1716	1468	877	3573	844	634	3261	1441	924	752	1280	2140	3339
ENSG00000005339.11	4738	5157	5701	2372	8583	1231	5691	2502	8192	2694	9233	7360	3387	4891	7612	17045	9565	7967	5165	4058	13075	8122	1934	7314	9288	2125	4248	5375	11569	6407
ENSG00000005379.14	141	189	2925	45	1990	108	610	70	1064	397	2489	4619	159	3958	1462	1178	1287	1734	329	665	2274	563	122	699	1095	615	64	1465	673	1984
ENSG00000005381.7	9	5	5	7	38	0	50	11	25	47	26	15	29	41	83	15	7	84	20	59	52	18	11	15	28	9	9	16	98	650
ENSG00000005421.7	751	23	6	30	184	20	10	11	27	31	149	33	16	13	46	85	41	25	54	21	588	308	7	28	63	52	37	94	56	8
ENSG00000005436.12	1120	1003	2468	978	859	676	601	477	1763	621	1110	720	491	781	762	1352	1583	870	671	598	1600	522	311	1430	716	675	553	465	1106	2522
ENSG00000005448.15	992	461	1634	657	1317	344	297	257	422	301	1744	595	714	3522	659	1137	1935	2145	1083	278	1045	324	210	1080	396	405	473	765	1163	1536
ENSG00000005469.10	722	397	1493	363	1592	520	305	703	1277	1772	1615	560	703	1215	680	1758	1496	935	1016	561	1531	421	211	1440	1395	494	729	864	735	1371
ENSG00000005471.14	20	20	9	38	181	16	13	22	558	50	124	521	17	58	128	29	68	20	74	4	448	80	59	422	57	37	26	97	83	47
ENSG00000005483.18	4615	2580	7487	1931	8604	1576	5665	2515	6367	3064	6618	6632	1854	3969	4944	9268	6814	6570	3630	3658	8252	3318	1159	6642	2759	2883	3777	4538	5528	4549
