TCGA.85.A4QQ.01A	TCGA.66.2767.01A	TCGA.43.7656.01A	TCGA.22.5482.01A	TCGA.85.A4CN.01A	TCGA.77.8136.01A	TCGA.85.A4PA.01A	TCGA.63.A5MB.01A	TCGA.66.2771.01A	TCGA.56.8304.01A	TCGA.18.3412.01A	TCGA.63.A5MM.01A	TCGA.22.5483.11A	TCGA.22.5478.11A	TCGA.60.2724.01A	TCGA.60.2708.01A	TCGA.43.7658.11A	TCGA.34.5231.01A	TCGA.39.5030.01A	TCGA.96.8169.01A	TCGA.77.7337.01A	TCGA.85.8664.01A	TCGA.NK.A5CT.01A	TCGA.85.7710.11A	TCGA.56.8305.01A	TCGA.94.7033.01A	TCGA.56.8309.01A	TCGA.22.5477.01A	TCGA.56.8503.01A	TCGA.18.3421.01A
ENSG00000000003.13	1784	3281	2211	2632	1940	1280	214	2504	4808	2378	46150	1691	1297	1294	5252	3131	3013	6578	1519	3887	3605	2586	3974	1315	1482	3419	1879	14722	1657	4762
ENSG00000000005.5	0	0	0	0	0	0	2	1	0	0	1	72	4	1	1	1	2	1	0	0	2	0	0	2	0	2	2	1	0	0
ENSG00000000419.11	2615	1764	4858	2897	781	1561	1090	4185	2461	1547	3430	2760	1382	1536	3139	1652	1955	3809	1098	2044	4803	7149	1809	1951	2917	1719	1717	1843	1229	3976
ENSG00000000457.12	613	1148	1020	1009	456	766	945	1226	814	493	958	632	614	1100	522	507	1394	2016	710	898	772	691	758	1264	698	751	800	994	463	623
ENSG00000000460.15	644	1180	950	778	554	726	495	1345	501	382	697	443	180	179	577	474	218	1754	787	631	951	736	629	343	780	528	629	917	419	423
ENSG00000000938.11	406	2096	511	362	170	769	2858	742	1720	502	600	1142	3615	8365	547	325	5565	664	1382	783	661	297	665	6153	347	1005	3499	738	1657	344
ENSG00000000971.14	614	2801	2595	2793	1807	9548	1671	1367	1489	2245	1068	12160	5252	4095	7381	4537	5741	3178	2955	10126	13317	4142	8542	4769	1063	3267	18767	2891	5514	4858
ENSG00000001036.12	1466	3998	2587	6139	3127	4347	1186	1690	4480	1935	3789	4998	4425	4500	7428	2245	4172	2259	1997	4412	5904	2386	7106	3052	3550	6820	2791	5497	2446	2445
ENSG00000001084.9	2501	8720	14835	48537	17762	1319	1149	24543	2681	7350	38126	510	722	1345	4519	2367	2047	12256	2881	10516	6208	2604	1697	2011	5460	10032	5474	400	2349	5524
ENSG00000001167.13	1952	1836	4232	3016	1910	1171	1542	6319	1137	1181	1416	2684	1881	2409	1773	1746	1458	4405	2484	3610	3766	1928	2746	2145	1469	1553	1864	3389	1784	1414
ENSG00000001460.16	1247	888	699	1819	833	459	312	587	558	730	847	575	581	1080	1680	1420	1526	1221	488	682	874	437	1076	786	772	1095	483	1678	416	575
ENSG00000001461.15	1883	1737	2277	3432	1731	1504	1956	1948	2192	1350	2467	3104	3819	8598	2329	2735	5339	3738	1767	2505	3495	1226	2913	3628	1270	2112	2770	4913	1181	1028
ENSG00000001497.15	2447	2506	4088	2638	2019	1838	2424	4514	1217	2952	3483	2290	1914	2672	2498	2322	2638	7719	1831	2440	2037	2757	2161	2180	2019	3672	2221	5560	1868	1208
ENSG00000001561.6	251	1337	575	101	268	558	707	2176	1038	97	1022	237	3060	6323	225	662	5141	488	727	426	1291	269	79	4244	340	206	1809	680	416	615
ENSG00000001617.10	3862	4310	4000	4952	3525	6373	587	7290	2216	2238	7977	4581	1358	3791	5350	3593	2720	9973	3662	8386	5399	7604	7720	1073	2852	8329	7760	6959	4590	4066
ENSG00000001626.13	64	582	12	24	13	27	105	143	555	142	95	1	5955	3021	7	99	2221	104	105	632	208	30	209	1857	52	150	227	244	16	513
ENSG00000001629.8	7475	4495	3090	4453	2172	1812	1948	3370	2245	3992	4127	2292	2501	3949	3472	3718	2871	8497	2406	4681	5718	1933	2737	3522	3130	2593	4036	8936	1552	2488
ENSG00000001630.14	1164	282	183	836	639	109	58	296	310	514	433	166	793	1001	415	521	902	828	152	279	673	272	75	591	439	162	204	1352	162	167
ENSG00000001631.13	4381	2234	2179	3346	1536	817	1637	3332	1468	2565	2749	1769	1389	2068	1463	1697	2306	5549	1029	2283	1709	1543	1816	2640	1894	1780	1856	5673	811	1560
ENSG00000002016.15	380	777	722	348	326	254	645	673	311	456	733	510	211	379	374	338	536	1308	243	497	411	671	442	800	226	586	421	2098	208	336
ENSG00000002330.12	2235	2217	1487	3909	2471	1562	1248	1359	1990	1618	2500	1642	2176	2397	2468	1528	3343	5014	1916	2387	2220	4282	1361	1441	1799	5382	2495	2564	1628	3489
ENSG00000002549.11	2889	8972	6073	4047	2121	9634	5485	8471	5288	3062	4345	12597	9815	12707	4337	3014	9769	8383	8557	5547	5748	1274	1687	11359	3176	7776	10628	5501	3745	4581
ENSG00000002586.16	9812	17666	11239	24044	13522	9241	7441	8150	6921	4939	8980	10501	11781	14633	21222	18750	9846	20102	9722	11627	16651	16649	21856	7404	12002	7931	20829	26828	10886	11578
ENSG00000002587.8	309	386	146	544	113	860	484	383	893	793	1556	834	353	305	1333	722	688	250	374	2689	2857	1015	293	597	321	2738	1229	466	924	1830
ENSG00000002726.18	17	119	41	81	59	43	360	21	43	18	19	60	43	86	53	146	71	84	163	99	35	17	11	348	125	28	522	40	215	32
ENSG00000002745.11	9	21	13	19	15	396	54	28	27	20	79	3	1	9	201	46	17	19	36	68	251	10	61	137	60	591	23	54	52	9
ENSG00000002746.13	63	68	82	626	70	69	4	45	30	15	47	39	23	15	97	136	15	174	121	85	105	23	17	24	183	61	115	220	130	13
ENSG00000002822.14	3541	1632	2301	5474	1427	1388	2136	1631	562	1292	1074	1414	2243	2314	2940	1768	2055	7792	1063	1873	1587	1904	2134	1745	1817	3273	1628	2483	1126	768
ENSG00000002834.16	11211	12890	13100	12457	9037	11198	13450	10915	5502	13136	12722	16096	16798	25127	15156	18112	15385	19939	12931	16328	19385	14968	14551	17060	5644	8145	14190	19580	8097	4326
ENSG00000002919.13	1233	2812	1472	2264	1452	1225	2382	2528	3670	1373	4183	1633	1676	2523	2670	1498	1917	2474	1708	1576	2236	1412	1132	2357	927	2106	1466	2930	775	2195
ENSG00000002933.6	373	6436	2932	1225	1361	3476	2937	1141	3067	516	1722	2605	4311	2508	1922	2411	4092	1767	3621	2055	1342	2339	216	3880	1322	258	3487	1472	4084	1880
ENSG00000003056.6	3543	11103	3320	8429	3472	3736	3455	7396	5296	5271	10275	4180	6658	9204	6443	5039	5654	12055	4195	6999	12554	4662	2229	8454	6757	3427	4209	30119	3047	3648
ENSG00000003096.12	23	1032	21	1572	1167	345	28	1368	1145	1286	11931	171	52	130	1357	1545	365	2343	1193	559	1125	396	52	239	232	312	2016	8722	307	725
ENSG00000003137.7	726	262	275	552	681	269	504	348	170	117	136	391	195	1129	567	823	959	283	888	136	669	151	1701	590	513	202	691	897	371	47
ENSG00000003147.16	74	478	2136	66	80	262	946	855	328	83	643	419	1027	1275	549	466	1285	906	470	1082	248	681	1689	1135	400	1108	1439	500	208	460
ENSG00000003249.12	335	476	520	702	1042	150	445	377	772	1139	714	45	469	686	990	478	1019	915	73	532	546	16	2150	523	1206	3152	159	690	135	854
ENSG00000003393.13	1661	1092	1228	1165	1645	664	674	2268	805	562	1274	1374	1437	2592	1320	1475	2074	3362	1420	1914	3543	910	1403	1567	1856	1322	1708	3547	1072	395
ENSG00000003400.13	272	2143	1284	407	464	1131	1261	587	2312	828	1192	770	2039	4351	1036	369	2272	2286	1795	1924	2281	447	4566	2649	777	1168	1872	1165	950	584
ENSG00000003402.18	6713	7714	7010	3939	2537	3596	8571	4347	5792	2508	4047	9023	14223	27591	3414	2508	18171	7182	6196	8860	6010	1603	8597	15824	4473	5155	15340	6033	4846	3058
ENSG00000003436.13	180	3759	1239	484	425	818	2147	914	4415	7382	3510	2700	23994	16843	1208	1742	14785	1751	1907	1728	12775	377	7268	9408	838	3068	12398	3452	1172	4783
ENSG00000003509.14	476	865	760	829	556	313	799	2426	828	745	1370	859	503	493	490	435	633	1196	366	615	362	727	571	899	990	945	760	962	458	513
ENSG00000003756.15	3646	4552	5235	2358	2138	2709	10163	3878	2158	2294	1991	2239	3342	5908	2250	1429	6366	4719	2126	3535	1351	2273	3715	9030	1755	3100	4286	3817	2190	1576
ENSG00000003987.12	28	58	51	103	31	37	46	181	37	25	25	67	87	163	53	26	147	133	144	58	32	98	229	104	78	135	393	25	33	21
ENSG00000003989.15	157	4742	171	65	321	197	402	404	356	141	259	401	5645	4123	1560	616	4419	3348	5679	515	961	1021	5045	1715	325	120	12577	1395	616	166
ENSG00000004059.9	10201	13522	8807	11965	10034	3184	5142	7726	12073	6325	19574	6435	6135	6778	9366	10800	7309	14554	5524	9988	4496	7836	10429	4608	4810	6788	7357	23020	4652	9927
ENSG00000004139.12	65	433	186	259	229	131	515	1356	136	74	71	134	470	833	144	226	698	414	285	386	179	449	124	655	140	134	377	651	182	118
ENSG00000004142.10	6288	8520	4303	9787	6743	2464	3290	16569	4886	8099	12518	5536	5492	6309	7131	7307	4964	18753	4496	7780	8312	7404	5486	4035	5088	5505	4644	15278	2559	9379
ENSG00000004399.11	3505	6767	6695	4403	3890	4915	6662	3306	1928	1910	1821	6792	15682	25891	7956	7964	15214	4587	5477	10263	6696	3307	1267	10587	3873	2576	8106	5579	10039	1305
ENSG00000004455.15	8380	6703	7594	8415	2829	4238	4060	5319	12466	6033	8870	7477	5769	7334	8675	4244	6474	7600	4269	6482	6750	7726	6490	5675	3570	9464	5749	3940	3893	18359
ENSG00000004468.11	76	2235	939	225	170	882	4220	863	1087	441	836	450	1268	1997	1233	446	2035	2337	2880	689	964	45	133	3129	1482	1065	2163	970	677	750
ENSG00000004478.7	9615	30426	16315	19436	11414	5003	2455	16625	6054	13866	14367	7051	3315	3821	18081	12862	4011	41813	3977	8650	18129	6062	10735	3338	18429	12179	5328	64290	5895	19640
ENSG00000004487.14	6416	5005	13191	9291	3166	3885	2967	5023	4260	5639	4462	3832	3124	4615	9142	6366	4143	12202	4941	5940	11183	5930	10258	3971	6604	6394	4289	7548	4169	5978
ENSG00000004534.13	2527	3871	7361	1820	2133	2065	11060	7499	1130	2331	1246	3350	2313	4305	1536	1750	5153	5947	2177	3158	2187	3839	3973	9493	2727	4126	4032	3632	2151	1169
ENSG00000004660.13	1413	738	549	2261	439	353	490	1399	252	137	864	423	521	937	858	634	1218	1823	190	781	194	460	250	783	1394	294	593	1291	272	180
ENSG00000004700.14	1581	2582	1540	2532	1508	1247	1300	7246	964	1485	1973	2042	1301	2540	2892	2212	1496	3835	1404	1498	3782	1296	787	2678	1620	595	1692	7962	1042	718
ENSG00000004766.14	2502	1561	1439	2085	626	550	961	914	1465	995	1734	994	1252	2125	1199	1131	1644	2514	766	1799	2048	515	899	1951	808	760	1078	2418	570	1183
ENSG00000004776.10	23	370	141	109	55	88	337	166	159	225	85	386	2406	3503	121	136	1782	260	163	179	127	91	56	1030	80	260	115	136	128	45
ENSG00000004777.17	890	1168	862	506	265	1089	2064	1459	170	482	554	436	128	169	169	325	386	1200	378	317	104	987	382	421	289	420	659	605	477	200
ENSG00000004779.8	2396	3909	1911	3534	3055	1098	1338	3139	5341	3221	5490	2948	1580	2132	2437	1733	2660	4970	1492	1936	3223	2431	2611	2023	2757	4522	1704	4345	1262	6700
ENSG00000004799.7	88	1468	1327	76	40	113	1062	688	911	46	178	4483	6173	10664	206	1711	14192	313	204	1182	213	44	70	5809	306	81	1875	698	214	114
ENSG00000004809.12	5	9	43	7	7	2	4	15	12	12	6	14	41	1	7	20	19	0	5	28	29	3	1	18	5	16	88	21	53	5
ENSG00000004838.12	460	83	92	26	9	101	77	23	55	21	170	16	107	832	19	106	5526	491	57	1147	17	28	29	1315	4	240	60	271	24	136
ENSG00000004846.15	5	20	5	0	27	86	3	6	40	0	4	1	27	13	0	15	11	983	5	3	1	28	8	3	8	6	46	40	1	0
ENSG00000004848.6	4	3	927	14	3	1	2	66	3	4	0	3	3	55	7	4	175	26	17	89	4	1	0	25	2	6	4	21	6	2
ENSG00000004864.12	1478	2062	2714	2346	1716	649	676	1052	1556	1483	3178	1184	1003	1197	2214	1456	1256	2006	820	2296	1728	1085	1449	952	1152	1745	1778	3596	838	877
ENSG00000004866.17	1501	2173	1105	1665	1212	697	681	1146	1936	1231	2717	1506	3695	5000	1231	1977	4685	4271	1136	1396	2323	855	1468	2438	810	1082	1039	2627	766	1255
ENSG00000004897.10	2943	3603	4957	5858	2417	3016	2454	5142	1948	2886	5186	3251	3443	4753	6118	4115	3149	8621	2897	4003	8739	3351	2852	3793	2349	3392	3315	5993	1766	3281
ENSG00000004939.12	1	15	1	3	1	0	24	25	1	2	1	2	19	20	10	1	107	346	0	4	3	0	5	76	1	0	1	1	0	0
ENSG00000004948.12	3	16	5	9	4	6	1	8	11	9	8	9	35	30	6	12	23	9	2	14	7	1	8	16	2	4	3	21	2	8
ENSG00000004961.13	1027	1735	1357	2310	794	1717	766	1748	2259	1583	1682	1398	1047	1552	2345	1268	1192	2443	1065	2347	2567	822	1294	1291	1311	1719	1379	2701	899	2300
ENSG00000004975.10	2153	2575	3609	4401	2099	1419	1856	3854	1116	1705	3576	1946	1419	2162	3260	2217	2224	4731	1108	3106	1480	3040	1528	1990	3296	2392	1633	4633	1161	1278
ENSG00000005001.8	979	775	458	1989	318	761	51	845	3408	1272	7853	3350	469	405	1410	351	875	198	382	2864	1243	628	6016	380	673	2981	372	188	2977	604
ENSG00000005007.11	11147	6103	37280	9753	9045	5086	7700	11226	3220	10380	7863	8266	8002	10996	8227	9993	9592	22056	7101	10363	9812	7675	4595	7252	7560	11083	8775	19870	5757	2684
ENSG00000005020.11	1882	3772	4244	2663	1096	1148	3169	2424	2340	2512	5054	2342	3770	7796	2699	2259	4636	4049	1678	2140	2932	826	3135	6540	1479	2866	2063	4974	1850	1704
ENSG00000005022.5	26985	34167	45406	31971	14645	11798	11442	29071	46328	21487	360811	18479	18217	16825	35480	28332	15996	48368	10175	19761	31601	19693	12523	14756	19159	25000	12504	76287	12275	107670
ENSG00000005059.14	956	2504	674	1067	524	987	2176	795	946	427	1062	2185	1037	1171	495	1728	1069	2383	733	551	1978	794	852	2210	948	1811	832	1155	1338	4985
ENSG00000005073.5	62	59	626	2	121	23	0	54	17	56	19	7	0	0	46	45	0	969	49	209	117	109	102	0	112	81	9	127	88	34
ENSG00000005075.14	1981	2917	1874	4086	2641	723	1332	2782	2623	2203	3496	2034	1075	1402	2041	1955	1779	4056	836	2704	2080	2132	2661	1318	1255	4276	1446	4028	864	2701
ENSG00000005100.11	1359	1026	1781	2061	1450	703	1137	2137	601	1210	1298	1616	1068	1588	2265	1339	1180	3700	947	2493	1575	1755	1253	1354	2181	1306	801	3640	1031	637
ENSG00000005102.11	101	140	81	120	125	78	603	112	24	32	57	95	106	49	30	42	16	117	265	35	125	20	6	532	31	188	1211	47	87	16
ENSG00000005108.14	28	106	750	55	474	45	159	180	92	34	43	224	567	1074	73	300	767	174	94	126	376	4	2	339	69	56	39	8793	175	40
ENSG00000005156.10	1844	2265	1797	2272	2192	921	1181	5756	812	2502	2673	1247	1240	1611	2049	3232	1260	6691	1986	3035	2391	2822	1026	1504	1290	909	1960	6655	714	1141
ENSG00000005175.8	1494	1999	3869	2520	1446	1024	1728	5153	1527	1012	1870	1635	1061	1514	2448	1735	1531	4370	1207	1726	3186	1252	1666	2178	1780	1578	1530	4801	891	1396
ENSG00000005187.10	31	518	2318	50	21	90	183	167	243	81	190	79	2316	1130	99	255	1164	117	232	224	130	58	75	803	138	134	252	164	57	174
ENSG00000005189.18	175	500	600	240	183	132	323	478	286	412	784	258	236	107	145	125	172	566	166	183	219	174	169	191	271	302	222	899	71	410
ENSG00000005194.13	2193	2943	4425	6845	1486	1165	1627	2466	4663	2757	7908	3008	2495	2709	5614	4116	2329	3544	1802	1815	4317	1617	2830	2288	2844	3664	1576	4911	1275	6181
ENSG00000005206.15	3627	3637	1998	1730	3534	1216	7215	5118	1230	2196	1104	1736	1287	1657	2056	2693	2219	4562	1281	2186	1150	2709	2398	2934	1341	2413	2776	5321	1469	1041
ENSG00000005238.18	1510	1926	746	3772	686	1261	845	1108	586	1415	664	2482	1725	2490	1493	1795	2135	894	834	962	944	456	1451	1452	2038	1137	1614	1200	1212	545
ENSG00000005243.8	2488	2462	593	4302	2926	870	162	2002	437	1047	867	569	580	651	2667	3657	779	718	616	1253	2022	244	1002	577	785	1058	529	2294	699	1472
ENSG00000005249.11	2052	1025	2557	115	92	217	552	775	318	87	1796	339	941	1315	82	348	1319	448	1086	262	306	85	70	1047	256	87	374	1083	316	443
ENSG00000005302.16	1417	3056	2529	2070	853	2561	4352	1637	2010	1092	1637	2259	1246	2442	1773	1733	2100	1938	1700	2474	1745	1322	1808	3956	1192	1621	2345	2061	1559	1975
ENSG00000005339.11	5035	6558	5416	4405	3945	4528	6901	5287	2413	5289	4890	4088	6482	13813	3239	4179	7400	19847	5671	6791	9958	4566	3880	8032	3426	6213	6752	21614	3659	1138
ENSG00000005379.14	226	1092	1270	606	269	526	2320	1201	148	118	215	234	566	1215	104	127	1739	335	430	1106	144	724	129	1636	401	472	583	965	479	87
ENSG00000005381.7	2	47	16	7	1	12	29	13	37	8	15	21	74	136	9	8	54	20	39	8	13	3	1	84	15	3	57	14	33	12
ENSG00000005421.7	30	5	5	1	0	0	0	9	11	2	0	1	27	66	0	0	37	2	5	5	0	4	7	20	4	15	16	15	4	0
ENSG00000005436.12	1109	1205	1570	1545	736	971	834	1774	815	929	1266	612	894	1289	1804	907	1183	3667	470	1316	1481	1275	996	1049	1043	870	685	2538	643	1552
ENSG00000005448.15	1930	1003	849	1618	876	917	770	1785	884	1632	2059	1500	576	778	2442	1473	1990	1294	575	910	790	2614	688	987	1839	633	836	1618	452	1199
ENSG00000005469.10	1086	2102	1675	1624	361	797	460	1304	1638	645	1853	2120	734	1121	1721	899	1182	1454	1345	2734	2060	547	3021	851	228	792	5863	1953	446	873
ENSG00000005471.14	18	63	90	26	42	30	808	27	29	5	16	25	24	32	56	54	25	129	36	32	47	2	8	688	12	9	51	42	56	6
ENSG00000005483.18	3174	3414	5979	7428	2680	2225	4989	5079	2338	2284	2796	2706	5747	10891	2192	4707	5831	12157	3327	6492	4692	2615	3400	7698	1894	2521	5651	8836	1844	1272
