TCGA.85.A4QQ.01A	TCGA.66.2767.01A	TCGA.43.7656.01A	TCGA.22.5482.01A	TCGA.85.A4CN.01A	TCGA.77.8136.01A	TCGA.85.A4PA.01A	TCGA.63.A5MB.01A	TCGA.66.2771.01A	TCGA.56.8304.01A	TCGA.18.3412.01A	TCGA.63.A5MM.01A	TCGA.22.5483.11A	TCGA.22.5478.11A	TCGA.60.2724.01A	TCGA.60.2708.01A	TCGA.43.7658.11A	TCGA.34.5231.01A	TCGA.39.5030.01A	TCGA.96.8169.01A	TCGA.77.7337.01A	TCGA.85.8664.01A	TCGA.NK.A5CT.01A	TCGA.85.7710.11A	TCGA.56.8305.01A	TCGA.94.7033.01A	TCGA.56.8309.01A	TCGA.22.5477.01A	TCGA.56.8503.01A	TCGA.18.3421.01A
LINC01587	8	0	0	5	4	1	2	3	2	1	6	1	2	1	11	1	5	4	6	3	4	0	3	1	7	34	42	4	6	15
AC000111.6	0	2	0	0	0	0	0	0	1	0	0	0	1	1	0	0	1	0	0	0	0	0	1	0	0	0	0	0	0	0
XXbac-B461K10.4	22	8	11	10	12	9	16	8	1	6	2	2	3	4	5	19	5	24	6	25	0	8	9	23	3	60	12	15	16	0
IGF2-AS	0	8	2	11	17	5	0	1	14	1	1	5	1	1	23	57	0	1	2	8	5	0	0	0	0	2	2	0	1	0
TPTEP1	38	122	56	23	756	71	135	2128	38	27	2304	155	331	447	2205	328	238	668	90	91	86	7	20	892	150	11	48	42	576	12
RP11-153K16.2	0	1	0	0	1	0	0	0	0	0	0	0	0	0	9	0	0	18	0	0	0	0	1	0	0	0	0	2	0	0
DLEU2L	23	17	42	11	8	19	25	38	11	10	4	27	7	14	8	12	44	32	6	55	4	17	23	41	5	23	24	15	8	9
RP11-268J15.5	188	206	215	189	81	182	155	322	31	80	61	326	113	127	111	87	181	231	51	99	48	127	328	153	208	454	205	42	47	50
PINK1-AS	353	218	254	583	189	212	216	282	197	239	172	338	336	516	307	220	373	589	316	313	368	525	354	317	145	502	590	822	274	156
C10orf95	62	45	116	42	15	14	51	54	34	15	21	64	75	141	35	8	657	111	6	141	22	25	50	280	14	74	36	48	18	35
SPG20-AS1	4	8	5	7	8	4	4	13	2	0	6	10	3	8	6	1	17	21	4	7	7	1	16	3	2	19	2	14	5	2
LINC00544	0	3	2	0	0	3	6	1	4	0	0	1	1	1	0	0	2	1	2	1	0	0	0	7	2	0	13	0	2	2
KIAA0087	0	3	3	0	1	0	3	8	1	1	0	0	1	14	0	1	17	0	0	1	1	8	1	21	1	0	0	2	0	0
AC105760.3	0	0	1	0	0	0	0	2	0	1	0	2	1	0	0	0	0	0	0	0	1	0	0	0	1	1	1	1	0	0
DKFZP434K028	0	1	1	1	0	0	1	1	0	1	0	0	4	3	3	0	4	2	0	0	1	0	0	0	1	2	1	0	0	0
LINC00029	0	0	3	0	1	0	1	9	0	0	0	0	0	0	0	0	0	4	0	1	0	0	1	0	1	0	2	0	0	0
FAM182A	9	1	42	84	1	2	5	113	15	3	18	2	0	10	17	17	47	11	0	6	13	1	0	18	5	6	1	1	6	0
C20orf187	0	0	0	0	1	0	0	0	0	1	0	0	0	0	15	9	0	0	0	0	0	0	0	0	0	1	0	0	0	0
MMP24-AS1	2790	2125	1299	2064	532	914	1234	1566	832	2160	1346	2504	2902	3313	584	1965	3678	489	946	2109	2458	3121	3795	1745	1793	2599	1552	4078	1326	368
C22orf24	3	1	12	6	0	4	7	3	7	1	4	5	2	8	5	11	8	6	2	2	2	1	2	9	2	5	5	11	6	6
TTTY1B	0	0	0	0	0	0	0	0	0	0	0	0	0	0	0	0	0	0	0	0	0	0	0	0	0	0	0	0	0	0
TTTY1	0	0	0	0	0	0	0	0	0	0	0	0	0	0	0	0	0	0	0	0	0	0	0	0	0	0	0	0	0	0
H19	163	1638	2287	423	104	3873	330	259	547	837	1003	3155	827	478	26055	6863	828	3698	2600	372	1559	1506	242885	363	337	735	1026	324	67	45
TTTY9B	0	0	0	0	0	0	0	0	0	0	0	0	0	0	0	0	0	0	0	0	0	0	0	0	0	0	0	0	0	0
RP11-798G7.5	1	4	1	2	3	1	5	2	0	0	0	1	0	0	0	1	0	0	1	0	1	1	3	2	2	0	1	0	0	0
TTTY6	0	0	0	0	0	0	0	0	0	0	0	0	0	0	0	0	0	0	0	0	0	0	0	0	0	0	0	0	0	0
TTTY6B	0	0	0	0	0	0	0	0	0	0	0	0	0	0	0	0	0	0	0	0	0	0	0	0	0	0	0	0	0	0
LINC00470	171	18	149	137	2	113	1	173	78	180	150	2	0	2	86	27	0	10	17	252	1	19	290	0	95	344	462	286	112	0
LINC01260	10	105	15	6	32	19	60	76	20	7	16	18	15	4	104	5	10	26	33	8	9	5	11	43	11	30	34	30	11	16
C7orf69	0	0	2	0	0	0	1	2	0	0	0	0	0	0	0	1	2	0	1	0	1	0	0	0	1	0	2	1	0	0
RP11-84C10.2	0	4	1	0	0	1	3	1	8	0	1	11	10	1	2	5	3	0	0	0	0	2	0	1	2	0	11	2	6	2
RP11-809H16.2	0	0	0	0	0	0	0	0	0	0	0	0	0	0	0	0	0	0	0	0	0	0	0	0	0	0	0	0	0	0
ERVK3-1	868	909	915	675	446	912	1155	1411	783	596	597	744	489	994	682	472	864	1311	469	725	923	763	1374	1288	692	1187	666	887	564	733
AC062028.1	1	0	8	2	3	2	17	9	4	3	4	5	10	4	0	3	0	28	2	3	3	3	2	9	3	10	1	7	1	0
LINC01558	2	16	14	3	9	2	19	6	4	2	7	13	10	34	4	14	102	2	9	25	6	0	9	58	4	7	15	7	13	1
LINC00525	31	31	31	8	5	18	17	5	53	10	13	6	0	3	0	2	1	14	32	25	12	13	8	13	22	14	56	10	11	2
TTTY7	0	0	0	0	0	0	0	0	0	0	0	0	0	0	0	0	0	0	0	0	0	0	0	0	0	0	0	0	0	0
TTTY7B	0	0	0	0	0	0	0	0	0	0	0	0	0	0	0	0	0	0	0	0	0	0	0	0	0	0	0	0	0	0
C20orf78	0	0	0	0	0	0	1	0	0	0	0	0	0	0	0	1	0	0	0	0	2	1	0	1	0	0	0	0	0	0
LINC00266-1	0	0	0	1	0	0	2	1	0	0	0	2	0	1	1	0	0	0	0	1	1	0	0	1	1	0	0	2	0	0
RP11-96C23.13	0	15	4	9	1	3	7	0	1	2	14	4	2	8	10	0	40	88	1	3	3	1	1	14	2	5	5	3	1	0
PART1	19	182	503	509	55	210	10	562	641	1681	3281	2	1	12	292	844	13	286	15	1	78	5	6	9	113	309	14	231	27	973
LINC00467	281	462	432	629	128	227	430	158	356	247	853	315	409	391	455	154	616	422	251	559	562	345	231	373	242	453	476	566	139	833
RP11-66N24.4	88	72	60	25	42	40	160	110	27	40	19	96	26	33	34	76	68	121	21	51	5	50	49	115	32	128	53	56	27	19
C1orf147	28	50	23	6	12	25	102	21	14	13	9	23	2	2	10	10	11	94	9	26	1	19	12	54	15	25	25	12	28	1
AC007364.1	0	0	0	0	0	0	0	1	0	0	0	0	0	0	0	0	0	5	0	0	1	0	0	0	0	1	1	0	0	0
C2orf48	80	41	75	51	8	10	86	161	9	10	100	22	20	2	2	7	6	41	11	30	50	52	28	16	14	51	28	15	15	3
LINC01116	88	182	120	468	97	149	33	193	36	13	19	583	4	7	584	418	15	116	119	54	183	104	931	59	408	167	1245	305	245	321
SNHG16	736	2571	2088	2143	1531	760	602	1783	1945	1445	2907	1559	1817	1861	2464	2070	1369	5601	1050	2370	2432	1298	744	972	1871	2314	1690	4022	602	2946
IGF2BP2-AS1	5	28	1	78	44	10	0	52	5	6	11	2	0	1	4	5	4	3	1	7	2	5	4	0	34	16	4	52	9	0
SMAD5-AS1	7	85	3	10	6	7	2	21	27	9	60	2	5	3	6	8	2	40	7	2	4	5	3	1	3	21	4	11	2	16
C10orf25	46	175	182	157	15	32	92	70	62	16	34	77	212	479	242	55	395	242	106	59	323	172	86	260	75	95	128	163	87	30
ZNF667-AS1	31	168	1083	620	68	867	269	70	410	29	106	136	287	449	168	132	483	119	455	833	1709	7	381	387	415	641	927	61	385	53
MIR202HG	0	2	0	0	0	0	3	1	0	0	0	1	0	7	0	0	0	0	0	1	0	0	1	1	1	0	1	0	0	0
RP11-93B14.6	3	13	4	4	8	7	19	13	2	1	3	21	7	11	1	5	7	9	2	1	1	1	1	12	1	2	8	1	1	13
LINC00483	1	0	0	1	2	0	1	3	0	0	0	2	1	0	1	1	0	10	0	1	2	0	0	0	1	1	0	0	0	2
AC104389.28	0	27	0	0	0	0	1	1	60	0	1	1	1	5	0	0	3	1113	2	2	0	0	1	1	113	54	1	8	2	0
LINC00905	0	0	0	0	0	0	0	1	0	0	0	0	0	1	0	0	0	0	0	0	1	0	0	0	0	0	0	1	0	0
RP11-25K19.1	58	110	266	109	51	65	309	42	81	15	20	17	183	163	33	143	147	140	49	41	134	41	24	172	36	41	96	458	33	66
LINC00917	0	1	0	0	0	1	1	0	0	1	1	0	0	1	0	0	1	0	0	0	0	0	0	0	1	0	0	0	0	0
RP11-262H14.4	5	31	44	35	15	18	67	70	23	21	59	24	15	52	37	34	42	29	13	17	16	24	19	53	27	32	29	38	5	12
LINC00266-3	0	0	0	0	0	0	0	0	0	0	1	1	0	0	0	1	0	3	0	2	0	0	0	0	0	0	0	0	0	0
AC093323.3	924	631	880	1101	410	438	960	2556	342	479	1187	1319	595	961	518	520	1247	1008	475	579	921	595	713	857	724	2567	632	1100	401	923
TPT1-AS1	877	392	348	528	111	239	641	315	151	181	481	481	211	495	189	237	469	351	216	227	165	214	422	671	142	365	332	212	341	83
LINC00208	0	0	0	0	0	0	1	0	0	0	0	0	0	0	0	0	0	0	0	0	0	0	0	0	0	0	0	0	0	0
SHANK2-AS3	1	0	0	0	1	0	0	0	0	0	0	0	0	0	0	0	3	0	0	0	1	0	1	0	1	1	0	0	0	0
MIR31HG	275	8	0	43	3	411	1	1	1	41	15	79	0	2	84	51	10	83	7	71	44	13	85	1	2	66	10	15	72	371
SERHL	80	71	95	21	71	70	62	88	11	94	27	34	43	20	52	73	17	170	41	60	8	42	7	24	75	60	44	212	54	40
MIR4435-1HG	913	1232	890	3192	982	765	600	2267	1205	714	2679	3498	572	497	1448	1600	587	788	642	1854	1461	280	3693	665	954	2266	728	1225	973	1445
CMB9-22P13.1	16	108	111	475	81	147	165	217	382	419	551	219	31	42	231	430	43	537	139	467	1060	996	18	111	347	687	185	48	75	246
CCDC13-AS1	3	5	1	3	1	7	7	2	1	2	4	5	14	6	3	2	48	9	3	13	0	1	8	13	2	10	3	0	3	2
RP11-89N17.1	3	3	3	0	2	1	5	6	1	1	0	1	1	5	0	2	20	3	3	1	0	4	1	11	2	3	3	3	0	0
RP11-97O12.7	7	1	7	3	2	4	10	11	1	3	5	7	6	16	0	5	14	9	6	10	2	10	13	14	2	4	5	7	3	0
RP11-23P13.6	21	70	58	8	12	22	373	31	10	13	5	29	4	3	34	0	15	65	27	14	1	2	28	134	5	9	59	11	10	4
SNHG11	937	602	1122	684	254	311	493	1060	473	436	684	509	257	393	576	339	634	957	263	411	652	1609	524	382	653	1063	421	1478	226	556
C20orf166-AS1	2	3	2	0	0	1	6	7	0	3	0	2	4	10	0	5	12	2	7	4	0	0	19	12	1	8	3	1	1	1
MIR1-1HG	0	0	1	0	0	0	0	0	0	0	0	0	0	0	0	0	1	0	0	0	0	0	0	0	0	0	0	0	0	0
GRIK1-AS1	6	14	23	3	2	2	15	2	1	0	0	4	3	2	2	2	2	4	30	9	7	24	4	7	4	0	72	1	2	5
LRRC75A-AS1	4581	16801	17067	44695	3633	3543	9173	13164	25255	4589	41564	30096	14489	10954	24962	17462	11095	30938	3627	18070	11435	10290	9261	10657	9048	3961	4441	14538	7053	36018
TMEM51-AS1	73	107	990	32	17	65	20	58	68	16	23	47	54	57	15	13	48	14	50	78	62	47	283	50	27	100	217	30	128	23
RP11-276H1.3	2	5	2	0	23	1	13	32	2	1	3	1	2	1	0	0	5	2	0	2	0	1	0	5	10	6	6	9	1	0
LINC00476	203	167	204	289	154	101	329	161	188	53	384	230	94	152	182	105	179	115	179	67	189	65	97	302	133	224	280	557	115	153
LINC00521	1	1	1	2	1	2	10	0	0	0	0	0	0	0	0	1	1	1	1	1	9	2	0	1	2	14	0	1	0	2
C15orf54	0	1	2	5	0	1	0	2	4	2	4	2	9	3	5	5	22	4	2	2	6	0	1	5	1	2	2	0	2	2
LINC01106	54	35	67	54	23	51	6	139	25	54	33	95	57	42	42	30	37	31	13	24	112	73	79	19	52	162	30	76	30	15
RP11-121M22.1	9	13	20	23	11	2	20	10	13	9	20	2	22	32	15	2	69	21	16	23	18	2	3	35	9	71	8	17	4	11
RP11-544L8__B.4	4	7	2	3	0	0	3	7	4	12	3	4	4	15	6	12	18	2	1	5	0	1	4	183	1	4	3	5	5	1
LINC00302	0	54	0	26	4	0	0	0	0	0	0	0	0	0	4	0	0	4	2	0	24	1	0	0	4	1	0	0	5	0
C10orf111	12	16	26	6	4	7	9	12	12	11	22	9	4	12	12	6	34	15	4	12	8	21	5	12	9	10	12	10	1	14
RP11-404O13.5	3	4	2	2	0	1	5	0	0	2	0	0	1	14	0	0	4	2	2	4	4	0	0	9	1	0	7	3	1	0
AC110781.3	1	3	7	1	7	0	3	15	3	5	2	4	0	2	0	17	0	29	1	4	0	3	3	5	18	10	4	1	0	1
RP5-856G1.2	5	4	1	15	1	1	6	3	8	4	12	0	0	0	2	6	1	29	2	3	3	0	1	3	1	14	4	3	1	0
CTD-2368P22.1	480	288	591	146	43	200	587	149	136	154	58	126	80	276	91	131	413	147	101	229	263	271	187	569	437	672	165	155	116	57
C20orf197	17	23	816	20	9	5	36	52	11	2	8	1239	17	33	1073	19	17	839	3	48	45	25	9	27	12	12	47	3	148	11
TTTY14	17	54	407	317	0	0	66	13	55	0	7	0	89	107	13	0	0	18	0	0	11	55	16	0	33	315	293	312	0	30
C15orf56	3	39	80	48	19	13	1	29	22	27	0	21	44	56	45	1	94	20	13	32	14	57	31	24	11	58	13	47	12	35
LINC00303	0	0	1	0	0	0	0	0	0	0	1	1	0	1	1	2	2	67	12	4	0	2	0	2	4	2	1	0	2	0
MIR7-3HG	0	1	0	0	0	1	0	0	0	1	0	0	0	0	2	0	1	1	0	0	0	0	1	1	0	0	0	1	0	0
RP11-334J6.7	0	0	0	0	0	0	0	0	0	0	0	0	0	0	0	0	0	0	0	0	0	0	0	0	0	0	0	0	0	0
TYMSOS	24	100	69	54	78	16	41	43	58	59	148	14	18	3	102	31	8	237	18	29	52	81	48	17	46	177	21	216	14	123
