TCGA.NQ.A57I.01A	TCGA.UD.AAC1.01A	TCGA.UD.AAC4.01A	TCGA.SC.A6LR.01A	TCGA.UD.AABY.01A	TCGA.MQ.A6BL.01A	TCGA.TS.A7PB.01A	TCGA.TS.A7OY.01A	TCGA.TS.A7OZ.01A	TCGA.3U.A98J.01A	TCGA.SC.AA5Z.01A	TCGA.ZN.A9VP.01A	TCGA.TS.A7P3.01A	TCGA.TS.A7P8.01A	TCGA.LK.A4O2.01A	TCGA.TS.A7P7.01A	TCGA.UD.AAC5.01A	TCGA.MQ.A4LJ.01A	TCGA.MQ.A6BQ.01A	TCGA.SH.A9CU.01A	TCGA.SC.A6LP.01A	TCGA.ZN.A9VO.01A	TCGA.ZN.A9VV.01A	TCGA.3H.AB3K.01A	TCGA.3H.AB3X.01A	TCGA.UT.A88D.01B	TCGA.TS.A7OU.01B	TCGA.UT.A97Y.01A	TCGA.3H.AB3T.01A	TCGA.SH.A7BD.01A
ENSG00000000003.13	2091	3749	1749	967	1524	1309	675	1612	2558	1203	1378	332	1046	1168	701	932	726	1378	509	534	352	1075	740	369	1915	537	678	1079	1020	638
ENSG00000000005.5	3	1	2	94	1	0	0	2	6	2	1	0	5	29	1	4	0	3	0	0	0	1	2	2	194	37	2	11	1	0
ENSG00000000419.11	2132	1791	2094	964	1062	1930	2402	1721	1982	1567	2341	1036	1190	1513	1829	2095	1570	1178	1768	1706	1545	2601	1106	758	1845	952	1507	1488	2026	1009
ENSG00000000457.12	764	536	336	478	462	411	266	521	576	346	352	604	548	521	383	977	457	893	610	345	297	820	417	345	1022	479	356	437	347	300
ENSG00000000460.15	760	440	339	281	228	257	202	418	626	180	170	267	249	339	426	484	458	454	202	273	501	242	196	128	643	241	131	398	764	97
ENSG00000000938.11	246	801	451	263	310	1171	544	2021	436	487	266	569	309	1730	1385	136	355	569	880	137	320	1316	112	3038	373	805	370	267	767	353
ENSG00000000971.14	15860	15901	2328	120404	32937	9544	11845	31240	39591	132481	33347	2458	39175	47718	8368	2630	18139	108267	7085	33000	22264	35668	16524	3073	39906	26568	2895	38909	15555	3237
ENSG00000001036.12	3745	2963	7457	3492	3034	4023	2959	5299	5255	2324	7433	5165	2807	4886	1716	1588	3323	2952	2900	3144	4930	4412	2047	2249	2899	2529	3518	3141	9796	1995
ENSG00000001084.9	1320	1243	261	867	1088	1420	479	1255	2079	1220	2171	1586	650	1434	1207	645	2547	1346	781	1075	589	1112	418	828	1525	927	613	458	889	746
ENSG00000001167.13	2413	1960	897	1749	1230	1051	1086	1046	1757	1126	798	1181	1230	1287	1432	1111	814	1606	1392	960	644	2395	577	741	1295	1592	781	1461	1689	525
ENSG00000001460.16	859	1967	367	2029	422	232	620	448	788	1246	794	1470	354	599	535	304	224	1661	1241	360	462	757	334	511	543	442	456	381	138	576
ENSG00000001461.15	3524	3660	1283	5101	2216	1569	783	1197	1341	4358	4125	7519	1192	2450	2050	1175	1256	5365	5742	1092	967	921	1114	2060	1907	2663	1185	1099	1126	2102
ENSG00000001497.15	2481	6997	3673	2326	1957	2483	3177	2425	2917	1884	2419	2008	1485	2376	3217	2687	1761	2085	3517	2006	4561	3959	2334	2354	2353	1984	1763	1919	3273	2562
ENSG00000001561.6	126	1465	258	1082	723	969	582	827	1165	1070	2402	2356	435	1125	877	452	655	1234	987	644	278	1299	535	414	1598	701	435	284	385	304
ENSG00000001617.10	2198	3719	1070	3852	1388	3767	1176	1825	4321	1463	2931	1290	2469	2484	3270	3493	917	2332	11065	755	1150	3579	946	6920	1714	2721	1014	2672	5137	1415
ENSG00000001626.13	6	14	11	124	10	0	9	6	375	59	2	43	45	76	1	7	5	17	6	16	8	8	2	25	84	13	1	5	3	0
ENSG00000001629.8	3521	4604	3607	1993	3142	2399	1444	2425	2506	1764	4819	4310	2612	1702	6528	2828	2666	2936	2407	1851	1491	3350	608	805	2490	2908	1253	2758	4656	758
ENSG00000001630.14	277	936	148	175	110	152	75	175	140	93	266	507	116	89	279	136	217	135	78	30	38	122	32	38	94	228	17	87	340	24
ENSG00000001631.13	1671	3693	1465	1627	1335	771	1114	1164	1724	1062	1657	3286	1185	1319	1962	1293	1557	1568	1567	1140	529	2040	785	828	1471	1684	914	1283	1156	486
ENSG00000002016.15	536	494	532	507	742	145	160	250	561	350	241	377	319	453	542	540	654	489	384	462	160	715	233	407	472	878	239	402	122	197
ENSG00000002330.12	1336	4958	2717	3347	1892	2781	5059	3189	4117	4429	2947	6990	1065	2235	3874	2538	990	5255	5251	1775	3175	4780	2054	3020	3337	1566	3100	2196	2305	5845
ENSG00000002549.11	6390	10669	4851	3433	2495	15739	15119	8674	5300	4788	5267	5241	3228	5443	8153	4007	3733	3861	17270	2178	5837	31433	3402	4375	4138	3914	6458	3211	24390	8857
ENSG00000002586.16	17065	23941	21771	14127	32178	14945	23992	20912	19594	12109	25430	13136	14614	12341	10549	37066	6608	18135	13536	12967	47013	20906	8739	13680	9928	11444	12927	19013	9447	21388
ENSG00000002587.8	365	384	102	118	219	210	251	226	234	52	294	64	283	291	588	325	139	134	229	137	197	321	64	126	166	181	315	210	276	112
ENSG00000002726.18	5	3	85	20	11	7	18	27	46	6	41	3	18	80	5	15	9	15	17	4	1	5	1	202	8	120	25	79	22	20
ENSG00000002745.11	10	50	2	122	5	2	5	17	2403	2	563	148	7	256	9	32	2	5	2	66	5	11	2	1	3	65	3	3	0	3
ENSG00000002746.13	16	10	282	1	76	84	164	432	560	168	23	708	276	195	263	56	117	125	8	433	114	218	224	2	19	34	237	101	43	13
ENSG00000002822.14	2611	3793	1917	1609	1171	1973	2373	2614	3716	1607	1508	2240	959	1847	2815	1773	928	1648	1981	1170	2403	3338	1262	2033	1303	1351	1578	1211	1679	2646
ENSG00000002834.16	23223	21552	50325	15533	14754	18360	3700	17668	17485	12157	14091	16846	13417	12759	28820	8277	15205	16655	17205	10154	16048	12963	8636	13107	16417	16638	10034	17258	29321	8235
ENSG00000002919.13	1632	1779	3458	1164	796	1663	532	1422	1376	1142	1015	861	599	911	1790	793	901	1116	2677	646	1245	1351	392	1006	1110	852	1338	1101	2139	1049
ENSG00000002933.6	1019	1702	13036	22598	6129	4565	55881	13816	9085	6835	22474	496	4059	18172	6666	529	3605	12556	13063	14404	2517	65033	849	12063	12862	4631	47273	5981	2335	44624
ENSG00000003056.6	4076	3078	3971	2263	2133	3217	1857	4053	2611	2396	3178	3210	2064	3137	5816	1706	6382	2541	4061	1576	1640	3351	1055	1877	3716	2975	1518	2305	4118	811
ENSG00000003096.12	64	5	44	44	176	8	22	33	404	26	42	19	167	65	39	121	17	65	23	66	13	82	204	12	449	30	17	38	23	19
ENSG00000003137.7	237	72	1327	642	1355	251	426	618	1420	931	267	103	1316	752	597	2810	966	362	390	779	37	847	123	209	614	1231	904	383	273	60
ENSG00000003147.16	583	122	2296	2128	698	631	609	1247	1202	1291	221	3847	495	845	859	539	388	1219	1569	491	298	698	82	895	1006	1027	808	720	191	279
ENSG00000003249.12	1072	1891	1018	1459	581	519	1310	608	1589	1012	657	456	231	498	2830	1522	497	1173	1120	544	239	1171	279	1152	264	623	479	116	259	736
ENSG00000003393.13	2013	1061	1348	717	1143	1080	1017	1149	2004	1149	894	1340	1394	870	894	890	1561	1678	1070	1289	852	1061	985	641	1272	1127	652	1061	1552	433
ENSG00000003400.13	827	523	1090	788	675	1390	2118	1200	1068	1832	1049	1281	792	737	1226	760	948	879	2448	1108	417	2173	355	377	1105	1218	1700	928	1237	854
ENSG00000003402.18	4492	10214	5447	7924	5885	11874	6761	5449	5888	7989	3761	5797	4462	5493	5682	3947	8441	5626	10078	6701	3160	9906	3619	4699	7624	9006	9059	5910	10174	4832
ENSG00000003436.13	25676	563	297	1662	787	614	551	1827	1967	1443	1174	220	2508	1689	382	289	668	527	398	2257	1819	285	454	286	536	634	306	2531	1175	41
ENSG00000003509.14	707	995	1048	579	591	486	606	725	683	516	675	537	529	665	742	500	593	1077	752	482	602	660	371	533	950	561	489	714	486	419
ENSG00000003756.15	5415	4909	3061	9765	6274	2063	3294	4179	6069	4266	3164	3117	3585	5209	2864	4470	2956	4699	5721	3867	2629	4508	1947	5095	4763	7396	2298	5938	2419	2374
ENSG00000003987.12	99	192	68	250	48	43	73	86	60	51	174	782	65	369	166	62	52	306	60	259	73	67	35	60	88	61	18	101	105	73
ENSG00000003989.15	1891	863	2351	5569	1250	1384	10905	820	1342	2300	1875	1044	2606	3404	1089	448	2694	733	2639	3495	153	662	299	1977	795	1401	2690	2810	491	1585
ENSG00000004059.9	5342	15836	7278	6460	5784	7095	7791	7918	12785	5082	6335	7324	4260	7127	9664	6040	3320	7008	6744	5687	12713	4580	3535	6483	6616	4001	4224	4983	6061	6755
ENSG00000004139.12	214	2247	3616	1329	906	1654	243	1229	457	1692	422	2004	355	618	2146	466	1106	2225	2490	1473	650	909	152	977	1153	1152	1074	1008	1726	590
ENSG00000004142.10	5829	11675	15572	4639	3723	6703	4190	6511	7304	6356	4597	7695	3054	4951	12445	2872	4078	7231	9836	5870	6424	7189	3732	5880	6509	3430	6552	3814	9098	8873
ENSG00000004399.11	16027	4469	6012	2530	8208	12514	2275	10088	9564	4704	6663	4883	11048	6011	21443	6280	4944	4337	6492	2807	9157	9732	5718	7021	3629	10898	6021	13131	20102	4529
ENSG00000004455.15	6507	9064	14312	4094	3634	3568	6151	7483	6566	5058	3591	8516	2941	5999	6149	3578	3167	5582	6452	3748	5651	8241	3514	3764	5974	3361	4421	4816	6344	5198
ENSG00000004468.11	98	2044	147	352	129	7246	1691	1729	2640	835	488	1606	134	737	807	37	219	395	3289	106	172	12388	84	118	602	667	619	330	5348	715
ENSG00000004478.7	8868	8846	8559	2801	4372	3349	3634	5390	9715	5115	3741	3448	3239	5824	12049	3273	10176	7861	12808	5635	7759	12364	4113	4524	3217	3566	3277	5788	5584	7230
ENSG00000004487.14	8370	4158	5070	3203	5621	2061	6044	3197	8026	4916	2991	5962	3826	4523	3511	4542	3135	4638	4944	2386	5452	5813	4004	4723	2844	4236	3431	5110	6336	5047
ENSG00000004534.13	3808	4151	2877	9267	4571	2191	3458	4681	6521	3397	3091	3391	3268	8997	4005	3809	2356	5167	4229	7385	2796	4094	1310	5444	3938	5331	1708	4661	1852	2350
ENSG00000004660.13	949	1062	412	225	434	347	155	510	819	255	264	227	331	539	617	2879	217	518	341	167	438	148	176	458	946	376	193	424	206	212
ENSG00000004700.14	2402	1734	1381	1404	1950	1491	724	2055	1174	1457	1619	1726	1414	982	1743	2844	3735	1495	1261	744	846	1301	204	364	2045	1812	469	1207	1391	126
ENSG00000004766.14	1345	2481	1153	1274	902	748	573	802	948	810	1594	1660	599	786	1585	776	788	1152	1409	1173	598	1008	364	787	994	886	768	717	1329	389
ENSG00000004776.10	679	181	128	1729	550	75	591	924	1910	928	879	492	1291	1178	363	9242	264	1109	174	270	1692	542	237	135	4163	576	141	1034	97	28
ENSG00000004777.17	557	621	348	296	411	274	533	504	1259	346	178	1533	721	473	788	1704	297	719	93	455	415	801	1007	190	529	411	238	328	157	353
ENSG00000004779.8	4182	3587	2510	3347	1765	2534	3280	2629	2633	4152	3100	1524	1123	2105	3550	1237	1860	4538	3988	2129	3318	2930	1902	2157	2417	1077	1593	1901	3265	1772
ENSG00000004799.7	503	274	205	2271	575	138	327	1374	1241	355	798	339	2489	4996	305	843	139	308	142	251	80	147	660	210	1787	1027	171	1553	317	209
ENSG00000004809.12	4	11	16	15	8	7	2	6	11	1	7	4	7	19	78	0	3	3	6	10	3	6	8	37	35	15	8	2	18	5
ENSG00000004838.12	42	115	46	799	72	19	85	89	75	324	133	22	24	66	45	105	32	834	66	43	39	116	47	115	76	163	31	91	17	20
ENSG00000004846.15	0	2	15	0	13	0	3	2	439	2	6	3	14	12	3	0	0	15	0	2	0	3	20	10	4	18	0	1	1	1
ENSG00000004848.6	0	0	3	0	9	6	1	3	277	1	1	2	0	1	1	0	0	5	0	4	2	0	28	0	36	2	3	0	1	0
ENSG00000004864.12	1936	1934	1771	1585	1142	873	898	1406	2463	1103	1253	1872	1369	1412	2293	772	1728	1792	1958	1977	869	1450	741	955	1538	1137	1159	1561	2422	863
ENSG00000004866.17	1084	3407	981	1057	824	951	873	1280	1690	1077	1982	1578	743	784	1205	801	530	936	761	1073	1355	1344	877	547	1158	543	474	768	1204	576
ENSG00000004897.10	7500	3970	8154	2964	2686	3145	2253	3199	3013	2276	2572	3127	2918	2824	3028	2676	2842	2796	2918	1511	2608	3580	1324	1181	3418	2175	1982	3432	3609	1381
ENSG00000004939.12	5	0	3	0	0	1	1	8	1	0	0	3	36	6	2	0	6	3	0	2	2	3	0	0	1	1	1	9	1	0
ENSG00000004948.12	4	5	8	5	45	4	6	18	598	13	24	13	6	9	7	6	2	16	19	2	3	15	8	2	29	6	12	1	8	0
ENSG00000004961.13	1324	2856	1117	623	635	1253	1300	1165	826	756	1049	675	547	916	1618	611	789	854	1140	588	1857	1624	840	649	830	604	645	755	2062	1037
ENSG00000004975.10	2175	2805	2353	1754	2174	1823	1981	1154	4170	1762	1377	1838	1343	1969	3873	2604	1819	2170	1881	1161	1730	1526	1979	1732	2274	2051	805	1111	1602	1677
ENSG00000005001.8	8	2	21	0	21	1	4	14	40	28	0	9	6	0	26	1	4	1	3	0	1	5	2	94	1	14	0	0	1	6
ENSG00000005007.11	5833	7929	8138	6240	7017	5048	6155	5715	8459	6036	4635	6716	4128	6244	7370	10307	7518	5735	8584	3941	3590	7963	4371	4069	5972	6025	4761	5415	5658	4214
ENSG00000005020.11	3662	4154	1191	6834	2689	1783	532	4419	2550	3804	7174	5590	2423	3133	2440	675	1555	5365	1042	3553	2315	3151	238	633	1415	1514	1102	1312	887	245
ENSG00000005022.5	12209	17495	13583	8878	7246	7838	9307	12184	8771	7559	10714	14924	6927	10732	16987	8744	12432	5928	12506	6624	21425	10258	8325	11486	15403	5641	9058	7025	19090	8469
ENSG00000005059.14	2245	3130	2278	1174	1604	1461	2146	1871	712	1738	1575	3145	1045	1895	1688	1231	1029	2198	1595	908	2191	1983	351	1225	1721	1496	1379	1105	1006	2090
ENSG00000005073.5	8	0	33	0	227	4	0	9	67	1	4	18	9	0	27	33	19	1	0	22	3	4	36	2	2	4	4	9	39	13
ENSG00000005075.14	2200	5512	2569	1939	1236	2206	3586	2379	2643	2154	1725	3947	954	1811	4591	1733	1210	2541	2319	1620	2849	3768	1399	1957	1555	922	2175	1234	2262	3633
ENSG00000005100.11	2208	2204	1491	1130	1098	917	700	867	1827	1142	821	1089	945	1249	1460	1276	1676	1302	1099	916	745	782	667	733	1420	1007	458	987	1005	541
ENSG00000005102.11	210	31	32	154	558	123	62	357	341	48	350	74	60	184	63	392	165	283	71	1	28	42	13	66	42	907	59	192	329	29
ENSG00000005108.14	356	42	26	415	139	48	36	186	400	39	146	604	328	279	82	277	53	104	43	36	42	103	11	14	91	147	73	388	109	8
ENSG00000005156.10	1086	3373	2816	1026	1082	972	657	1139	1655	1026	917	2709	1071	1069	1790	738	816	1168	1100	841	790	947	910	375	1218	902	797	1136	1228	646
ENSG00000005175.8	1806	1343	1039	552	1027	1093	668	1050	1620	890	969	1106	938	1247	1553	884	1771	1248	859	476	926	1195	580	488	1223	850	737	1136	1211	403
ENSG00000005187.10	57	146	176	724	259	52	51	112	307	268	124	157	174	649	49	32	152	303	162	78	36	127	279	69	209	158	92	72	30	25
ENSG00000005189.18	381	170	174	150	115	145	120	214	314	101	192	117	105	148	582	625	168	186	176	107	204	204	75	128	152	126	175	169	209	109
ENSG00000005194.13	4372	3473	3220	4309	1902	2889	2713	3310	3843	3877	3270	1446	1493	2174	2765	1546	2450	4053	3389	2323	3000	2844	1197	2463	1573	1652	1325	1596	2316	2934
ENSG00000005206.15	2381	3449	5075	5664	3138	2110	3154	3611	3140	2971	1691	2572	2145	4386	3198	1357	2264	3738	2304	2668	2787	5001	2386	2238	964	3154	2513	3098	1848	3690
ENSG00000005238.18	2654	2060	2510	1679	1475	2483	1636	2338	1008	2708	2082	891	1162	1396	3385	1467	1305	3782	2480	1205	1943	1667	259	1177	1436	1129	1951	1992	932	1898
ENSG00000005243.8	1328	2008	2042	804	2530	2874	2248	3624	2217	1580	3177	2479	2404	3677	2026	1128	909	1720	759	709	5340	2552	345	1106	922	806	620	3907	314	3221
ENSG00000005249.11	360	119	219	1502	507	369	158	341	1512	204	258	163	523	653	257	407	535	441	186	696	649	410	367	176	987	750	203	154	98	60
ENSG00000005302.16	1926	3318	1238	818	1107	1489	846	1784	1555	1048	1364	1057	1121	2395	1375	818	680	1163	1289	1104	2304	1429	510	966	1359	1661	975	1539	1718	644
ENSG00000005339.11	5706	4522	5350	5805	5877	2944	3655	4192	9863	2791	4112	10075	5472	4770	4767	5295	4904	9813	3894	3674	2347	6992	3253	2856	5603	7202	4020	4444	6416	2074
ENSG00000005379.14	152	823	1724	2150	1351	240	704	673	1451	729	517	4449	823	483	204	310	339	1336	561	857	185	2266	1229	1491	1923	1798	717	734	134	762
ENSG00000005381.7	12	12	15	3	54	12	27	11	108	23	23	4	29	11	47	9	17	3	23	6	8	11	5	5	14	7	19	20	17	8
ENSG00000005421.7	1	1	16	3	0	0	15	1	8	34	3	46	3	7	0	1	0	19	3	5	0	1	9	6	37	0	6	2	0	0
ENSG00000005436.12	1010	794	1256	740	867	711	910	869	1327	430	454	817	866	961	813	1211	901	857	743	449	465	1458	961	747	1062	871	941	938	1113	580
ENSG00000005448.15	2400	2918	2301	460	539	1224	1066	1316	1719	579	599	759	455	891	845	1011	524	1317	421	383	1038	1329	870	893	610	811	296	638	808	2187
ENSG00000005469.10	900	2351	805	1918	735	702	244	1039	541	1285	1947	1783	579	1482	2169	1028	281	1782	925	1979	654	842	365	442	1194	564	508	540	274	146
ENSG00000005471.14	15	28	41	62	376	60	24	156	101	31	53	81	56	418	36	94	20	50	25	22	66	53	25	46	365	294	112	38	41	11
ENSG00000005483.18	3417	4586	2907	2644	3460	1840	1991	2612	3781	2257	2561	8904	3304	4889	3554	5775	3277	3681	3239	1334	905	4257	1400	1407	4062	4631	2278	2458	2429	850
