TCGA.NQ.A57I.01A	TCGA.UD.AAC1.01A	TCGA.UD.AAC4.01A	TCGA.SC.A6LR.01A	TCGA.UD.AABY.01A	TCGA.MQ.A6BL.01A	TCGA.TS.A7PB.01A	TCGA.TS.A7OY.01A	TCGA.TS.A7OZ.01A	TCGA.3U.A98J.01A	TCGA.SC.AA5Z.01A	TCGA.ZN.A9VP.01A	TCGA.TS.A7P3.01A	TCGA.TS.A7P8.01A	TCGA.LK.A4O2.01A	TCGA.TS.A7P7.01A	TCGA.UD.AAC5.01A	TCGA.MQ.A4LJ.01A	TCGA.MQ.A6BQ.01A	TCGA.SH.A9CU.01A	TCGA.SC.A6LP.01A	TCGA.ZN.A9VO.01A	TCGA.ZN.A9VV.01A	TCGA.3H.AB3K.01A	TCGA.3H.AB3X.01A	TCGA.UT.A88D.01B	TCGA.TS.A7OU.01B	TCGA.UT.A97Y.01A	TCGA.3H.AB3T.01A	TCGA.SH.A7BD.01A
LINC01587	3	0	6	7	7	2	3	2	5	0	0	3	1	3	0	3	1	0	2	1	0	0	3	0	0	2	1	2	1	5
AC000111.6	0	0	0	0	0	0	0	0	1	0	0	0	0	0	0	0	0	0	0	1	0	0	0	0	0	0	0	0	0	0
XXbac-B461K10.4	11	2	9	9	13	2	22	0	15	2	4	43	8	7	3	5	6	5	5	7	4	20	3	7	7	31	7	16	4	1
IGF2-AS	254	1	2	6	15	368	25	4	288	7	3	3	88	8	1	47	4	0	0	5	26	43	188	7	0	111	18	28	260	12
TPTEP1	64	55	1010	2200	2036	23	1281	113	2248	108	91	1079	756	1221	869	20	1034	1519	1557	2946	9	1623	591	88	1005	712	740	878	16	1845
RP11-153K16.2	0	0	0	0	0	0	0	0	0	0	0	0	0	0	0	0	0	0	0	0	0	0	0	0	0	0	0	0	0	0
DLEU2L	15	12	17	18	44	4	6	8	12	10	6	55	20	8	16	24	33	23	14	8	1	29	0	7	18	52	3	32	5	0
RP11-268J15.5	187	77	494	49	167	42	394	154	228	90	53	657	307	173	303	151	74	125	86	56	52	740	432	103	61	172	175	185	152	285
PINK1-AS	328	421	285	204	289	134	167	242	402	315	339	1054	221	246	250	378	161	550	246	310	359	264	137	263	175	327	348	406	162	218
C10orf95	6	17	18	21	8	4	10	11	26	13	12	18	0	15	27	5	9	21	53	14	5	19	12	32	20	19	3	8	8	11
SPG20-AS1	8	3	24	13	18	3	9	4	38	11	9	20	15	20	19	0	24	14	15	22	14	10	15	10	22	7	15	27	2	4
LINC00544	0	1	0	1	0	4	0	4	3	0	2	0	3	2	0	1	1	2	0	0	3	2	0	1	1	3	0	0	0	0
KIAA0087	0	0	1	1	11	0	1	0	2	1	0	2	2	4	0	1	0	0	0	1	0	4	0	0	0	1	0	4	0	0
AC105760.3	0	0	0	1	0	0	0	0	0	1	0	1	1	0	0	1	0	0	0	0	0	0	0	0	0	0	0	0	0	0
DKFZP434K028	1	37	4	24	3	1	8	4	8	3	6	21	5	17	7	1	42	25	17	5	0	9	1	2	12	8	0	2	0	3
LINC00029	0	0	1	0	0	1	22	2	3	0	0	1	1	1	0	0	3	0	2	50	0	1	1	2	0	0	2	1	0	1
FAM182A	2	44	44	12	12	3	1	16	18	14	11	2	13	6	12	4	1	124	0	4	1	14	2	0	6	26	26	28	20	2
C20orf187	0	0	0	0	0	0	0	0	0	0	0	0	0	0	0	0	0	0	0	0	0	1	0	0	0	0	0	0	0	0
MMP24-AS1	1714	7731	3974	2126	1261	1973	7844	2180	3364	1932	3911	3385	1310	3589	4015	1097	774	4959	6423	1991	2629	6331	1995	4884	1682	1002	3343	807	1260	9328
C22orf24	3	20	5	8	14	3	21	7	20	2	5	8	10	13	12	11	4	9	10	3	1	9	6	0	5	7	5	3	7	3
TTTY1B	0	0	0	0	0	0	0	0	0	0	0	0	0	0	0	0	0	0	0	0	0	0	0	0	0	0	0	0	0	0
TTTY1	0	0	0	0	0	0	0	0	0	0	0	0	0	0	0	0	0	0	0	0	0	0	0	0	0	0	0	0	0	0
H19	31900	56065	755	1614	6048	41073	14407	4750	6022	4551	5561	2965	18066	6103	15206	716	3675	3566	1893	3027	649	9884	14066	4264	2733	9575	1111	19876	29226	2006
TTTY9B	0	0	0	0	0	0	0	0	0	0	0	0	0	0	0	0	0	0	0	0	0	0	0	0	0	0	0	0	0	0
RP11-798G7.5	3	1	5	0	0	2	0	0	0	0	0	0	0	1	0	0	0	0	0	0	0	3	1	0	0	0	0	0	0	1
TTTY6	0	0	0	0	0	0	0	0	0	0	0	0	0	0	0	0	0	0	0	0	0	0	0	0	0	0	0	0	0	0
TTTY6B	0	0	0	0	0	0	0	0	0	0	0	0	0	0	0	0	0	0	0	0	0	0	0	0	0	0	0	0	0	0
LINC00470	0	4	1	1	0	0	0	0	2	1	0	1	0	5	3	246	0	2	1	2	7	2	17	0	3	5	11	1	1	6
LINC01260	20	7	14	18	16	39	27	15	20	9	12	68	10	40	3	14	3	12	23	0	7	120	5	7	26	25	16	3	52	5
C7orf69	0	75	5	2	1	81	3	5	0	22	0	0	1	1	5	0	2	3	3	2	41	12	0	3	4	2	0	4	121	0
RP11-84C10.2	10	9	20	2	1	4	5	8	5	1	8	3	1	10	37	0	15	8	11	9	7	2	1	1	3	1	8	2	7	1
RP11-809H16.2	0	0	0	0	0	0	0	0	0	0	0	0	0	0	0	0	0	0	0	0	0	0	0	0	1	0	0	0	0	0
ERVK3-1	721	882	935	624	668	588	484	602	476	580	421	839	499	897	650	683	712	572	362	673	537	1755	417	471	303	740	785	602	843	686
AC062028.1	4	15	1	4	1	0	2	2	5	2	3	6	2	2	1	1	0	1	0	1	2	6	0	4	0	1	2	4	1	0
LINC01558	9	15	10	4	160	35	7	14	292	34	22	164	51	59	15	6	4	46	39	76	13	299	27	1	312	74	41	189	30	24
LINC00525	9	4	1	0	1	17	0	5	4	8	1	1	2	3	0	2	3	3	0	0	5	1	1	0	16	17	2	7	2	1
TTTY7	0	0	0	0	0	0	0	0	0	0	0	0	0	0	0	0	0	2	0	0	0	1	0	0	0	0	1	0	0	0
TTTY7B	0	0	0	0	0	0	0	0	0	0	0	0	0	0	0	0	0	0	1	0	0	0	0	0	0	0	0	0	0	0
C20orf78	0	0	0	0	0	0	0	0	0	0	0	1	0	2	0	0	0	2	0	0	0	0	0	0	0	0	0	0	0	0
LINC00266-1	1	0	1	0	6	0	2	1	8	0	6	1	0	2	1	1	37	2	0	7	0	1	0	0	0	1	0	1	0	0
RP11-96C23.13	3	17	0	35	18	0	8	13	28	10	3	130	11	0	3	29	0	14	2	11	0	39	16	10	35	34	7	11	2	7
PART1	4	3	0	0	2	0	1	1	193	2	1	8	3	37	4	30	0	0	0	0	0	0	0	0	0	1	0	4	0	1
LINC00467	894	559	476	502	171	181	572	196	313	278	159	233	210	206	268	142	386	314	614	83	168	716	100	197	418	143	407	202	99	331
RP11-66N24.4	45	72	38	59	38	17	53	33	39	34	23	45	34	73	31	45	30	40	48	36	18	145	33	45	38	64	43	31	16	76
C1orf147	7	11	6	19	8	6	7	10	14	12	2	15	8	24	29	7	3	12	18	4	4	16	2	2	29	15	2	10	4	0
AC007364.1	0	3	0	0	0	0	1	2	0	0	1	0	0	4	0	0	0	0	0	0	0	0	0	0	7	0	2	0	0	2
C2orf48	21	21	7	3	5	30	20	20	106	11	1	15	10	16	15	24	25	15	2	12	24	44	3	6	28	7	9	14	32	5
LINC01116	4027	101	231	198	504	416	681	481	1566	97	209	1000	318	467	128	140	129	77	550	725	193	920	9228	68	44	68	82	458	82	195
SNHG16	1353	1304	1941	2480	783	859	1179	1274	1075	1071	865	1209	945	1498	1324	1376	1593	1162	1795	787	671	2332	1194	1307	2418	658	739	1328	1796	665
IGF2BP2-AS1	3	0	2	2	6	3	3	0	5	1	2	2	11	6	0	3	9	3	1	0	2	0	6	0	4	3	0	5	0	1
SMAD5-AS1	3	15	8	8	4	8	9	4	7	4	2	1	2	3	1	1	2	2	10	1	7	41	7	7	0	3	15	3	1	20
C10orf25	146	456	203	138	156	121	93	110	106	54	121	207	144	52	41	215	39	135	44	165	115	136	88	29	95	177	49	121	321	111
ZNF667-AS1	179	2287	43	626	610	65	65	772	381	1064	244	1213	340	313	72	357	108	586	137	15	1025	45	125	505	544	509	629	319	65	24
MIR202HG	0	0	0	0	0	0	0	3	4	9	1	2	0	1	0	0	0	2	0	2	0	0	2	1	0	0	1	0	0	0
RP11-93B14.6	2	30	24	14	9	5	1	2	9	2	1	25	5	20	8	1	1	12	4	3	1	33	17	15	3	22	1	0	0	7
LINC00483	0	0	2	0	0	0	1	0	0	0	1	1	0	0	0	1	0	0	0	0	0	0	0	2	0	0	0	0	0	1
AC104389.28	2	0	0	2	4	0	2	0	0	3	0	7	0	1	1	0	0	0	2	0	0	2	15	0	0	2	2	1	0	4
LINC00905	0	0	0	0	0	0	0	0	0	0	0	0	0	0	0	0	0	0	0	0	0	0	0	0	0	0	0	0	0	0
RP11-25K19.1	174	17	20	8	86	111	23	26	93	23	19	93	17	53	44	114	21	38	18	10	52	97	9	20	62	26	10	14	65	13
LINC00917	0	3	3	1	24	1	2	0	5	0	1	0	1	0	0	0	0	0	0	1	0	5	7	0	0	6	1	8	0	1
RP11-262H14.4	48	127	132	21	12	29	41	15	20	7	31	15	26	16	13	15	43	26	36	60	24	29	23	48	15	19	22	22	8	22
LINC00266-3	0	1	0	0	1	0	0	0	0	0	0	0	0	0	1	0	11	2	0	0	0	0	0	0	0	0	0	0	0	0
AC093323.3	982	1209	1065	846	945	583	565	870	1194	1009	627	961	504	894	672	767	247	856	565	500	1098	862	512	702	473	536	601	563	453	664
TPT1-AS1	430	589	457	494	604	151	306	241	676	288	263	488	328	393	206	188	119	456	294	226	316	268	306	281	558	518	236	456	175	156
LINC00208	0	0	0	0	0	0	0	0	0	0	0	0	0	0	0	0	0	0	0	0	0	0	0	0	0	0	0	0	0	0
SHANK2-AS3	0	0	0	0	0	1	0	0	0	0	0	0	0	0	0	0	1	0	0	0	0	0	0	0	1	0	0	0	0	0
MIR31HG	992	104	37	0	24	0	39	36	13	48	65	54	36	4	3	0	8	49	0	19	10	4	3	0	11	0	3	10	1	1
SERHL	9	11	34	58	29	36	7	27	36	41	29	24	20	23	24	43	41	61	43	31	42	10	12	2	56	24	2	16	22	53
MIR4435-1HG	3020	2967	2590	995	923	1568	3325	1043	1366	1014	1072	816	1243	658	3157	479	824	1231	881	698	4829	3765	420	1095	419	800	1544	2202	3105	1848
CMB9-22P13.1	151	156	82	156	124	214	38	87	64	53	145	309	33	68	118	314	31	216	19	229	103	191	65	47	211	59	22	59	721	63
CCDC13-AS1	7	33	11	35	4	3	26	17	44	47	18	23	7	14	15	3	10	45	58	16	5	10	31	7	34	14	8	17	3	10
RP11-89N17.1	2	3	2	4	0	2	2	2	2	2	0	9	0	6	3	0	3	3	2	0	1	3	0	0	1	5	2	4	1	2
RP11-97O12.7	6	17	16	33	9	5	10	13	20	7	10	16	6	25	5	9	6	16	3	17	6	13	9	10	3	5	5	7	2	1
RP11-23P13.6	10	9	7	7	5	15	23	19	11	14	12	11	12	976	16	8	7	20	10	2	20	54	1	14	11	189	3	15	5	5
SNHG11	525	802	581	557	459	493	496	490	758	466	454	312	196	498	516	1202	346	638	565	372	482	932	480	542	375	345	702	353	450	667
C20orf166-AS1	25	4	1	5	43	1	5	5	169	8	0	2	19	5	8	2	6	18	0	4	0	11	669	9	20	8	9	16	0	5
MIR1-1HG	1	0	0	0	7	0	0	0	5	0	0	0	1	1	0	0	1	0	0	0	1	1	13	0	598	0	1	1	0	0
GRIK1-AS1	6	1	8	6	2	2	5	0	17	9	1	38	67	8	2	3	2	9	1	10	0	57	165	1	4	15	5	3	4	3
LRRC75A-AS1	9793	5748	20859	16207	11458	7163	16391	7431	15900	14801	9388	8243	8791	13839	14447	11974	10581	19538	16297	13581	10016	6812	61688	45607	60504	9873	9301	10283	6357	11425
TMEM51-AS1	18	138	106	18	31	18	26	34	69	29	27	53	46	29	73	39	14	62	47	27	30	164	36	62	40	21	44	54	32	57
RP11-276H1.3	2	0	1	1	2	0	1	1	0	2	0	0	1	2	1	3	1	4	1	0	2	0	0	0	0	2	1	1	0	0
LINC00476	183	159	68	91	70	135	81	111	179	127	88	99	94	139	82	120	140	113	106	142	124	89	101	197	192	158	67	87	70	85
LINC00521	0	0	12	1	1	0	0	1	1	0	2	0	1	0	0	0	21	0	2	0	0	0	0	0	3	2	0	0	0	4
C15orf54	10	2	1	0	2	2	0	1	1	0	3	0	7	1	1	0	1	0	0	0	2	3	0	1	0	0	3	3	4	0
LINC01106	38	169	91	33	31	16	39	28	109	60	52	124	22	56	43	19	15	51	37	90	28	55	30	47	95	48	41	26	10	24
RP11-121M22.1	10	16	13	27	3	5	14	7	7	17	19	35	12	26	13	0	15	22	12	11	7	28	10	26	8	15	14	8	2	11
RP11-544L8__B.4	6	0	2	1	1	1	0	1	4	1	1	5	14	1	0	2	3	3	1	0	1	1	0	0	0	3	0	3	1	0
LINC00302	0	0	0	0	0	0	0	0	0	0	0	0	0	0	0	0	0	0	0	0	0	0	0	0	0	0	0	0	0	0
C10orf111	8	24	13	16	4	6	18	14	32	20	6	14	9	19	9	16	5	14	6	14	6	25	16	2	18	11	7	8	18	6
RP11-404O13.5	0	1	0	2	0	2	3	7	1	1	2	2	0	1	1	0	0	1	0	0	0	0	0	1	2	1	0	0	1	0
AC110781.3	1	0	0	0	1	0	1	3	9	0	0	8	1	1	0	1	0	0	0	0	0	2	1	0	0	3	0	0	1	1
RP5-856G1.2	0	0	2	0	0	0	0	1	0	0	0	0	3	0	0	1	0	0	0	0	0	1	0	0	0	0	0	0	0	0
CTD-2368P22.1	301	593	759	306	170	85	94	50	96	123	83	444	248	313	337	317	149	102	91	165	136	367	239	127	211	355	138	113	140	83
C20orf197	103	24	12	11	4	23	5	56	13	11	20	51	22	18	65	4	3	20	13	10	10	35	9	16	36	11	29	14	6	9
TTTY14	28	0	150	113	136	51	177	27	185	13	47	132	92	162	0	95	10	198	144	185	12	140	126	108	122	94	166	0	10	226
C15orf56	0	52	58	23	9	5	24	9	126	10	7	49	9	18	59	9	10	3	20	3	0	36	33	14	25	14	33	3	0	30
LINC00303	1	2	0	0	1	0	0	0	0	2	1	0	1	0	1	0	0	0	2	1	0	0	2	0	0	0	0	1	0	0
MIR7-3HG	2	0	0	0	0	0	4	3	1	0	1	0	1	2	1	2	0	0	0	30	2	2	0	0	0	2	5	0	0	1
RP11-334J6.7	0	0	0	0	0	0	0	0	0	0	0	0	0	0	0	0	0	0	0	0	0	0	0	0	0	0	0	0	0	0
TYMSOS	37	15	33	48	18	52	156	31	160	32	10	16	17	9	144	46	10	22	106	40	91	113	20	45	19	13	18	29	37	154
