TCGA.09.1666.01A	TCGA.61.1721.01A	TCGA.13.0905.01B	TCGA.24.0966.01A	TCGA.61.1733.01A	TCGA.25.2401.01A	TCGA.61.1900.01A	TCGA.24.2298.01A	TCGA.25.1635.01A	TCGA.57.1583.01A	TCGA.24.2035.01A	TCGA.09.1668.01B	TCGA.61.1724.01A	TCGA.24.1930.01A	TCGA.57.1582.01A	TCGA.13.0883.01A	TCGA.13.1499.01A	TCGA.24.1546.01A	TCGA.24.1847.01A	TCGA.13.1506.01A	TCGA.29.1705.01A	TCGA.29.1783.01A	TCGA.13.1477.01A	TCGA.23.2084.01A	TCGA.30.1857.01A	TCGA.13.0916.01A	TCGA.24.1464.01A	TCGA.23.1030.01A	TCGA.WR.A838.01A	TCGA.61.1914.01A
LINC01587	126	2	1274	15	1	8	2	11	8	0	98	20	50	9	9	27	92	3	7	11	37	4	3	4	2	25	4	3	22	23
AC000111.6	1	0	12	1	0	3	0	0	0	1	777	10	0	1	16	1	1	48	0	2	0	7	0	3	4	3	0	5	0	416
XXbac-B461K10.4	3	11	7	0	5	5	15	97	4	24	17	11	29	14	2	61	4	19	10	1	11	23	29	2	24	81	25	26	24	8
IGF2-AS	0	16	0	39	1035	13	5	9	349	0	1279	2	95	53	1347	75	1928	49	0	0	39	960	1779	10	14	0	22	1	5	0
TPTEP1	3622	317	235	3	1405	47	20	94	119	43	191	45	75	53	76	65	166	269	1718	8	71	89	52	120	55	35	547	22	44	32
RP11-153K16.2	0	0	0	0	0	0	0	0	0	0	0	0	0	0	0	0	0	0	0	0	0	0	0	0	0	0	0	0	7	0
DLEU2L	14	13	17	14	11	3	42	27	10	6	7	29	35	16	6	4	10	8	8	1	5	11	18	25	12	38	13	9	71	1
RP11-268J15.5	366	170	615	85	216	196	295	329	112	122	538	248	421	89	126	101	559	332	113	150	235	230	65	188	364	1183	182	242	389	107
PINK1-AS	321	212	181	294	610	293	587	885	277	749	351	187	371	336	361	158	535	330	287	336	406	775	242	406	212	614	163	408	475	479
C10orf95	93	40	342	1563	149	78	86	147	128	311	51	145	164	276	166	408	259	366	368	83	241	535	611	205	61	220	346	219	503	110
SPG20-AS1	80	59	163	65	29	26	128	14	12	60	9	72	16	70	14	53	47	21	14	34	46	124	39	26	18	62	28	203	142	35
LINC00544	0	0	0	0	0	2	0	0	2	0	0	0	1	2	0	0	5	1	1	0	1	1	0	1	4	1	0	0	0	2
KIAA0087	2	0	2	2	2	1	11	3	5	0	2	1	6	0	1	3	8	0	1	3	2	2	3	0	0	6	0	4	24	0
AC105760.3	0	0	0	0	0	0	2	1	1	3	0	0	0	1	0	1	1	1	1	1	2	2	4	1	1	1	3	2	2	0
DKFZP434K028	5	2	14	1	2	0	5	12	6	11	5	14	13	3	0	7	6	8	8	2	7	6	8	1	2	12	4	2	4	4
LINC00029	0	0	1	0	1	0	1	0	0	0	2	0	0	0	0	11	5	0	0	2	0	0	4	0	5	0	0	0	0	1
FAM182A	19	5	18	41	5	5	31	8	1	6	17	13	2	1	3	46	28	33	1	22	0	41	3	9	10	162	39	10	43	6
C20orf187	0	0	0	0	0	0	1	0	0	0	0	1	0	0	0	0	0	0	0	0	0	0	0	0	0	1	0	0	0	0
MMP24-AS1	2159	2674	5430	1901	5409	2021	3695	4203	2116	1967	1516	2258	3926	8921	1645	2803	7276	5346	2820	1418	5182	7198	4470	5213	3621	11145	2528	4239	2809	4147
C22orf24	8	3	65	2	11	13	21	16	11	39	10	18	17	9	18	3	17	10	12	10	15	29	1	33	3	32	2	13	11	8
TTTY1B	0	0	0	0	0	0	0	0	0	0	0	0	0	0	0	0	0	0	0	0	0	0	0	0	0	0	0	0	0	0
TTTY1	0	0	0	0	0	0	0	0	0	0	0	0	0	0	0	0	0	0	0	0	0	0	0	0	0	0	0	0	0	0
H19	455	3528	127	5708	228412	21123	1205	3096	113777	9159	239443	23510	681	1691	847	70806	3455	16015	23874	34	2123	82140	1435	16145	4230	967	48918	78806	480	29432
TTTY9B	0	0	0	0	0	0	0	0	0	0	0	0	0	0	0	0	0	0	0	0	0	0	1	0	0	0	0	0	0	0
RP11-798G7.5	0	0	0	0	0	1	9	2	2	0	0	12	0	1	3	2	3	4	1	0	1	4	10	0	0	8	9	1	4	3
TTTY6	0	0	0	0	0	0	0	0	0	0	0	0	0	0	0	0	0	0	0	0	0	0	0	0	0	0	0	0	0	0
TTTY6B	0	0	0	0	0	0	0	0	0	0	0	0	0	0	0	0	0	0	0	0	0	0	0	0	0	0	0	0	0	0
LINC00470	1	1	6	14	21	0	206	1	7	1	1	6	40	10	3	0	8	0	1	54	1	5	3	1	1	24	14	16	23	7
LINC01260	52	6	96	119	134	48	10	48	26	120	21	46	77	129	24	21	99	29	47	33	35	72	16	87	14	579	32	70	69	14
C7orf69	0	0	0	0	0	1	0	0	0	0	2	0	0	1	0	0	0	1	1	0	0	0	0	0	0	0	3	1	0	0
RP11-84C10.2	0	2	2	0	2	6	2	0	4	0	3	0	1	2	2	2	10	0	1	5	4	4	0	1	0	5	0	1	0	4
RP11-809H16.2	0	0	0	0	0	0	0	0	0	0	0	0	0	0	0	0	0	0	0	0	0	0	0	0	0	0	0	0	0	0
ERVK3-1	1029	504	1086	485	534	601	1119	503	631	6843	479	682	883	662	599	570	786	707	576	565	520	668	457	1782	374	2902	603	269	1492	1258
AC062028.1	16	3	59	27	19	4	28	4	33	47	2	19	110	13	5	4	6	6	6	23	27	27	5	14	3	103	14	24	12	21
LINC01558	74	76	137	40	70	38	81	886	228	23	166	211	583	326	14	152	22	10	59	67	189	119	79	91	193	61	194	84	44	2
LINC00525	0	2	47	0	4	3	9	2	1	5	17	16	10	42	1	2	7	5	9	10	2	2	3	5	2	4	2	3	0	23
TTTY7	0	0	0	0	0	0	0	0	0	0	0	0	0	0	0	0	0	0	0	0	0	0	0	0	0	0	0	0	0	0
TTTY7B	0	0	0	0	0	0	0	0	0	0	0	0	0	0	0	0	0	0	0	0	0	0	0	0	0	0	0	0	0	0
C20orf78	0	0	0	0	1	0	0	2	0	11	0	0	0	0	1	2	2	0	0	0	0	4	0	0	0	1	0	0	0	0
LINC00266-1	1	0	1	0	8	0	2	2	2	1	0	1	3	0	0	1	1	1	1	0	1	3	1	3	0	0	3	0	1	4
RP11-96C23.13	23	16	5	4	1	5	5	5	5	35	4	3	26	15	7	10	3	11	5	2	10	20	7	9	5	41	9	16	15	1
PART1	1084	170	6271	3084	39	479	1927	28	1657	3937	1736	3435	17	667	1423	1880	7817	677	2009	1065	3339	1584	11572	2729	74	120	1206	3509	233	5447
LINC00467	533	137	1807	779	491	316	930	459	513	276	376	788	238	1211	207	397	1064	386	685	1015	664	568	720	526	1255	772	625	916	390	909
RP11-66N24.4	89	41	106	43	52	21	97	146	24	121	27	74	112	113	90	107	160	55	86	17	26	65	97	85	200	107	131	62	133	45
C1orf147	10	6	18	10	5	11	11	27	27	14	7	34	16	33	2	33	7	14	36	8	20	16	11	19	24	34	2	18	10	2
AC007364.1	2	0	4	0	2	1	4	2	0	2	2	1	2	1	3	2	0	0	0	0	0	0	5	1	12	5	0	2	0	0
C2orf48	5	1	24	89	74	16	151	30	45	38	10	53	11	38	17	25	61	18	19	116	10	19	16	30	6	164	11	42	228	4
LINC01116	73	1110	449	5505	60	369	288	3162	45	72	276	310	170	338	98	200	4160	138	334	559	1173	438	161	239	294	815	186	467	86	407
SNHG16	2868	1969	1351	3818	1788	2039	6390	2782	1804	5843	1625	4402	1977	2645	3681	4929	2331	2880	2552	4476	4062	4636	5481	4726	1214	3001	6173	5356	4875	4187
IGF2BP2-AS1	13	0	14	14	15	11	138	70	6	8	48	361	1	8	58	25	112	4	89	12	5	36	52	26	32	65	69	83	67	4
SMAD5-AS1	4	3	0	4	0	1	1	0	4	2	1	4	2	0	1	0	3	0	0	0	0	0	2	2	2	4	0	0	1	8
C10orf25	541	203	292	383	896	271	543	158	287	60	180	125	262	221	268	198	569	150	241	243	325	607	95	282	91	758	243	268	665	221
ZNF667-AS1	1615	1410	8530	835	1505	1694	3224	1285	1848	3544	824	1671	3412	1317	1034	1664	3568	2709	791	1766	1157	2239	2024	2629	703	5918	443	1029	3804	3461
MIR202HG	0	639	0	150	0	0	261	0	0	0	1	0	0	0	0	0	1	1	26	1	0	178	6	71	0	27	30	0	4	29
RP11-93B14.6	4	5	83	0	4	14	38	3	1	1	5	9	8	1	42	4	27	0	6	6	5	3	0	4	3	239	3	0	2	2
LINC00483	2	0	4	0	0	3	3	4	0	9	4	2	7	3	4	2	0	0	0	1	1	0	0	2	3	10	2	2	10	0
AC104389.28	0	0	0	8	2	0	2	0	0	6	13	1	0	2	0	0	20	5	1	20	1	3	0	1	0	6	3	3	13	0
LINC00905	0	0	0	0	0	0	0	0	0	0	0	0	0	0	0	0	0	0	0	0	0	1	0	0	0	0	0	1	2	0
RP11-25K19.1	216	113	290	85	432	130	279	89	139	21	108	84	178	64	130	109	577	54	195	233	94	63	215	46	53	486	206	41	444	393
LINC00917	0	0	0	1	0	0	0	0	0	0	0	0	0	0	0	0	0	0	0	2	0	0	0	0	0	0	0	0	1	0
RP11-262H14.4	67	44	106	236	49	22	116	96	25	106	17	59	29	67	18	96	68	59	36	22	48	28	136	48	29	95	110	71	103	20
LINC00266-3	0	0	0	0	0	0	0	1	0	1	0	0	1	0	1	0	0	0	0	0	0	0	0	0	0	0	2	0	0	0
AC093323.3	831	783	1708	1470	934	604	2448	476	1550	617	1233	1291	1881	581	1876	787	2118	1169	2126	990	1464	974	864	1006	818	3145	1386	591	1326	1194
TPT1-AS1	581	1266	1813	680	990	357	1496	1526	822	649	944	1057	713	1059	887	906	2135	946	1186	630	917	1128	1740	582	1057	2097	685	1171	2575	457
LINC00208	0	0	0	0	0	0	1	0	0	0	0	0	0	0	2	0	0	0	0	0	0	0	0	0	0	1	0	0	0	0
SHANK2-AS3	0	0	0	0	1	1	0	3	0	0	4	1	3	1	0	0	1	0	3	1	0	2	11	3	4	5	0	0	2	0
MIR31HG	73	5	3	69	539	17	0	146	171	5	7	14	20	6	6	39	49	15	41	1	5	27	1	1	6	1	2	56	0	10
SERHL	18	65	65	68	15	35	71	96	49	38	55	43	88	24	59	10	121	67	38	66	54	48	55	75	67	280	27	74	83	50
MIR4435-1HG	447	329	2216	2275	523	1367	1172	2127	791	773	627	1610	733	1101	1419	1456	1898	1569	1162	459	1775	682	3324	1126	6539	4035	1269	727	290	1310
CMB9-22P13.1	112	189	1506	542	390	89	767	615	98	480	246	550	686	298	961	170	1185	267	464	667	194	1032	199	455	2561	917	286	255	236	1333
CCDC13-AS1	62	4	77	58	40	3	26	34	50	18	10	16	12	26	8	28	51	11	16	4	48	35	39	6	7	225	20	28	17	1
RP11-89N17.1	1	3	4	1	6	2	1	3	0	0	0	4	0	2	0	3	0	0	7	2	4	1	2	2	10	2	0	1	3	11
RP11-97O12.7	11	24	18	7	6	4	11	10	7	15	9	11	2	25	4	20	21	26	10	3	20	3	40	5	19	62	25	14	48	8
RP11-23P13.6	36	10	70	222	3	7	11	22	13	11	9	21	204	9	4	44	38	7	18	1	24	168	2	1	75	32	12	40	94	23
SNHG11	885	357	1008	2036	1215	759	1151	519	869	819	422	472	905	1167	1022	743	854	843	726	801	1466	2085	799	997	818	3683	1495	695	1017	1523
C20orf166-AS1	0	17	5	0	1	3	55	6	27	4	39	1	9	0	9	0	16	11	1	2	9	2	0	14	7	1	0	5	3	1
MIR1-1HG	0	0	0	0	0	0	3	0	0	0	0	0	1	1	0	0	2	0	0	0	0	0	1	0	0	0	0	1	1	0
GRIK1-AS1	0	15	2	0	0	5	4	12	1	2	2	0	2	4	1	15	5	1	1	1	0	3	4	2	1	3	1	1	39	0
LRRC75A-AS1	16194	37607	15901	42916	13235	17344	21697	12240	10089	24352	10164	8680	17216	33501	11907	50932	28037	15398	11337	18400	23625	73513	70121	15763	10276	18984	23927	53662	39876	41540
TMEM51-AS1	55	106	181	33	50	90	67	168	63	242	20	45	103	83	41	50	140	69	94	37	51	95	46	252	63	216	98	121	183	41
RP11-276H1.3	11	3	23	13	7	3	4	33	9	9	17	29	28	29	16	16	35	11	13	8	10	4	14	10	20	31	22	10	32	7
LINC00476	140	261	631	489	204	127	367	351	330	188	106	388	326	340	203	183	268	355	373	104	370	172	257	244	155	321	129	168	233	228
LINC00521	2	0	4	0	0	0	2	0	2	4	2	2	2	0	0	0	0	0	0	0	0	0	0	0	0	64	0	1	6	3
C15orf54	2	0	5	0	0	3	4	3	2	13	5	5	2	4	2	5	9	4	1	0	6	5	0	3	4	3	0	2	6	1
LINC01106	306	50	375	10	42	89	230	181	124	81	153	255	287	46	175	202	122	68	244	124	125	122	126	277	133	381	126	69	295	97
RP11-121M22.1	22	28	148	101	34	50	113	17	15	20	49	90	34	70	28	41	112	28	58	17	21	80	53	18	154	121	16	88	20	88
RP11-544L8__B.4	7	7	6	3	0	0	4	2	9	0	2	8	0	9	0	12	11	0	8	0	2	2	7	0	0	14	6	4	14	3
LINC00302	0	0	0	0	0	0	1	0	0	0	0	0	0	0	0	0	0	1	0	0	0	0	0	0	1	0	0	0	0	0
C10orf111	70	15	76	125	49	29	63	37	74	64	7	87	45	43	30	64	114	12	39	28	58	35	31	49	25	220	92	36	122	87
RP11-404O13.5	5	0	0	0	0	0	2	0	0	0	0	9	2	1	2	2	7	5	4	2	2	8	0	1	5	2	0	0	0	1
AC110781.3	0	1	3	2	2	0	1	1	2	0	7	1	3	3	2	2	4	2	6	0	0	1	7	5	2	5	0	0	4	0
RP5-856G1.2	7	1	5	3	1	0	6	76	1	5	4	3	0	10	3	8	9	0	3	1	1	17	1	8	0	5	0	5	0	3
CTD-2368P22.1	745	401	1282	188	440	181	1130	356	284	433	119	337	574	201	84	507	413	401	164	157	181	364	416	595	145	876	315	212	926	258
C20orf197	34	1	23	13	18	19	17	29	43	63	6	8	53	36	6	28	112	22	42	1	22	14	8	66	29	21	10	6	3	9
TTTY14	0	0	2	0	0	0	0	3	1	0	0	1	0	1	0	0	0	0	0	0	0	0	0	1	1	1	0	0	0	0
C15orf56	166	18	192	67	27	65	47	44	173	47	33	65	93	39	69	55	46	89	85	23	75	117	114	71	56	165	48	62	32	34
LINC00303	2	0	4	7	0	0	0	0	0	6	1	30	1	3	2	3	11	3	6	13	1	1	1	2	3	48	2	6	52	11
MIR7-3HG	0	0	13	0	0	0	0	0	1	2	0	1	0	1	1	0	1	0	27	1	2	1	2	0	1	11	0	0	5	0
RP11-334J6.7	0	0	0	0	0	0	0	0	0	0	0	0	0	0	0	0	0	0	0	0	0	0	0	0	0	0	0	0	0	0
TYMSOS	70	14	482	138	28	172	283	95	130	106	75	171	205	50	88	71	84	30	147	87	171	28	168	156	80	1380	56	42	97	208
