TCGA.09.1666.01A	TCGA.61.1721.01A	TCGA.13.0905.01B	TCGA.24.0966.01A	TCGA.61.1733.01A	TCGA.25.2401.01A	TCGA.61.1900.01A	TCGA.24.2298.01A	TCGA.25.1635.01A	TCGA.57.1583.01A	TCGA.24.2035.01A	TCGA.09.1668.01B	TCGA.61.1724.01A	TCGA.24.1930.01A	TCGA.57.1582.01A	TCGA.13.0883.01A	TCGA.13.1499.01A	TCGA.24.1546.01A	TCGA.24.1847.01A	TCGA.13.1506.01A	TCGA.29.1705.01A	TCGA.29.1783.01A	TCGA.13.1477.01A	TCGA.23.2084.01A	TCGA.30.1857.01A	TCGA.13.0916.01A	TCGA.24.1464.01A	TCGA.23.1030.01A	TCGA.WR.A838.01A	TCGA.61.1914.01A
ENSG00000000003.13	6043	4537	7346	6018	3034	2460	8407	2373	11859	6626	2829	5510	7201	3601	5827	4852	5208	2462	6652	4575	3635	3505	3721	8631	2847	16204	4105	3009	6136	13576
ENSG00000000005.5	4	954	8	2	1	8	18	1	37	39	24	4	0	11	0	5	118	26	0	0	3	3	0	17	31	838	3	1	8	10
ENSG00000000419.11	3383	1543	7918	2889	4195	3114	4075	2252	4585	3467	1086	4288	5311	3675	4963	2532	4862	3271	4567	2674	5822	6368	1716	4370	2543	6467	3706	1660	2954	7739
ENSG00000000457.12	988	593	1385	430	712	422	1239	951	1141	919	385	910	1407	1158	1041	1124	1304	620	783	393	1033	1306	730	952	778	1999	653	583	1194	982
ENSG00000000460.15	585	173	1104	118	480	402	1188	463	1154	549	208	840	782	488	1274	732	517	230	672	594	915	571	176	1568	272	1789	419	255	740	635
ENSG00000000938.11	325	569	194	167	199	534	168	298	588	124	791	466	343	772	188	533	1211	882	940	188	287	811	70	517	529	1351	224	161	127	334
ENSG00000000971.14	6952	11436	8209	5453	2167	3093	873	3270	8136	569	3780	4026	2271	3299	1364	4045	4386	3031	2075	288	2322	1780	1127	2432	2770	11250	878	663	405	1294
ENSG00000001036.12	3312	2874	3709	1752	1531	2712	4935	3850	6064	2618	1940	2667	3176	5927	5683	3441	4303	1719	3035	2676	2768	3809	2273	6862	1881	9180	3021	2470	5720	2417
ENSG00000001084.9	1663	550	1454	667	1844	1046	3400	2314	1679	2666	362	1884	1359	1491	2350	2608	2367	1289	3436	903	2159	1885	1160	2786	1110	2705	1909	712	4457	877
ENSG00000001167.13	2777	1153	1744	1052	1353	2370	2951	994	1650	2400	969	2910	2299	2050	1874	1729	2109	1458	2389	1032	1498	3132	1426	2739	1178	3916	1573	1538	3964	2065
ENSG00000001460.16	817	435	692	1388	1614	660	1302	1856	1009	746	566	667	1327	708	839	666	1296	1212	664	336	993	1136	389	782	465	1775	614	588	725	1350
ENSG00000001461.15	1869	843	1749	2456	3802	1712	4445	6110	3314	3313	1987	1852	12085	2415	2958	1021	2781	3771	3878	774	3393	3352	970	3249	3614	4783	1003	2706	1970	2068
ENSG00000001497.15	3116	1326	4136	2287	1024	2316	3697	2222	4711	4053	1294	3531	2997	3336	1535	2497	2162	2924	3079	2212	4033	1872	2407	5241	2363	9614	3039	1564	4679	2164
ENSG00000001561.6	1989	497	870	885	1310	848	2698	1206	1120	749	509	2449	4124	1969	687	1108	1281	1123	647	798	889	1655	957	2050	1074	2106	649	358	1468	3183
ENSG00000001617.10	11833	1104	9412	8922	3349	4158	20255	1852	7566	19552	11461	12421	7502	3942	4718	7298	6618	3210	19477	3407	7098	17937	5255	7690	9304	21394	5944	4533	9311	2029
ENSG00000001626.13	2155	15	34	15	16	494	3	4	371	74	2350	4422	14	65	2005	464	721	474	22	214	142	992	69	34	292	309	10	1313	41	2220
ENSG00000001629.8	4993	1643	5620	952	3371	3380	3859	4145	3654	3321	2448	3354	5879	4244	3704	2693	3683	3320	3071	1645	5857	4210	2102	6307	2271	11754	2541	1389	6773	3773
ENSG00000001630.14	220	155	362	30	141	242	181	392	174	183	78	144	1139	205	137	140	81	508	191	78	255	169	74	599	148	808	63	56	237	188
ENSG00000001631.13	2388	1137	3051	807	1347	1327	2497	1821	1704	1834	1233	1188	3323	2481	2133	1837	1845	2549	1658	970	2855	2343	1020	3780	1163	7160	1645	1163	3082	1762
ENSG00000002016.15	804	385	649	285	1089	433	1867	2281	594	952	497	679	784	1117	718	920	1098	796	547	713	939	1024	449	621	447	2670	701	402	2439	474
ENSG00000002330.12	3211	1894	5246	7484	2516	2854	5537	2162	2529	1452	2108	2871	2577	2217	3415	1883	5451	3982	3389	2426	2385	5726	5811	3094	3818	12131	3033	1715	1191	5304
ENSG00000002549.11	19739	2972	12768	10698	4309	13133	3129	7550	12325	10604	7527	8916	9715	9514	6456	4335	9089	5981	18136	3964	6362	6085	2578	13706	2861	32100	7331	5130	5630	6383
ENSG00000002586.16	13549	15340	20206	6743	5816	10691	7810	13246	20050	4504	11215	7396	11040	15953	6319	10011	17608	16565	7704	4730	11384	6528	10071	16945	13990	27832	3333	5759	2276	7717
ENSG00000002587.8	414	10865	312	318	363	732	1402	345	2472	98	356	432	236	489	251	431	787	734	740	206	425	511	378	2021	825	801	509	194	279	886
ENSG00000002726.18	300	10	7682	508	6	2589	546	11	1976	12	269	2642	2247	4055	1583	62	2418	313	1260	790	954	3536	177	7	5564	2448	73	106	160	7537
ENSG00000002745.11	3	13	0	2	0	4	82	21	25	1	24	3	3	9	0	182	309	24	9	1	2	3	3	2	51	3	8	8	8	5
ENSG00000002746.13	19	51	26	174	278	75	39	127	270	15	55	50	96	67	52	130	68	376	41	33	213	145	1249	79	39	195	16	120	86	48
ENSG00000002822.14	834	735	2908	2228	1567	1409	2105	1032	1533	1008	1663	1142	1670	1416	574	1405	3040	1290	3743	1230	1698	3473	1912	2167	2403	5235	997	1750	2076	647
ENSG00000002834.16	10236	11321	13101	5305	17096	11909	20591	24775	18673	15212	11322	13314	12883	16538	18360	19258	20320	12169	24106	6046	26627	17825	11514	28803	10898	23880	5973	6665	8580	16691
ENSG00000002919.13	1694	866	1158	526	1072	1076	1631	2173	1325	1012	647	1570	1609	2067	1878	839	1142	1162	1686	470	1754	1157	1100	1838	856	3200	1457	359	876	3137
ENSG00000002933.6	1172	5570	4508	848	1702	5006	681	1137	12917	219	3072	3845	4409	14905	1573	3257	6246	3201	3554	1237	8885	3642	5407	1603	6897	1059	671	1385	184	1837
ENSG00000003056.6	4980	2187	3981	1078	4741	3762	10077	5487	6122	5617	1987	5804	6185	7697	3563	4092	3088	5305	4493	6188	3509	6211	883	6101	869	9681	1847	2171	6878	4119
ENSG00000003096.12	265	492	159	25	11	48	1238	78	842	9	156	116	253	37	212	114	104	49	205	44	89	71	48	70	128	1521	215	30	104	173
ENSG00000003137.7	714	256	78	5	58	125	650	124	254	679	249	374	95	125	70	663	836	140	12	20	55	249	64	141	72	305	38	193	46	12
ENSG00000003147.16	827	363	2835	746	1209	757	1466	939	1215	218	805	1305	833	1216	342	626	1154	482	405	777	830	1794	1618	1258	964	2938	687	2880	2089	991
ENSG00000003249.12	1778	250	9270	2317	2664	1686	2244	3912	1598	13644	503	2612	5138	902	1988	2080	4760	1146	2713	1735	1950	3493	5560	12409	1091	5880	2485	1455	2550	2706
ENSG00000003393.13	1446	741	2238	585	1793	1010	1995	2274	1254	2166	631	1647	1847	1085	1575	1409	1780	1175	859	598	938	1874	891	1615	603	4075	1032	907	3026	938
ENSG00000003400.13	3455	714	3941	610	591	1772	353	1410	532	1777	989	2252	1157	1176	851	1631	1402	643	1366	531	632	987	1353	2195	471	3805	287	1576	972	2181
ENSG00000003402.18	6139	3268	9710	2471	3861	4181	3941	15058	4030	5444	2967	7956	10144	6135	2870	4265	6739	5546	4883	2913	2371	6338	3497	7149	3859	14520	3097	4778	9188	2986
ENSG00000003436.13	255	5445	481	70	341	265	431	326	201	437	1836	696	418	357	312	268	875	223	291	219	324	446	183	312	570	614	230	188	84	300
ENSG00000003509.14	795	330	1102	552	685	453	1205	1098	896	644	345	880	1015	547	746	643	1183	580	715	856	1253	870	552	958	673	1523	749	524	1922	919
ENSG00000003756.15	4863	3529	4645	2990	2538	2472	7870	4741	4268	7633	2492	4288	4935	3784	2377	5244	3206	2660	4676	1574	4089	4751	2679	4105	2532	9492	1865	3453	6659	2587
ENSG00000003987.12	280	88	597	124	95	28	332	132	153	19	59	258	560	68	57	158	185	78	57	295	91	62	101	99	54	220	53	86	114	81
ENSG00000003989.15	8675	8240	4900	4933	85	192	759	111	1693	50	1720	1955	1419	76	3248	4609	654	1738	3380	3596	1351	149	1334	4586	77	135	3802	1129	3660	1004
ENSG00000004059.9	14807	4284	9139	23664	9928	10820	19240	8293	8999	8729	13226	5245	15128	10023	4347	5570	10384	13408	8770	8837	10596	15486	8856	11588	10033	24027	8286	5152	6552	13572
ENSG00000004139.12	532	544	566	305	616	367	586	2694	1380	872	289	538	1497	815	651	789	343	843	654	551	843	1000	159	995	232	2608	155	600	1248	119
ENSG00000004142.10	4662	3260	6505	5467	4901	4129	5790	6092	6752	5829	2360	3996	6241	6775	8429	5063	7093	5574	5344	5007	5881	6359	4772	6769	4569	20431	4628	4498	9262	3706
ENSG00000004399.11	4065	7278	3773	1277	2371	9391	9886	5998	9842	15534	7442	8261	4012	10365	4890	7414	8568	16874	10677	2227	9285	17589	1070	9717	8762	11807	2723	4188	2750	2901
ENSG00000004455.15	10008	3295	14154	10347	12212	7387	12555	19937	10816	4960	4086	6671	32233	11862	11049	3879	7879	8073	12946	8119	13799	7955	2859	27123	9309	22050	17454	6455	8025	25249
ENSG00000004468.11	556	89	311	132	69	353	262	146	455	145	319	1629	301	1228	208	171	1546	73	1233	235	61	353	27	227	109	1815	214	109	294	325
ENSG00000004478.7	21642	4476	9023	7339	20140	9948	48431	21665	19928	27288	10016	10359	20318	13710	20872	8041	31094	12914	12395	19272	14675	14116	7525	22687	4401	98083	22698	4590	24124	12060
ENSG00000004487.14	4426	3049	4849	3118	10848	5273	14635	9116	8485	9827	3509	5656	10992	4096	11330	4000	10564	3627	4600	8372	10485	10857	1970	8744	3909	14762	3785	7489	12332	8483
ENSG00000004534.13	3099	2020	3044	2154	1422	1969	5403	3192	3942	4678	2197	3053	3759	2429	2086	3480	4731	2387	3668	1436	2870	4049	2448	2939	2560	11167	2230	2402	6565	1739
ENSG00000004660.13	127	229	219	338	223	162	840	653	387	1403	221	320	445	215	251	411	581	1015	336	362	265	1480	34	793	310	371	236	92	1969	180
ENSG00000004700.14	1143	621	1562	113	859	918	1638	1280	2603	932	586	1203	1954	1387	875	1018	757	815	1004	1519	1428	1262	109	1629	254	3577	192	309	1717	634
ENSG00000004766.14	1520	618	1631	499	1125	1084	1126	943	852	1147	485	636	1850	1525	1191	926	932	1466	876	512	1495	1449	487	2342	865	4941	1000	546	1487	1585
ENSG00000004776.10	273	6320	1633	667	1511	1134	2868	183	1059	7327	4363	649	2430	277	368	592	4919	968	904	859	790	7037	978	4675	835	27390	357	672	892	768
ENSG00000004777.17	1582	635	3475	538	1757	1316	2863	2882	4261	1518	547	2401	1664	1150	900	1463	2741	1925	1130	1331	2105	555	1043	2986	1410	8011	795	443	1536	275
ENSG00000004779.8	8640	1919	6785	15651	4299	2608	5475	4717	3643	4083	2348	3027	4904	4321	7060	2385	4147	3610	3722	3230	3688	3811	3039	6142	3293	13341	5910	1792	1876	11779
ENSG00000004799.7	925	15041	1166	552	354	689	2962	953	1178	473	4585	850	1286	1000	384	799	2538	949	626	183	905	754	268	547	721	3871	947	324	2226	637
ENSG00000004809.12	6	8	52	1	1	2	23	178	142	1	8	4	46	7	2	4	81	1	14	71	8	21	1	35	0	48	2	1	10	12
ENSG00000004838.12	1037	43	767	12026	419	151	752	145	440	275	39	395	688	257	400	3302	485	150	1047	287	295	1400	258	441	94	4887	996	144	838	1117
ENSG00000004846.15	4	35	2	5	26	5	437	11	7	3	24	3	11	0	6	144	54	1	0	0	2	59	716	1	11	105	28	51	5	5
ENSG00000004848.6	6	7076	9	64	0	0	685	2	8	0	4	0	2	6	1	1	3	2	340	15	2	534	297	753	2	3	194	2	146	199
ENSG00000004864.12	2157	588	2161	1104	1374	2734	3204	2024	3158	2040	1051	1310	1963	2851	7065	1328	1918	2131	2517	1468	4040	3488	800	3784	1473	7988	1263	2088	2638	2892
ENSG00000004866.17	4490	1090	2390	2721	1748	2582	2584	1917	2370	2314	1533	2432	1958	1747	1176	1678	2450	2551	2921	1697	1699	3427	1335	4170	2077	10679	1688	2490	2984	3444
ENSG00000004897.10	4538	1938	2180	904	1561	1992	5387	4727	3062	2286	1673	5659	3565	2836	4683	2490	3019	2367	2243	1687	3106	2927	2686	5449	1397	5684	2419	724	3076	6057
ENSG00000004939.12	2	1	6	2	0	3	9	21	5	11	25	8	28	5	0	2	6	29	14	4	7	3	3	7	2	11	11	9	25	17
ENSG00000004948.12	4	9	2	2	10	20	12	2	6	6	9	1	10	27	11	7	4	9	18	0	12	19	4	16	1	20	3	2	4	8
ENSG00000004961.13	2116	781	2647	1284	1002	1232	3677	1739	2146	1507	1168	1599	2834	2581	1744	1150	1814	1679	1540	1239	2835	1350	771	4094	1469	5179	1453	731	735	1720
ENSG00000004975.10	1326	2105	1791	1936	3494	1683	6576	2063	2068	2222	1288	2398	2327	2382	2943	2806	2825	3876	2070	2409	2580	3373	1173	2853	1318	6298	1570	1855	9620	1659
ENSG00000005001.8	147	28	381	675	307	193	2564	2124	1773	4	88	1929	489	931	1060	623	1315	728	748	1397	754	937	408	438	1473	102	570	890	297	1059
ENSG00000005007.11	7647	3286	6250	11347	3256	7547	8985	10429	9771	13957	4664	8154	13074	8534	10275	7278	5597	14554	11957	9879	11586	25399	4582	14960	6627	30720	4753	4375	6780	5550
ENSG00000005020.11	1523	1465	4154	265	494	1071	2644	815	3342	682	2900	977	931	1566	2177	1880	1859	1676	2052	202	969	2416	1067	964	2286	564	546	549	479	1460
ENSG00000005022.5	20701	6806	26151	40753	6929	16704	20146	22614	23500	27383	7585	13945	36361	50492	24208	13279	10397	20801	36212	18159	34895	13434	7893	42989	13107	40502	11516	8868	15650	38168
ENSG00000005059.14	2091	829	3199	3034	997	2358	546	2619	1227	1493	1256	3586	1621	1520	777	638	2153	2682	3253	1565	1449	1278	755	3853	2382	3922	2544	692	564	2055
ENSG00000005073.5	1	6	0	8	18	33	1	33	48	6	101	7	33	5	39	27	8	20	2	5	2	3	8	1	32	19	0	0	0	2
ENSG00000005075.14	3836	2214	10189	8812	3975	4269	4004	2657	4014	4770	2894	2155	4287	4571	3615	1611	7058	4360	3299	3624	6010	5451	5636	4924	6088	15937	5520	3620	2545	9116
ENSG00000005100.11	1273	647	844	578	750	1257	3204	849	1309	2239	478	1220	1779	1174	1845	1932	1434	1475	772	1263	1244	1601	744	2065	863	3529	1427	1176	6499	585
ENSG00000005102.11	613	83	195	1672	11	301	2422	1095	30	2796	1524	1912	29	281	2297	112	1165	4255	1609	188	2088	140	611	5348	190	23	788	398	257	867
ENSG00000005108.14	42	630	824	416	131	124	442	53	129	72	337	160	63	158	559	65	978	109	127	12	84	509	513	53	930	249	195	621	120	126
ENSG00000005156.10	1544	986	917	1161	1286	1192	2101	2014	2215	2387	926	1847	2318	1477	4199	2137	1966	1622	1063	1288	2308	1832	1310	4013	563	5262	1679	2123	3817	1820
ENSG00000005175.8	2382	938	2586	1287	1311	1245	2412	1760	3024	2465	918	2901	2350	1655	2186	1546	2885	924	2291	2030	2069	2031	1104	3325	1336	3748	2039	1335	3963	2105
ENSG00000005187.10	1978	11171	2005	1054	374	498	2859	368	540	958	1503	2328	618	1136	832	1482	9993	1273	604	740	405	552	3490	1089	177	1323	458	1600	779	1658
ENSG00000005189.18	583	115	1466	652	132	220	532	382	1052	423	281	768	551	195	1096	354	2017	236	646	358	1196	177	191	1039	324	3238	175	211	175	298
ENSG00000005194.13	1855	1029	4249	3092	2540	2033	2195	4847	2648	5610	1858	2252	2400	2856	3969	2936	3317	2839	2135	2702	3397	3101	2290	7882	1140	4989	1875	2635	2312	3296
ENSG00000005206.15	1821	1210	5624	2431	2550	1308	3080	2234	2209	2111	1263	2227	2709	4665	3803	3622	2454	2470	2596	525	3856	3128	4338	3614	2126	9968	2445	1901	2711	1486
ENSG00000005238.18	1075	653	1511	411	771	721	616	2418	1585	584	619	1481	1096	1730	638	786	2161	1518	2042	312	898	804	641	1172	773	1732	400	406	523	769
ENSG00000005243.8	185	555	359	118	995	1006	557	1288	1322	241	1167	333	650	659	600	656	1455	1804	517	135	765	874	429	419	1397	694	146	150	56	621
ENSG00000005249.11	1041	2285	2993	663	744	384	1862	533	7331	3248	637	1548	2380	1650	204	719	2360	1162	1426	445	1877	1140	538	1903	2208	4434	879	373	755	460
ENSG00000005302.16	4339	1505	2534	1506	1655	1354	5187	2146	3605	1500	3032	1903	1968	2513	3081	1778	4278	1810	1792	1645	1853	1966	1044	4467	1525	7316	1961	1587	1410	2203
ENSG00000005339.11	6782	7485	5371	4302	11506	5613	26442	10183	11267	10336	8691	10284	9423	10864	12009	11687	12625	15499	7165	5501	8688	10488	6531	18023	3466	18594	7556	6142	12399	2760
ENSG00000005379.14	2394	1042	1621	2553	794	1064	6188	1730	1838	4459	1186	4007	2150	1514	1554	2133	2372	2646	1091	664	1109	2003	2267	1312	530	5259	2203	2843	5534	632
ENSG00000005381.7	3	11	23	15	42	17	69	22	19	32	17	47	96	8	8	28	68	26	11	19	234	18	9	9	11	47	13	7	36	20
ENSG00000005421.7	3835	42	124	217	20	98	11	2	6	204	3036	271	20	9	48	12	44	67	1330	19	221	4	16	14	31	1372	36	17	51	163
ENSG00000005436.12	2078	760	2856	920	728	583	1421	996	1067	1082	628	1296	1588	711	702	856	2338	951	1173	721	970	1316	1548	1522	1259	1471	1918	1070	3150	1167
ENSG00000005448.15	1663	780	6788	5788	3275	975	5528	1949	3068	1656	827	1102	1128	957	2275	2586	3058	1653	1526	2196	1756	1732	975	1860	1443	3796	2754	989	2416	1236
ENSG00000005469.10	1323	605	1504	487	761	319	1777	531	341	790	270	437	1168	975	427	1045	583	1232	738	164	556	1187	914	998	333	2293	506	296	740	1073
ENSG00000005471.14	44	33	73	1	50	64	28	22	86	27	40	44	11	95	13	176	143	104	133	6	123	106	40	49	57	73	18	25	14	28
ENSG00000005483.18	9410	4463	8322	3376	5026	4617	5844	6694	6336	6428	4688	11237	6663	6594	5986	4293	6162	8050	4473	3994	6094	8729	3982	7396	3461	11041	2950	5907	14688	3431
