TCGA.3A.A9IB.01A	TCGA.2J.AABF.01A	TCGA.HZ.A49I.01A	TCGA.3E.AAAY.01A	TCGA.IB.AAUW.01A	TCGA.F2.6880.01A	TCGA.F2.7273.01A	TCGA.HV.A7OL.01A	TCGA.3A.A9IS.01A	TCGA.M8.A5N4.01A	TCGA.IB.7652.01A	TCGA.IB.AAUP.01A	TCGA.2J.AABP.01A	TCGA.L1.A7W4.01A	TCGA.H6.8124.01A	TCGA.LB.A9Q5.01A	TCGA.FB.AAPY.01A	TCGA.HZ.8637.01A	TCGA.IB.A6UF.01A	TCGA.XD.AAUL.01A	TCGA.FB.AAQ0.01A	TCGA.US.A774.01A	TCGA.FB.AAPU.01A	TCGA.HZ.8317.01A	TCGA.HZ.7924.01A	TCGA.2L.AAQM.01A	TCGA.HZ.8003.01A	TCGA.IB.AAUQ.01A	TCGA.HV.A5A5.01A	TCGA.2J.AABI.01A
LINC01587	1	8	1	2	3	1	16	1	0	0	7	2	0	1	5	7	6	2	8	0	15	3	0	9	9	0	4	6	4	1
AC000111.6	9	31	2	18	23	22	33	3	0	1	18	4	0	0	5	5	12	12	25	5	4	17	19	32	11	0	24	9	31	1
XXbac-B461K10.4	7	4	5	5	17	3	13	2	11	20	5	17	4	8	31	7	11	18	6	9	2	5	7	9	3	11	5	9	10	10
IGF2-AS	11	149	10	54	62	29	35	16	0	11	17	8	36	131	9	34	9	197	4	18	16	28	34	13	1	0	35	47	105	14
TPTEP1	776	205	323	200	458	84	1148	52	31	163	508	198	98	59	153	96	274	200	73	276	61	105	62	527	1380	74	214	97	70	100
RP11-153K16.2	0	2	0	0	0	0	0	0	0	0	0	0	0	0	0	0	0	0	0	0	0	0	2	0	0	0	0	0	0	0
DLEU2L	18	25	16	16	34	6	30	0	24	14	15	30	15	34	53	4	11	49	22	18	18	22	9	18	19	12	11	19	20	12
RP11-268J15.5	147	308	380	497	108	16	91	1018	23	1455	153	174	150	953	258	70	502	232	160	491	661	213	617	262	88	190	62	275	80	327
PINK1-AS	392	328	187	235	340	141	479	143	310	181	377	372	287	211	354	141	224	264	269	352	92	280	135	271	599	279	261	198	179	233
C10orf95	33	77	97	67	57	9	37	82	181	46	42	33	5	94	48	17	39	48	42	134	63	34	58	30	92	173	28	28	38	155
SPG20-AS1	4	5	12	15	12	1	8	5	3	7	6	5	11	1	2	3	9	14	4	6	5	8	1	10	5	8	11	4	8	12
LINC00544	0	3	0	4	2	0	5	0	0	0	0	13	4	0	1	1	3	8	0	0	0	2	0	0	0	0	2	1	1	2
KIAA0087	4	6	3	5	25	3	7	1	0	1	1	9	1	0	7	3	1	23	8	2	0	6	0	11	11	45	5	0	6	2
AC105760.3	0	0	1	0	0	1	0	0	0	0	1	1	1	0	3	0	2	3	0	0	0	0	2	0	1	0	0	0	0	0
DKFZP434K028	9	38	172	18	52	13	16	21	14	45	57	16	0	0	15	7	39	16	26	28	57	25	68	28	72	114	10	9	18	9
LINC00029	0	0	0	0	0	0	0	0	0	0	1	0	0	0	0	0	0	1	1	0	0	0	0	0	1	0	0	0	0	0
FAM182A	7	11	3	1	1	0	15	1	16	1	0	14	0	3	17	3	3	4	4	1	7	5	0	3	2	53	3	1	1	2
C20orf187	0	0	2	1	0	0	0	0	0	0	0	0	0	0	0	0	0	0	0	0	0	0	0	0	0	0	0	0	0	0
MMP24-AS1	2705	2766	2459	2174	2529	980	2795	2158	1726	2243	3490	1426	2178	2407	2412	1239	1627	1885	2269	4087	2006	2395	2627	1552	4095	6187	1323	1675	2317	2431
C22orf24	9	6	8	13	6	1	4	13	8	3	11	7	5	22	5	2	8	10	7	8	10	2	11	5	22	1	7	2	9	5
TTTY1B	0	0	0	0	0	0	0	0	0	0	0	0	0	0	0	0	0	0	0	0	0	0	0	0	0	0	0	0	0	0
TTTY1	0	0	0	0	0	0	0	0	0	0	0	0	0	0	0	0	0	0	0	0	0	0	0	0	0	0	0	0	0	0
H19	5110	1139	819	4326	4308	450	4826	404	21	847	997	1460	1384	32418	1239	1923	1054	719	7551	1101	445	3284	215	2751	271	138	1675	3914	986	1722
TTTY9B	0	0	0	0	0	0	0	0	0	0	0	0	0	0	0	0	0	0	0	0	0	0	0	0	0	0	0	0	0	0
RP11-798G7.5	1	5	1	0	1	0	4	0	1	4	0	2	1	1	0	0	6	1	0	0	0	2	0	1	3	1	1	0	0	0
TTTY6	0	0	0	0	0	0	0	0	0	0	0	0	0	0	0	0	0	0	0	0	0	0	0	0	0	0	0	0	0	0
TTTY6B	0	0	0	0	0	0	0	0	0	0	0	0	0	0	0	0	0	0	0	0	0	0	0	0	0	0	0	0	0	0
LINC00470	1	1	2	13	28	3	1	0	0	2	1	5	2	3	2	0	10	13	8	0	1	0	2	1	1	1	4	3	16	2
LINC01260	61	100	7	15	13	0	13	99	1	74	9	104	8	12	2	6	79	60	7	0	54	43	16	48	16	9	33	9	5	16
C7orf69	2	3	2	2	1	0	6	0	0	1	9	1	0	0	3	1	4	7	2	2	0	2	0	1	1	1	0	2	0	2
RP11-84C10.2	5	1	18	6	4	0	7	0	0	1	4	3	4	0	4	0	3	5	3	2	0	0	0	2	4	0	0	0	2	2
RP11-809H16.2	0	0	0	0	0	0	0	0	0	0	0	0	0	0	0	0	0	0	0	0	0	0	0	0	0	0	0	0	0	0
ERVK3-1	547	1085	462	730	855	259	821	375	767	579	527	1081	792	661	1204	293	621	1136	848	522	741	573	670	540	1062	691	543	486	387	481
AC062028.1	1	13	4	2	10	7	9	16	3	7	2	11	9	36	8	9	9	7	8	3	6	6	18	7	9	10	4	2	5	6
LINC01558	19	19	13	46	40	4	29	2	9	8	56	46	11	5	10	10	32	40	37	13	39	20	4	25	70	0	40	65	33	43
LINC00525	9	35	5	9	2	0	3	8	16	32	30	21	30	4	11	3	3	36	59	2	2	18	7	1	3	56	25	21	22	82
TTTY7	0	0	0	0	0	0	0	0	0	0	0	0	0	0	0	0	0	0	0	0	0	0	0	0	0	0	0	0	0	0
TTTY7B	0	0	0	0	0	0	0	0	0	0	0	0	0	0	0	0	0	0	0	0	0	0	0	0	0	0	0	0	0	0
C20orf78	0	1	0	0	1	1	1	0	0	0	1	1	0	0	0	0	0	0	0	0	0	0	0	1	1	1	0	1	0	0
LINC00266-1	3	3	1	1	2	1	0	0	8	1	2	3	0	3	4	0	0	3	1	1	1	0	3	0	3	4	3	3	0	4
RP11-96C23.13	11	4	6	12	7	2	6	2	1	7	3	4	0	2	6	3	2	2	4	6	2	6	1	7	3	5	8	6	5	23
PART1	23	18	3	25	57	6	55	19	2767	1	13	15	10	7	11	0	23	30	6	11	4	16	29	249	249	1677	13	33	18	3
LINC00467	262	493	349	470	411	216	338	367	406	567	784	330	171	751	505	243	544	1284	350	664	273	395	638	328	618	257	401	274	413	1294
RP11-66N24.4	54	90	72	70	76	17	32	38	22	67	22	58	17	60	85	17	93	165	77	37	133	55	86	40	89	118	35	31	47	73
C1orf147	11	24	9	9	16	3	9	3	2	13	13	31	4	10	4	3	15	49	9	14	12	9	24	11	12	1	9	9	13	28
AC007364.1	0	0	0	0	1	1	0	0	0	3	0	5	0	0	0	0	0	0	0	1	1	1	0	0	0	2	0	3	0	1
C2orf48	8	41	26	10	7	5	2	18	0	15	5	19	12	47	10	6	5	35	14	29	60	16	27	9	8	0	21	3	2	127
LINC01116	151	112	25	133	99	17	113	166	10	47	89	80	664	46	113	44	86	143	20	70	40	141	59	130	83	29	116	81	68	80
SNHG16	1501	897	448	745	987	350	1698	423	768	483	1068	965	965	2456	847	432	721	941	855	692	496	805	2335	738	2177	392	889	579	695	2133
IGF2BP2-AS1	9	4	5	5	6	0	0	0	0	1	1	3	0	8	2	1	3	2	6	4	13	1	7	1	11	0	0	1	0	15
SMAD5-AS1	4	7	3	3	4	3	2	2	0	1	4	5	2	0	2	2	2	5	6	0	2	5	8	6	6	6	3	5	6	3
C10orf25	256	194	53	107	197	55	270	82	240	75	200	174	105	153	144	54	95	372	189	130	104	101	104	120	256	55	133	168	98	239
ZNF667-AS1	311	505	208	508	907	222	1451	95	1739	135	437	481	104	127	339	214	326	589	310	441	140	482	123	490	725	1693	455	404	548	202
MIR202HG	4	1	1	13	4	0	10	2	0	3	1	4	0	0	0	1	6	7	1	1	4	2	2	0	0	0	0	1	1	0
RP11-93B14.6	5	20	13	12	11	4	3	5	1	5	48	19	3	30	11	2	9	20	9	13	20	11	13	6	30	8	6	3	8	5
LINC00483	20	259	5	63	29	0	115	315	0	113	330	177	0	0	2	9	152	91	3	44	835	25	707	106	955	2	18	3	58	0
AC104389.28	3	1	0	5	0	0	2	0	0	1	1	1	0	1	0	1	0	2	1	1	0	1	0	0	3	0	7	0	1	0
LINC00905	0	0	0	1	1	0	2	0	0	0	0	0	0	0	0	0	1	0	0	0	0	0	0	0	0	0	0	0	0	0
RP11-25K19.1	111	82	121	44	124	33	148	61	206	23	72	113	28	62	187	31	75	175	14	70	15	67	91	60	247	25	56	60	51	143
LINC00917	1	0	0	0	1	0	0	31	0	1	0	0	0	0	0	0	1	0	0	0	0	0	0	0	0	0	0	15	2	0
RP11-262H14.4	22	46	17	19	33	40	29	41	54	13	41	41	15	49	26	10	27	53	17	24	13	21	25	28	62	44	42	22	53	52
LINC00266-3	0	0	0	0	0	0	1	0	3	0	0	0	0	0	0	0	0	0	0	0	0	0	0	0	0	0	0	0	0	0
AC093323.3	674	1085	623	844	825	187	777	1781	1878	386	1092	823	1530	1899	935	312	1027	1002	1373	767	550	683	958	714	1156	1847	435	552	620	2006
TPT1-AS1	521	809	906	563	644	136	547	276	719	587	496	653	234	519	869	171	656	643	687	719	1135	417	895	413	467	1281	394	520	343	848
LINC00208	0	0	0	0	0	0	1	0	0	0	0	0	0	0	0	0	0	0	0	0	0	0	0	0	0	0	0	0	0	0
SHANK2-AS3	0	0	0	0	0	0	0	0	0	0	0	0	1	2	0	1	0	1	1	0	1	0	0	0	0	0	0	0	0	3
MIR31HG	70	82	38	33	53	0	31	35	0	69	71	10	54	66	449	27	55	4	7	7	916	29	0	27	87	0	7	252	49	196
SERHL	16	41	17	52	64	20	22	20	39	13	14	47	43	49	59	20	30	45	47	37	10	22	12	31	76	74	40	31	38	56
MIR4435-1HG	2212	1701	1339	1704	1092	124	2085	1963	131	1271	2270	1102	3447	2664	2016	749	1583	1718	2585	1388	1826	1483	815	1132	660	468	789	1766	1015	3402
CMB9-22P13.1	265	82	45	67	62	7	53	44	294	96	50	123	73	130	274	24	43	123	179	122	175	60	58	41	51	33	59	122	54	169
CCDC13-AS1	16	26	16	31	29	12	12	5	190	8	5	24	2	7	18	14	24	32	16	22	4	12	6	30	7	133	9	16	7	12
RP11-89N17.1	2	5	0	4	5	1	2	0	3	2	3	3	0	0	8	0	1	3	0	2	2	4	1	3	0	1	1	5	2	5
RP11-97O12.7	11	15	14	18	24	6	11	9	18	12	11	16	13	2	41	2	16	17	13	23	60	16	54	14	11	15	13	3	16	42
RP11-23P13.6	21	221	567	416	155	112	26	1333	0	59	146	226	15	13	81	61	274	139	98	82	207	59	304	105	85	1	62	131	93	115
SNHG11	376	601	486	505	467	141	360	614	594	449	438	414	754	551	528	160	534	755	588	586	412	485	495	344	732	796	263	341	445	975
C20orf166-AS1	21	8	2	18	33	0	7	6	14	4	7	6	4	3	24	2	1	8	0	15	5	10	7	71	77	1	6	7	5	6
MIR1-1HG	0	0	0	1	0	0	0	1	0	1	0	0	0	0	2	0	0	1	0	0	0	0	0	3	5	0	0	0	1	1
GRIK1-AS1	10	76	11	40	38	9	35	7	2	0	8	14	8	0	11	16	11	7	11	14	6	13	2	14	4	0	19	5	37	2
LRRC75A-AS1	10193	10329	74899	10857	16555	4423	16672	6290	11658	3983	13836	10391	11132	14086	17288	4815	10580	10829	11502	7986	15529	9464	19659	9591	26131	13291	6649	7191	7270	16035
TMEM51-AS1	402	780	362	522	773	331	430	524	18	686	607	243	95	366	381	247	491	438	438	551	764	466	380	393	474	152	496	218	462	114
RP11-276H1.3	2	0	0	0	1	0	2	2	2	3	1	4	0	1	1	0	4	0	1	1	3	2	2	0	1	5	2	1	0	0
LINC00476	103	209	136	157	269	115	246	155	363	43	260	331	149	54	84	88	179	401	115	121	59	123	174	153	373	175	156	91	138	233
LINC00521	0	0	0	0	0	0	1	0	0	0	0	2	0	1	0	0	0	0	0	0	0	1	2	0	0	0	0	0	0	14
C15orf54	9	6	2	4	7	0	9	0	1	2	9	5	8	0	2	1	3	5	5	1	0	7	0	6	1	1	1	4	4	6
LINC01106	72	40	128	74	128	20	88	37	16	68	162	28	83	76	74	42	87	95	198	30	72	86	71	53	109	42	38	100	89	70
RP11-121M22.1	23	15	42	21	33	14	21	11	3	17	39	21	0	39	22	15	23	57	10	31	13	25	22	24	26	7	23	18	21	71
RP11-544L8__B.4	5	0	3	6	2	2	3	0	4	4	4	6	1	6	4	2	0	4	3	3	0	2	3	3	9	6	2	4	2	0
LINC00302	0	0	0	0	0	0	0	0	0	0	0	0	0	0	0	0	0	0	0	0	0	0	0	0	0	0	0	0	0	0
C10orf111	5	16	9	15	19	5	15	10	25	11	13	12	7	10	8	7	20	19	9	18	7	16	7	7	20	16	13	11	9	16
RP11-404O13.5	0	0	3	4	4	2	9	2	0	3	12	10	1	2	1	0	1	23	0	2	4	2	2	3	10	0	5	1	3	0
AC110781.3	6	2	0	4	1	4	1	0	2	0	1	1	0	1	1	1	4	3	2	1	0	2	0	0	2	0	3	2	0	4
RP5-856G1.2	0	6	4	5	3	1	4	3	0	2	19	2	0	0	1	0	4	23	1	7	9	4	11	3	7	0	3	2	2	4
CTD-2368P22.1	200	217	179	230	359	110	441	55	448	186	346	513	53	170	217	68	157	593	520	230	273	231	23	188	332	625	284	259	195	48
C20orf197	12	21	22	22	29	1	2	6	1	7	21	33	14	650	10	10	15	40	9	14	4	12	0	4	12	5	25	13	11	793
TTTY14	0	230	144	190	0	78	152	67	118	0	0	74	0	1	2	0	207	0	65	128	138	0	0	0	1	23	0	82	0	0
C15orf56	5	25	10	36	57	34	32	8	1	1	38	3	4	37	25	24	22	8	21	32	9	35	18	29	28	21	32	13	38	144
LINC00303	0	2	0	1	1	0	0	0	0	2	1	3	1	1	0	0	0	1	0	1	0	0	1	2	3	0	1	3	1	1
MIR7-3HG	46	532	71	219	606	133	1307	31	7007	0	150	71	0	46	155	60	251	749	50	157	19	31	137	9	78	4033	382	334	455	16
RP11-334J6.7	0	0	0	0	0	0	0	0	0	0	0	0	0	0	0	0	0	0	0	0	0	0	0	0	0	0	0	0	0	0
TYMSOS	19	20	8	22	24	16	12	40	8	7	16	28	16	89	35	9	24	38	9	14	12	23	89	32	62	48	7	20	36	76
