TCGA.3A.A9IB.01A	TCGA.2J.AABF.01A	TCGA.HZ.A49I.01A	TCGA.3E.AAAY.01A	TCGA.IB.AAUW.01A	TCGA.F2.6880.01A	TCGA.F2.7273.01A	TCGA.HV.A7OL.01A	TCGA.3A.A9IS.01A	TCGA.M8.A5N4.01A	TCGA.IB.7652.01A	TCGA.IB.AAUP.01A	TCGA.2J.AABP.01A	TCGA.L1.A7W4.01A	TCGA.H6.8124.01A	TCGA.LB.A9Q5.01A	TCGA.FB.AAPY.01A	TCGA.HZ.8637.01A	TCGA.IB.A6UF.01A	TCGA.XD.AAUL.01A	TCGA.FB.AAQ0.01A	TCGA.US.A774.01A	TCGA.FB.AAPU.01A	TCGA.HZ.8317.01A	TCGA.HZ.7924.01A	TCGA.2L.AAQM.01A	TCGA.HZ.8003.01A	TCGA.IB.AAUQ.01A	TCGA.HV.A5A5.01A	TCGA.2J.AABI.01A
ENSG00000000003.13	2863	2220	1062	1890	2473	1296	3078	785	39	1291	2479	1321	1858	5226	4618	1203	1425	5530	2477	2451	1050	2101	2207	2601	4109	300	1521	1095	1892	2184
ENSG00000000005.5	2	3	3	9	13	11	3	1	4	1	2	4	0	1	1	2	3	49	0	1	0	3	2	7	5	2	3	4	0	0
ENSG00000000419.11	1511	1640	1228	1496	1595	567	1876	1106	1375	1126	2380	1390	2619	3128	2321	785	925	3164	3256	1432	1364	1453	1725	1847	2142	1011	1347	978	1085	2151
ENSG00000000457.12	630	1468	852	848	1342	324	1495	316	895	637	1283	859	363	737	1346	399	832	2289	959	705	983	1121	1651	934	2969	356	827	518	1075	1028
ENSG00000000460.15	287	538	186	253	187	63	294	138	117	204	383	356	422	703	350	130	171	842	441	238	211	231	830	271	520	91	269	203	187	440
ENSG00000000938.11	851	2004	2525	1198	1151	113	3323	530	134	1585	2491	1266	1092	189	374	634	1481	5387	341	1424	111	999	136	540	1065	234	1463	301	766	815
ENSG00000000971.14	10640	9893	4256	8962	17885	899	23071	2146	283	3530	13489	7134	7516	2675	19280	2999	7084	22761	5978	4135	1475	9739	3203	13562	14826	2307	4508	6481	6683	11435
ENSG00000001036.12	4655	5650	3098	3334	3332	1747	3715	2346	3333	2228	5091	3198	6193	4077	3514	1903	3423	5602	2378	4021	3423	3620	4830	3776	7159	2118	2959	2815	3481	1648
ENSG00000001084.9	1359	2814	1097	1407	2842	794	3529	366	1548	1014	4456	2140	1521	1309	1577	1001	1261	5098	1227	908	992	2096	1251	2712	6608	2141	1561	1751	1774	1082
ENSG00000001167.13	1741	2429	1277	1204	1809	325	2996	587	573	1438	3494	1595	670	1973	1517	604	937	2450	1400	1462	1192	1230	3269	1173	2853	475	1094	909	810	1893
ENSG00000001460.16	897	599	902	626	830	244	772	431	700	561	972	487	318	988	1421	316	497	1037	837	910	377	694	390	476	931	387	496	511	397	454
ENSG00000001461.15	2406	2227	1312	1721	3983	1281	4016	1186	1817	1248	2934	2372	720	2397	3082	1585	1498	5735	2230	2274	816	2728	1331	2349	4642	1268	2106	1603	1647	1433
ENSG00000001497.15	2059	2472	1666	1773	2079	777	2335	1932	1661	1496	2743	2211	3447	2141	2425	1065	1859	2594	2272	1758	1832	2078	2121	1442	2894	3226	1511	1459	1582	4486
ENSG00000001561.6	633	1855	1790	1323	2379	624	4365	294	2009	1292	4873	882	253	4829	956	803	509	3718	720	1795	416	1260	1970	1682	3608	2133	1388	869	1355	354
ENSG00000001617.10	4147	1704	1458	1967	1646	417	2760	1013	968	1275	2612	2296	2598	1869	8445	1664	1283	1930	1442	1321	1316	1875	521	1648	2715	5225	784	2230	1562	2724
ENSG00000001626.13	4051	33652	4829	22387	69200	24446	47304	915	22	398	45353	3956	2	543	4552	15591	11017	10792	15938	8740	1089	23470	25541	36800	16644	96	23017	7380	46058	438
ENSG00000001629.8	4148	3740	1594	1904	3038	762	5735	814	2389	2835	5482	3349	1558	6345	5284	1066	1632	4996	2247	3004	2070	2711	5420	2981	5766	1441	3285	2630	1933	2969
ENSG00000001630.14	190	568	341	265	788	220	733	85	591	430	1050	183	68	516	337	278	131	316	218	412	244	473	1606	280	530	183	252	196	168	141
ENSG00000001631.13	1216	2101	1124	1305	1733	522	2365	360	1900	1271	3582	1652	978	2806	2688	629	893	3094	1184	1168	1231	1456	2322	1558	2977	1734	1548	1181	999	1720
ENSG00000002016.15	492	889	275	495	562	154	474	212	750	355	489	445	156	459	353	166	389	918	716	356	504	269	623	378	672	560	388	348	270	1968
ENSG00000002330.12	2551	2096	2525	1971	1781	819	1682	3520	1048	2279	2149	1432	1898	1513	1690	1031	2158	1907	2674	2981	1615	2033	3160	1291	1945	1801	404	1558	1687	3338
ENSG00000002549.11	4228	11229	3268	8064	6706	868	10144	5377	2332	4029	7581	5844	12834	3841	2953	2033	4358	32540	2608	4413	1841	5690	4150	4433	7949	1313	7516	3122	5364	4087
ENSG00000002586.16	13732	18104	11444	12335	10586	5587	28392	13056	10767	9813	19950	16616	24597	25959	11801	5591	11891	16992	8190	21394	4354	12330	8001	7467	9330	7698	11222	15873	9143	18881
ENSG00000002587.8	1362	1500	2757	3621	3339	83	976	5683	28	2623	2630	958	177	469	3137	1373	1559	2180	2148	5561	2390	1090	8062	2743	4405	560	611	502	4231	2028
ENSG00000002726.18	1360	4836	5318	3051	2448	51	3165	6417	2	3498	30106	5175	43	20	2446	753	7705	1259	3461	2660	5894	5476	12337	2247	18526	497	1278	1906	1753	190
ENSG00000002745.11	14	18	10	13	19	5	30	3	0	19	18	71	40	30	62	4	17	34	35	11	21	11	18	11	21	1	17	10	5	31
ENSG00000002746.13	90	35	29	31	44	6	167	39	0	71	98	156	62	88	171	28	94	167	36	332	97	272	48	43	40	1	71	116	75	59
ENSG00000002822.14	1971	1894	1306	1716	1274	407	1715	2744	901	1604	1912	2626	5039	1049	1291	1042	1461	1503	1918	1981	1206	1698	1070	1186	1441	3689	717	1564	1063	3737
ENSG00000002834.16	19482	21823	11702	13003	18662	3699	22740	9292	9638	14796	20034	18875	12214	12266	19563	9516	12316	22578	11067	23399	13956	18432	23517	12430	33570	13660	12198	11395	12867	23923
ENSG00000002919.13	1206	1566	1066	1388	1457	441	1785	1498	1070	1177	1290	1624	1136	490	1175	791	1119	2482	619	1680	747	1495	1357	1090	2177	1054	1174	968	1038	1566
ENSG00000002933.6	4309	5776	4416	2745	6364	444	8608	5936	2123	8924	9458	6844	13311	1345	3885	1344	6130	16293	12729	7879	4553	5874	7929	2912	10850	20117	3374	5832	7649	3250
ENSG00000003056.6	4436	6063	2154	2224	4475	1116	9084	842	3845	2201	10873	4245	2747	3727	4910	1880	2086	9243	2315	3273	1658	4488	3768	3408	8006	1748	4584	1492	2915	10618
ENSG00000003096.12	229	212	57	172	378	150	1180	14	36	56	364	181	58	402	69	137	79	838	96	121	22	193	84	379	689	170	252	78	101	155
ENSG00000003137.7	101	221	133	138	182	51	270	56	205	99	78	934	200	402	118	37	79	1180	233	255	30	117	101	333	134	19	182	266	71	282
ENSG00000003147.16	1991	2954	2586	2715	2615	1642	2436	1907	2581	2038	5159	1866	326	2284	2121	1207	2528	2624	1658	2632	3153	2095	4419	2433	4244	5378	2004	1978	1663	1787
ENSG00000003249.12	1379	980	768	665	840	535	1145	1068	577	804	910	607	38	1965	584	389	1184	568	649	1763	1006	1767	698	804	900	590	898	670	852	442
ENSG00000003393.13	1307	1924	931	1327	2088	469	2568	661	1611	929	2334	1050	685	3144	1307	637	1104	3133	1209	1464	1195	1421	2107	1399	3660	699	1397	811	1090	1357
ENSG00000003400.13	1310	2299	1324	1627	2084	266	2945	1176	136	1413	2659	1555	697	988	744	568	1931	4625	1204	1349	2735	1877	3045	1365	3659	376	1250	1265	1394	1416
ENSG00000003402.18	7593	12078	6580	9040	11614	2548	12332	5421	2790	10664	11572	9213	3326	11831	5986	3806	7001	25459	10055	12901	6285	7925	9582	8299	13474	1834	7812	5372	6410	15025
ENSG00000003436.13	12023	6792	7903	4024	6300	551	9295	2008	80	5473	5958	3748	2034	5293	10124	2665	4427	3608	25117	16812	2962	4358	3848	5525	10732	1277	2674	3067	4527	7323
ENSG00000003509.14	652	730	390	527	668	169	751	502	279	454	671	760	409	651	642	232	691	963	585	762	566	565	840	600	1147	549	507	451	373	828
ENSG00000003756.15	3440	6871	4562	5008	5915	1587	6131	2908	9850	4824	4196	6995	2844	3843	5648	1969	5459	7241	5196	4675	5370	3938	3843	3866	7833	5466	3924	3523	3851	5103
ENSG00000003987.12	50	228	58	81	222	76	382	27	3578	47	189	74	80	54	132	42	74	499	77	92	99	55	48	91	97	232	301	109	159	126
ENSG00000003989.15	1981	4409	551	1700	4101	3905	12677	147	57795	486	4316	1078	1884	756	2502	2034	1071	5236	975	1399	328	2755	688	6893	3976	2628	9169	1547	2673	16513
ENSG00000004059.9	7952	7894	6295	6546	5574	2980	7634	7638	6151	4160	8201	5233	6216	7623	4243	2885	6949	7828	8243	6269	5409	6557	9352	4772	8752	10279	4111	5592	5758	9893
ENSG00000004139.12	261	582	320	458	829	400	885	124	1566	241	562	502	186	177	666	276	323	645	217	499	394	584	290	396	655	1167	536	264	405	527
ENSG00000004142.10	5134	5786	3886	4429	5128	2967	6513	4542	4867	3406	5103	3124	5313	3204	5291	2617	4465	7732	3527	4816	3725	5271	6470	5126	9031	5113	4339	3548	3880	7293
ENSG00000004399.11	14051	9415	5580	6559	7805	1494	16477	2619	1752	5939	12513	7747	17111	7588	6833	2979	5059	14311	4089	6556	2192	8429	2663	7337	7729	5656	6588	6872	6667	8338
ENSG00000004455.15	5007	6166	4015	4894	5171	1553	6577	5966	3659	3261	5554	4193	5456	5848	6751	2128	4845	7830	5824	4793	4242	4340	7577	4258	9114	2392	3558	3858	3188	5219
ENSG00000004468.11	163	769	362	330	481	8	652	573	32	265	756	1763	851	82	115	84	219	3505	69	158	12	731	68	194	1423	43	851	165	223	334
ENSG00000004478.7	7372	8390	3261	3319	5542	2130	9394	6931	12387	2905	10545	3438	4343	7933	5613	3037	4185	6129	13602	4285	5387	4480	14651	4728	10096	3907	4449	4309	4708	23090
ENSG00000004487.14	5120	3853	3007	3119	3937	1361	6019	3416	3266	3274	4291	4203	5661	5652	6816	1612	3929	5261	6724	4337	3469	4496	3521	3424	7256	2444	3388	4514	2510	3964
ENSG00000004534.13	2856	6104	4227	5388	6824	1302	4197	4069	6057	3560	3878	5885	3187	3107	4346	1643	4787	7107	4887	4128	5189	3359	3912	3158	6341	5015	3097	4245	3368	4150
ENSG00000004660.13	474	867	416	795	1053	475	1216	210	1083	478	749	602	684	464	902	323	661	1116	706	505	358	796	501	733	984	1103	757	500	751	425
ENSG00000004700.14	2156	2081	636	951	1280	233	3964	161	814	1005	2837	2052	234	1695	1863	582	620	3399	739	1300	435	1529	1084	1539	2693	363	1768	915	739	2793
ENSG00000004766.14	968	1525	623	1180	1260	371	1613	415	1883	859	2575	1025	674	1742	1386	573	657	2489	1011	1017	593	1089	2522	1020	2038	926	1115	995	713	777
ENSG00000004776.10	1362	1866	1146	1722	5030	602	4975	583	32	313	2079	1950	5842	627	493	582	733	1660	947	1615	231	1980	577	5076	3448	219	1044	1415	872	201
ENSG00000004777.17	350	886	571	605	503	199	323	421	1564	501	325	879	678	511	685	285	456	975	862	336	420	472	442	333	589	1411	438	328	346	818
ENSG00000004779.8	2997	2603	1345	2097	1835	876	2096	3064	1765	1315	2414	1684	1992	2825	2246	1075	1751	2795	2691	1744	1702	1861	3468	1751	3185	1449	1032	1690	1420	3792
ENSG00000004799.7	5676	4432	2311	2685	9388	2062	17835	280	79389	3099	4405	3194	1394	3064	3114	2840	2183	8372	2477	2945	524	3496	4065	17962	19057	1076	7781	4257	2219	1133
ENSG00000004809.12	9	60	21	7	12	4	114	13	85	10	116	37	11	4	6	4	6	22	1	7	2	18	3	9	1	2	16	3	19	5
ENSG00000004838.12	261	102	138	61	101	35	117	102	1279	37	62	47	26	729	763	48	51	56	166	176	83	59	25	80	116	978	40	80	81	222
ENSG00000004846.15	80	17	2	32	27	3	64	9	13	30	57	42	103	6	8	9	18	38	6	30	1	10	1	27	37	1	26	24	20	6
ENSG00000004848.6	10	266	46	155	392	86	385	95	6000	3	156	131	2	4	100	35	143	337	28	48	81	48	13	7	83	5720	172	296	118	5
ENSG00000004864.12	1225	2571	1129	1582	1859	462	1997	787	1540	1257	2724	1094	1160	2964	2604	663	1294	2565	1027	1519	1445	2217	4337	1805	4891	844	1398	1176	1268	1365
ENSG00000004866.17	1303	1619	1030	1233	1570	1274	2476	917	1682	973	2650	1011	1110	1014	1029	976	1294	1948	1346	1304	1146	1398	2443	1801	2661	2171	1628	1003	991	1252
ENSG00000004897.10	3803	3471	2022	2640	3483	791	5761	1349	2542	2389	3639	2967	2344	1995	4032	1966	1736	5660	1915	2510	2072	3268	2968	3222	6138	1969	3164	1818	1997	3149
ENSG00000004939.12	0	3	4	2	4	1	17	0	1	4	6	2	1	5	1	5	2	2	1	1	3	1	0	12	4	25	0	1	0	3
ENSG00000004948.12	3	30	0	3	9	1	28	1	0	4	38	10	13	11	22	5	5	95	8	5	0	8	3	4	16	105	15	9	8	1
ENSG00000004961.13	1258	1296	1392	1065	1116	253	1695	1105	680	924	2597	1081	1546	1007	1052	537	899	1820	1149	1135	949	1158	1735	1032	2460	1137	930	755	878	1006
ENSG00000004975.10	1365	1873	1257	1662	1621	525	2893	770	3040	1008	1994	1939	3587	6260	2330	716	1429	2948	1652	1542	997	1667	1990	1144	2116	3651	1223	983	1227	1949
ENSG00000005001.8	2845	2293	3079	2620	1524	312	1300	3540	0	2311	1373	1959	5	5166	3109	1329	4193	1240	6146	4830	3311	3642	5877	1588	2262	258	698	1680	2128	7717
ENSG00000005007.11	7104	10083	7971	6940	7897	3759	13472	5937	13023	5425	13191	8016	5566	5575	5231	3721	6083	12341	5978	8551	5795	7300	11218	6235	14937	7597	6237	4831	5878	7540
ENSG00000005020.11	4636	4577	2554	3267	2951	287	6969	1380	637	3010	6876	5687	2394	3174	4234	1371	1961	8039	5680	2730	2976	2652	3292	2463	4071	1547	3187	2355	1875	2856
ENSG00000005022.5	14309	14670	8240	12447	10296	9553	21785	12618	13889	7560	29947	10679	13137	9388	9061	7976	8400	26211	8511	9106	9706	12749	23306	14006	35890	7401	15432	5036	9964	11484
ENSG00000005059.14	1919	1144	1091	1135	1040	74	2108	1510	1033	1215	1273	1953	1609	1588	1050	325	989	1803	1265	999	902	815	712	842	1082	116	978	645	652	831
ENSG00000005073.5	8	2	13	32	2	4	11	112	4	1	8	146	147	15	81	1	36	35	5	4	231	150	291	3	3	1	3	304	0	5
ENSG00000005075.14	1908	2047	1152	1690	1271	641	1572	2700	1580	1021	2075	1345	1870	1971	966	857	2173	1967	1998	1303	1518	1475	3359	1067	2114	3545	769	1517	1158	2469
ENSG00000005100.11	932	1364	554	866	1389	392	2094	339	888	604	1239	1017	1885	1741	1712	393	680	2118	704	863	649	1056	1879	1285	2502	958	1134	656	713	921
ENSG00000005102.11	202	1091	343	794	1266	61	1264	99	27	39	1113	330	69	17	142	167	436	692	117	104	17	444	154	621	825	56	501	175	407	253
ENSG00000005108.14	827	789	318	783	947	125	2257	32	92	201	1013	566	538	1567	174	298	446	629	211	291	51	410	143	761	1064	109	542	539	567	65
ENSG00000005156.10	1141	1803	796	958	1240	443	1964	766	1224	877	1571	1138	885	639	1303	641	869	1920	709	1111	1395	1335	2295	1159	2458	1357	1118	741	671	1668
ENSG00000005175.8	1570	1871	1222	1191	1418	338	2178	780	1880	691	2336	1527	1253	1442	1284	538	905	2867	1277	1123	897	1112	1913	1368	2738	789	1092	896	905	1028
ENSG00000005187.10	563	1820	528	1121	2588	1622	2555	247	1034	131	4425	376	31	194	403	1065	955	747	1294	545	603	1375	973	1578	2864	98	1424	820	1172	143
ENSG00000005189.18	139	259	136	171	179	45	135	124	285	135	204	185	169	385	113	67	133	377	134	131	90	151	342	192	531	63	164	215	112	328
ENSG00000005194.13	2815	2881	1607	2226	1866	565	2674	2072	1183	1704	2345	2260	2270	2234	1940	832	1933	2791	1757	2285	1646	2457	2415	1789	3968	876	1457	1348	1881	2385
ENSG00000005206.15	3097	4332	5448	4094	3526	1441	2552	5049	8112	3410	3181	3756	1550	2066	1654	1471	3117	3213	2149	3260	4156	2911	6372	2110	4931	20925	1299	1917	2987	3339
ENSG00000005238.18	2542	2137	2478	1802	1772	270	2382	3971	567	3984	3170	7094	1197	1696	1512	736	1980	1890	2919	2452	8633	2358	5751	1871	2393	1145	1098	2142	2254	1371
ENSG00000005243.8	1279	687	755	984	881	274	1449	858	22	651	1461	1134	1135	541	1006	435	806	868	411	987	284	1253	751	1051	460	257	879	1016	723	831
ENSG00000005249.11	379	841	437	640	1349	1019	1605	132	1376	162	1560	741	253	1661	425	639	381	1559	416	638	76	749	72	1143	1995	1513	1155	299	1000	283
ENSG00000005302.16	1553	2293	1114	1413	1851	258	2348	913	424	1271	1821	2997	2103	1680	1251	546	1321	3574	1095	1395	796	1504	2142	1486	2919	942	1372	956	1293	2217
ENSG00000005339.11	5512	8456	3720	3899	6779	2659	11853	1694	4272	3316	12408	9302	2692	3820	5667	2644	3142	7471	5000	4599	2975	6124	4172	4364	11733	3001	5592	3081	3629	6451
ENSG00000005379.14	670	1036	1204	1241	1963	618	674	346	4243	279	655	1044	142	46	952	431	860	1782	824	915	374	1040	454	667	1016	6159	867	590	1292	3488
ENSG00000005381.7	21	52	60	13	19	10	43	23	0	18	85	39	64	9	9	20	16	97	9	9	3	56	7	23	49	1	36	13	26	7
ENSG00000005421.7	23	47	5	11	16	9	45	2	2	4	8	14	2	5	29	2	35	12	16	187	2	26	55	44	26	291	64	30	16	35
ENSG00000005436.12	807	914	379	555	1125	389	1451	419	654	396	867	813	321	974	668	349	606	1554	744	513	527	839	678	915	1383	453	885	557	654	960
ENSG00000005448.15	1260	614	580	538	749	178	614	1131	1818	568	589	641	835	1151	1870	273	559	597	918	704	814	707	341	439	704	2239	367	610	604	2995
ENSG00000005469.10	890	985	595	845	1409	320	1343	367	627	465	1655	930	235	552	1068	430	608	1616	639	955	369	844	1250	962	3931	516	676	694	616	1642
ENSG00000005471.14	84	101	59	147	205	9	150	105	994	52	182	614	52	51	116	31	97	242	69	132	115	157	103	51	239	179	99	71	73	105
ENSG00000005483.18	4207	5690	2858	3220	4894	1606	13143	1119	3865	3274	11294	5710	1189	5132	7476	1660	2852	9049	3556	4528	4621	3885	9146	4270	11456	3487	4982	2463	2618	4605
