TCGA.SR.A6MS.01A	TCGA.QR.A702.01A	TCGA.QT.A5XK.01A	TCGA.SP.A6QC.01A	TCGA.QT.A5XM.01A	TCGA.TT.A6YP.01A	TCGA.WB.A81D.01A	TCGA.QR.A6ZZ.01A	TCGA.WB.A80P.01A	TCGA.W2.A7HF.01A	TCGA.S7.A7WQ.01A	TCGA.S7.A7WX.01A	TCGA.RW.A686.06A	TCGA.WB.A81N.01A	TCGA.QR.A70J.01A	TCGA.QR.A70A.01A	TCGA.QR.A6H6.01A	TCGA.RX.A8JQ.01A	TCGA.S7.A7WW.01A	TCGA.SR.A6MR.01A	TCGA.S7.A7WR.01A	TCGA.S7.A7WM.01A	TCGA.SP.A6QJ.01A	TCGA.WB.A80V.01A	TCGA.QR.A70Q.01A	TCGA.S7.A7WV.01A	TCGA.W2.A7HC.01A	TCGA.WB.A81H.01A	TCGA.P7.A5NY.01A	TCGA.SR.A6MP.01A
ENSG00000000003.13	395	158	219	189	319	631	222	609	317	172	779	151	500	616	479	252	659	290	565	676	72	283	237	152	416	850	141	688	131	201
ENSG00000000005.5	1	1	0	0	0	1	0	3	7	1	0	4	11	1	24	9	18	0	4	4	1	0	2	2	5	1	2	1	0	1
ENSG00000000419.11	1059	1166	1161	852	1343	1070	1296	1043	1290	1361	1088	1034	1015	1313	1250	644	1342	1480	1075	1078	1516	1395	1249	1124	596	1446	660	1362	2639	918
ENSG00000000457.12	355	509	485	328	752	736	880	591	706	721	449	510	392	800	382	263	815	889	375	300	611	298	400	403	147	245	446	515	1246	401
ENSG00000000460.15	77	124	94	39	157	147	98	88	113	132	97	107	69	90	123	53	134	196	103	79	143	72	52	41	46	124	84	120	262	113
ENSG00000000938.11	67	100	239	165	366	187	210	275	118	81	166	211	259	139	329	120	334	286	289	429	286	258	169	37	98	2104	267	321	146	147
ENSG00000000971.14	330	145	994	1132	981	2531	2283	841	1723	281	3348	865	363	1071	2260	246	378	1576	2822	441	1668	2557	577	50	162	9009	1236	3127	1314	1051
ENSG00000001036.12	3611	1630	1590	1129	1670	3831	2204	2786	917	1178	2815	1698	3180	1496	2069	1423	1927	2012	2370	1433	751	1335	2204	555	185	3476	1394	3205	2838	2106
ENSG00000001084.9	1240	1750	1321	671	2577	2886	1968	1551	2153	1521	2115	1631	827	1706	1305	751	2408	2283	1372	1671	2616	665	1073	1244	681	1265	2071	1553	2954	1509
ENSG00000001167.13	694	846	917	306	1202	1014	1079	580	1160	969	839	760	912	818	1212	449	1386	1682	636	901	1095	1241	817	511	311	975	802	774	2017	497
ENSG00000001460.16	124	620	275	229	445	430	689	421	386	484	269	404	356	505	197	275	411	341	450	171	426	278	256	278	133	284	391	264	785	423
ENSG00000001461.15	1053	1550	922	344	2026	3110	2289	1501	934	1016	1507	1006	1324	3382	796	870	1306	1208	1951	690	1260	842	628	588	539	1230	936	1054	1677	1903
ENSG00000001497.15	1356	3229	1974	1770	1832	1917	2323	1859	2148	2879	1588	2132	2099	2701	1805	1606	3196	2631	1770	1394	2871	1779	1754	1173	804	1648	2306	1710	3546	1477
ENSG00000001561.6	2467	2724	5527	1091	5676	3661	3739	1597	3599	4001	2238	2614	2141	2295	1149	1288	3332	4575	1829	3326	6294	2299	4634	3716	1400	1104	4696	3341	10967	3184
ENSG00000001617.10	1952	450	1038	512	1546	5908	491	3534	2465	487	9075	1476	3512	1701	7865	1366	3191	1258	2129	4052	1237	2102	1283	110	1448	2822	962	810	1178	739
ENSG00000001626.13	0	10	7	0	2	8	3	3	24	1	0	1	5	2	4	4	27	15	9	2	11	3	3	0	3	3	6	4	3	4
ENSG00000001629.8	1606	2042	1459	388	1792	3215	2898	1763	2941	1376	2468	1729	1923	1666	1474	862	2711	4204	2941	1743	3277	1765	2010	2116	1192	2041	2300	2466	4239	3221
ENSG00000001630.14	273	166	210	39	320	384	579	74	340	69	300	314	87	202	144	41	393	997	438	110	592	351	120	104	29	198	432	345	683	546
ENSG00000001631.13	1360	2264	1099	461	1276	1743	2879	864	1798	1339	1611	1808	1639	1121	959	849	2268	5384	2513	1298	3416	1453	1425	1192	589	961	1788	1812	5376	1815
ENSG00000002016.15	139	506	228	92	155	257	398	374	465	575	228	278	377	259	240	315	513	478	307	165	303	239	243	135	151	182	257	297	469	233
ENSG00000002079.11	2	6	3	3	1	6	4	0	10	9	1	7	5	5	1	5	9	20	6	7	7	13	6	4	1	4	6	3	16	1
ENSG00000002330.12	2604	3032	2278	2951	2324	1188	1871	3734	2447	3403	1446	2372	2375	2768	2801	3363	2206	2005	1393	2534	2524	2103	2023	1439	647	1614	1950	1772	3372	1465
ENSG00000002549.11	1456	2412	4146	2202	3871	2558	2319	1633	2106	1376	3607	4278	766	2457	3722	403	2328	3001	2429	1446	3205	1882	1210	388	330	5887	3810	2307	3715	1544
ENSG00000002586.16	4378	5640	4595	3445	9250	6368	5197	6713	15671	3180	9563	6095	8685	5599	10723	4373	11789	8666	8755	6332	3412	5377	4337	1899	3508	13462	9939	6787	6976	848
ENSG00000002587.8	5596	1038	976	73	2436	690	1982	276	471	986	254	148	529	1995	123	463	382	702	1523	1259	86	501	1254	16	1787	1306	464	1051	1354	2765
ENSG00000002726.18	620	1	10	6	9	13942	13	17254	19	7	4176	73	1	17	28	6	15	345	4	53	14	20	52	2	9	26	71	14	5	14
ENSG00000002745.11	578	2	19	4	22	64	6	66	50	251	0	11	2	80	11	2	0	6	2	3	8	90	4	6	2	37	12	9	27	2
ENSG00000002746.13	3	0	2	2	3	15	2	11	1	2	80	1	1	1	72	1	4	3	3	2	3	1	0	0	36	13	1	4	3	1
ENSG00000002822.14	2508	846	1696	1343	2036	3308	1428	2011	1277	1498	4236	1277	1349	3246	2750	1181	1417	977	3153	997	1111	850	1561	527	398	1541	1168	1009	1566	1489
ENSG00000002834.16	3943	3568	5521	1803	4633	6535	5431	5304	5861	6451	7710	5941	5329	4568	9538	2007	6963	4408	4762	3933	5851	3666	3013	1511	1906	14820	4562	4365	5911	2362
ENSG00000002919.13	918	1453	1267	1599	1735	1534	1856	1604	1588	1765	1280	1803	1540	1886	1040	915	1699	1767	1178	1272	1987	1064	1040	967	435	1302	1612	921	2046	606
ENSG00000002933.6	2538	189	467	1977	2633	4849	1202	21996	1225	4794	11682	1727	61	4847	1466	2176	1767	11020	8524	2413	480	3492	1343	116	479	6689	1609	1240	1959	238
ENSG00000003056.6	2000	3680	3247	537	4306	3273	4327	2990	2896	2319	2380	2879	991	2280	1581	360	4818	3933	2060	1369	3743	2819	1949	635	310	3608	3573	2590	6009	2884
ENSG00000003096.12	3348	4481	4477	1832	6354	5032	5923	3500	2818	5435	3107	3236	1188	7071	1557	1766	4356	9141	1544	2055	5492	3698	2899	4588	651	1788	2559	2387	10398	5950
ENSG00000003137.7	1843	169	501	184	711	239	4947	84	2212	964	411	347	101	84	1391	1307	5935	2753	40	3001	1133	1520	511	195	184	162	418	1553	5284	72
ENSG00000003147.16	2220	3434	1969	3949	3819	2532	3400	3151	2066	4854	2312	3298	3508	8869	2945	2857	1926	7328	6302	3461	4864	3474	2957	1924	709	3687	2357	2073	4680	3123
ENSG00000003249.12	4158	5925	4740	3769	4172	3557	6798	6418	3711	4481	3776	5047	1418	3869	4041	2446	4020	3854	5229	3027	5291	6435	3319	4315	1522	875	4625	2561	8436	4668
ENSG00000003393.13	853	1461	1677	231	1680	1966	2070	1181	1713	1944	1495	1424	1232	1995	966	633	1423	1843	1210	966	2035	1217	1122	1000	594	1038	1702	1305	2551	1768
ENSG00000003400.13	127	167	306	198	345	597	301	649	268	253	615	380	377	266	796	152	761	285	439	251	256	275	311	83	151	775	368	454	312	193
ENSG00000003402.18	1377	2996	3676	1029	3450	4582	3434	3224	3145	4017	3779	2848	2829	3581	4449	1412	3304	3963	3151	2569	3037	4495	2364	1387	1179	6602	2942	3913	4040	2622
ENSG00000003436.13	323	99	414	303	545	1276	333	1088	810	768	1662	335	726	499	3014	363	536	577	910	1012	562	751	332	58	268	4286	412	945	261	336
ENSG00000003509.14	530	585	515	256	557	493	801	458	536	1013	506	388	766	613	450	602	565	557	456	595	882	696	555	639	363	590	601	530	788	491
ENSG00000003756.15	2127	7178	2285	1639	3689	3718	5207	2856	4652	4513	2701	4350	4040	4455	3887	3208	5784	6512	4957	3332	3190	3627	3020	1349	1863	3946	4678	4028	6747	3434
ENSG00000003987.12	1870	959	974	228	1073	504	809	346	1401	713	594	513	395	1097	185	272	1766	1075	922	622	744	470	637	296	457	339	905	543	2128	453
ENSG00000003989.15	1114	171	311	292	1107	1917	266	734	791	216	608	285	409	178	1860	432	1640	3332	857	2294	466	1209	337	78	260	4341	290	691	334	943
ENSG00000004059.9	4019	8221	3004	5999	2092	5092	6240	7738	7315	2954	6350	5851	5352	4373	5938	7704	7497	11383	9221	7832	4543	5226	5604	4006	4210	5877	5098	4455	7565	4877
ENSG00000004139.12	670	909	1254	234	1116	1206	965	911	1861	1824	811	955	663	1502	348	442	1546	1891	924	605	1427	527	653	340	213	1137	991	579	2244	788
ENSG00000004142.10	3537	1888	3319	3295	4219	3170	2116	3619	4412	4113	2610	3382	4318	2181	2274	2628	4359	3236	3579	3366	4516	1520	3165	2285	1475	4220	3428	3650	6968	3462
ENSG00000004399.11	5244	2530	3559	2394	5880	17384	4556	13768	8141	3667	19427	4722	9029	5744	19777	4251	15721	7592	9589	8080	3646	4310	3372	863	3171	18554	4837	5043	3946	4124
ENSG00000004455.15	1332	3682	1714	1808	1600	3101	4058	3590	2296	1787	3219	1675	1935	3274	2921	1914	2654	2509	2283	1822	2072	2724	1297	1585	1251	3579	1603	2075	3298	2319
ENSG00000004468.11	64	21	244	174	178	58	160	44	22	109	88	147	56	67	101	36	49	43	55	456	157	185	90	14	9	1484	225	107	82	34
ENSG00000004478.7	6843	6247	2813	5194	4952	6471	7756	10184	5530	4482	5400	5242	5053	7169	4911	3431	6886	4615	5797	6416	5891	4987	3852	1444	1709	3796	4998	3522	9234	2828
ENSG00000004487.14	962	4106	1670	1501	1732	3365	4432	2870	2675	1831	2402	1568	1874	3795	1803	1886	3127	1934	2630	1569	2086	1243	1034	771	1505	2466	1693	2157	3166	2281
ENSG00000004534.13	2186	5591	1740	1980	2185	2234	3929	2493	5582	3949	2742	3694	4537	3524	3206	3598	5696	3906	4786	2747	3000	3220	3780	2740	2484	3055	3669	4040	4356	2921
ENSG00000004660.13	2656	2085	3366	2515	4122	2183	4616	1715	2991	2691	1533	2193	4239	2504	676	1962	4938	3559	1632	2192	8547	3815	2704	519	878	2345	1900	2645	4837	912
ENSG00000004700.14	560	607	1032	55	973	1152	730	482	799	467	938	554	209	484	640	64	905	1495	701	236	854	495	279	68	71	918	642	709	1386	813
ENSG00000004766.14	937	1480	951	543	1498	1362	1951	840	1271	820	1049	1877	1053	977	997	671	1612	3176	2185	1087	2212	963	1017	896	543	668	1455	1308	2978	1211
ENSG00000004776.10	37384	1766	1041	1122	14920	712	7533	537	1066	1689	707	4077	1799	293	534	2238	242	2091	15744	2745	5251	4634	4219	12960	456	6951	3436	8648	3873	4421
ENSG00000004777.17	653	2934	631	645	396	606	1322	737	1121	3750	830	1441	1949	1810	568	2261	605	1869	1182	905	2859	1607	2188	834	516	547	1489	1270	1833	1299
ENSG00000004779.8	3069	4083	3497	4532	3437	2870	3441	3933	3482	2266	3149	3020	2398	4108	3970	1475	3238	3328	2656	2875	3586	2713	2384	2053	1460	2032	3436	2588	6556	2714
ENSG00000004799.7	909	898	1378	1561	38299	3485	1332	1367	671	751	601	593	19487	3380	2186	447	1700	1928	2465	2925	1130	9661	2767	294	950	4978	2070	8008	617	3332
ENSG00000004809.12	5	0	8	4	3	39	1	1	1	2	5	4	2	2	108	3	1	1	6	3	1	0	0	0	0	28	27	5	0	0
ENSG00000004838.12	64	74	26	86	42	69	130	74	86	215	35	46	249	41	44	93	43	36	176	73	53	57	67	32	32	35	63	145	434	43
ENSG00000004846.15	0	0	0	9	0	0	9	0	3	0	5	1	1	1	2	0	0	1	1	1	0	10	0	0	1	63	0	0	2	0
ENSG00000004848.6	0	0	0	2	10	0	0	0	0	1	1	1	1	0	0	0	47	0	0	0	0	13	1	0	1	1	0	0	1	2
ENSG00000004864.12	928	1012	423	274	667	2472	1971	1732	1514	479	2392	946	534	606	1238	205	1937	1613	1305	643	1813	689	574	548	354	1087	784	1081	1723	1646
ENSG00000004866.17	1593	2231	1611	1419	1420	1657	2255	1515	2311	1080	1756	2578	1622	1459	1635	929	2270	6707	1833	1396	2731	1946	1587	1819	580	1244	2365	1778	4657	2293
ENSG00000004897.10	3312	2977	4400	1701	4790	3755	5003	2736	4662	3505	2916	3832	3713	4578	2291	1609	3919	5640	2189	3102	4683	2455	3584	3000	1601	2971	5176	3137	8390	3736
ENSG00000004939.12	7	6	0	48	36	45	6	2	5	3	85	80	22	9	9072	0	4	2	48	2	20	2	9	5	2	47	1989	37	7	6
ENSG00000004948.12	1	6	17	3	17	17	3	6	12	2	31	26	2	12	29	2	7	24	34	5	1	8	16	7	7	7	15	17	9	13
ENSG00000004961.13	866	1132	1364	655	1924	1275	1455	1004	1251	788	1097	1145	1111	1317	999	531	1639	1565	763	935	1506	796	925	776	524	919	1311	950	2264	836
ENSG00000004975.10	706	1105	1294	1198	1119	1164	1630	1267	1243	2110	1053	807	1529	796	830	1385	2610	2416	842	1333	1305	798	952	354	442	1186	684	1486	2644	735
ENSG00000005001.8	0	3	5	1	0	0	3	2	3	11	7	2	1	0	5	0	0	6	2	0	7	85	5	1	0	0	3	3	0	1
ENSG00000005007.11	5016	12030	30707	6990	17771	8770	18057	8721	7521	11298	7009	18766	6908	12440	9699	4808	10232	19341	7143	4561	24215	11208	12524	11206	1239	4332	17224	10530	13645	13872
ENSG00000005020.11	173	3071	3477	1016	8348	1606	3123	737	2291	2085	1271	3167	508	3126	1647	373	2367	2868	3921	2370	5147	2568	1627	2766	770	2574	2996	3129	721	2762
ENSG00000005022.5	6084	12285	6835	4921	7873	7691	8674	5832	14784	5548	8180	9197	3089	4758	9391	1980	11694	8412	5638	7676	7562	5572	5115	2110	2265	10111	7787	5725	12949	10189
ENSG00000005059.14	354	172	243	156	367	1924	172	2087	523	474	1677	161	1264	227	1449	173	662	255	255	187	665	243	476	227	382	1056	166	259	499	52
ENSG00000005073.5	2	1	11	13	253	4	3	1	12	0	40	72	2	10	3	5	5	50	9	0	15	1	12	24	0	1	184	73	89	13
ENSG00000005075.14	1953	2617	900	3477	724	1358	1866	2110	1777	1038	1884	1865	2938	1040	1593	3452	2268	3445	3516	2508	1822	1769	2845	3946	1701	1706	1582	2254	2947	1720
ENSG00000005100.11	558	425	663	267	931	1102	698	726	538	973	771	356	733	411	602	401	969	1184	427	669	733	516	403	215	180	1029	311	646	867	399
ENSG00000005102.11	4	52	86	29	29	24	12	40	74	106	16	81	55	55	20	15	1000	58	14	118	1	8	30	16	50	7	6	19	224	30
ENSG00000005108.14	1120	1350	2402	265	4222	1364	3113	810	584	1596	1159	1640	709	3731	2622	275	562	4444	452	674	3549	887	1186	513	93	1253	1668	392	2788	2960
ENSG00000005156.10	875	1154	1016	479	1209	1443	667	1172	966	1136	808	1110	918	746	544	432	1046	1624	939	425	1674	588	693	502	298	1114	1189	658	2040	1074
ENSG00000005175.8	1526	1544	1841	692	1903	1253	1666	1177	1542	1536	910	1221	1193	1209	683	407	1472	1761	955	823	2350	1396	1283	955	422	1026	1690	1153	3425	1442
ENSG00000005187.10	6	10	8	15	16	17	17	9	18	10	11	20	13	25	16	8	23	20	89	14	13	15	11	4	3	89	34	78	38	21
ENSG00000005189.18	247	228	182	309	454	178	174	133	433	397	64	200	245	249	72	117	226	288	148	406	256	189	242	82	47	281	221	199	797	131
ENSG00000005194.13	1637	2775	2004	1537	2743	2377	2925	2582	3588	1807	1907	2044	1670	3157	1836	1048	3612	2448	1793	2160	2895	1284	1262	750	908	1736	2563	1601	3148	1929
ENSG00000005206.15	1187	2990	1695	1549	1269	1914	2034	2259	2273	5269	1941	2639	2274	2706	2024	2719	2815	2770	3447	1446	2933	2412	2574	2124	1184	1841	2461	3735	3148	2015
ENSG00000005238.18	2747	2133	4025	1167	2418	3240	2809	3013	2709	3138	2916	1875	2233	2681	2280	2392	1654	2405	1935	2497	2712	2250	2624	2651	1427	1781	2315	2772	3826	1853
ENSG00000005243.8	3055	575	372	570	999	378	307	783	875	784	822	447	1049	441	589	1237	776	1506	1346	725	501	558	1135	213	142	2118	583	694	1117	190
ENSG00000005249.11	132	747	852	401	1035	2383	2127	1327	823	958	808	1341	1879	718	731	467	1820	3316	1157	772	2161	884	1466	3803	212	754	2254	2516	4286	1234
ENSG00000005302.16	430	1152	757	563	1049	1123	1262	903	554	1219	1266	975	1050	1423	1449	507	867	1196	995	719	983	827	629	417	379	1438	1058	809	1524	589
ENSG00000005339.11	1649	4112	4461	1440	3680	4952	5509	3681	5539	5119	4002	3504	3208	5017	3688	2093	7449	6897	3289	2615	4987	3335	2255	2163	1244	2778	4012	4076	6983	3578
ENSG00000005379.14	624	1072	705	660	822	406	793	640	2047	2876	986	1175	1227	1343	260	1277	2076	1373	2046	662	2213	2047	937	883	617	864	968	1244	1460	844
ENSG00000005381.7	151	27	16	257	280	46	43	66	1	3	76	83	8	93	23	12	3	74	67	20	62	57	28	4	0	296	651	9	229	25
ENSG00000005421.7	17282	9	249	66	2801	14	80	17	7	7	11	5	160	3	12	6	26	25	3	6	97	62	19	255	3	155	110	1275	227	2863
ENSG00000005436.12	571	992	842	596	1163	1513	960	1102	2432	1141	1495	851	1204	957	595	623	1485	1347	679	929	1296	612	619	814	449	752	754	964	1704	1083
ENSG00000005448.15	1226	2026	1050	1790	893	2458	1821	4522	1468	1612	2252	1327	1434	2050	2019	1304	2537	1198	831	1553	1663	900	1183	913	577	780	1025	1075	1343	886
ENSG00000005469.10	1118	1053	500	422	610	1163	1204	895	848	722	734	1056	1804	510	365	1343	1455	3022	2390	1020	932	521	956	1029	250	709	890	1332	2188	1046
ENSG00000005471.14	381	46	65	82	270	265	71	127	139	206	102	77	325	54	94	106	63	791	913	185	402	99	90	72	38	312	136	396	38	119
