TCGA.SR.A6MS.01A	TCGA.QR.A702.01A	TCGA.QT.A5XK.01A	TCGA.SP.A6QC.01A	TCGA.QT.A5XM.01A	TCGA.TT.A6YP.01A	TCGA.WB.A81D.01A	TCGA.QR.A6ZZ.01A	TCGA.WB.A80P.01A	TCGA.W2.A7HF.01A	TCGA.S7.A7WQ.01A	TCGA.S7.A7WX.01A	TCGA.RW.A686.06A	TCGA.WB.A81N.01A	TCGA.QR.A70J.01A	TCGA.QR.A70A.01A	TCGA.QR.A6H6.01A	TCGA.RX.A8JQ.01A	TCGA.S7.A7WW.01A	TCGA.SR.A6MR.01A	TCGA.S7.A7WR.01A	TCGA.S7.A7WM.01A	TCGA.SP.A6QJ.01A	TCGA.WB.A80V.01A	TCGA.QR.A70Q.01A	TCGA.S7.A7WV.01A	TCGA.W2.A7HC.01A	TCGA.WB.A81H.01A	TCGA.P7.A5NY.01A	TCGA.SR.A6MP.01A
LINC01587	70	82	262	4	573	29	108	9	1	673	6	21	9	471	160	0	1	64	0	3	33	25	30	186	0	3	1	210	134	96
AC000111.6	0	0	0	0	0	0	0	0	0	0	0	0	0	0	0	0	0	0	0	1	0	0	0	0	0	0	0	0	0	0
XXbac-B461K10.4	1	11	2	0	1	14	2	10	8	26	5	3	5	4	18	4	26	6	4	2	1	7	1	2	3	10	2	7	4	4
IGF2-AS	1426	968	46	915	283	1714	167	2020	1680	100	2490	681	3252	23	2273	559	725	2393	964	2181	1128	764	813	336	414	207	999	216	362	814
TPTEP1	8	33	108	32	106	130	28	152	109	445	196	45	149	122	44	1042	1680	118	134	1263	50	230	29	14	101	275	169	145	74	26
RP11-153K16.2	1	0	0	0	0	0	0	0	0	0	0	0	0	0	0	0	0	0	0	0	0	0	0	0	0	0	0	0	0	0
DLEU2L	8	17	12	0	4	12	8	8	9	39	7	4	3	25	0	3	17	24	15	3	18	10	6	3	5	6	17	8	16	11
RP11-268J15.5	16	248	46	55	38	230	147	235	133	200	219	60	104	140	107	93	100	75	55	70	152	338	149	51	82	119	107	82	222	133
PINK1-AS	158	266	127	49	97	689	200	323	153	176	322	122	166	321	170	136	220	140	234	78	132	96	61	34	78	251	198	174	120	236
C10orf95	4	33	16	13	24	17	19	10	30	33	11	21	22	60	7	11	29	20	15	8	30	21	15	15	6	22	16	21	37	10
SPG20-AS1	14	8	9	8	13	7	9	10	3	33	8	9	8	9	4	8	17	7	11	6	18	18	10	20	5	7	12	10	19	14
LINC00544	0	0	0	1	0	0	0	0	0	0	1	1	0	1	0	1	1	1	3	0	1	0	0	0	1	1	0	0	0	0
KIAA0087	3	39	28	1	36	54	34	10	10	32	15	2	11	12	19	5	4	43	29	8	21	33	1	0	4	4	17	11	11	27
AC105760.3	0	1	0	0	0	0	0	0	2	0	0	1	0	0	0	0	0	0	0	0	0	0	2	1	1	1	0	0	0	0
DKFZP434K028	0	0	0	0	1	0	0	0	1	1	0	1	0	0	0	2	0	0	0	1	0	0	1	2	0	0	0	0	1	0
LINC00029	0	0	0	0	0	0	0	0	0	0	0	1	0	0	0	0	0	0	0	0	0	0	0	0	0	2	0	0	0	0
FAM182A	69	2	2	0	20	9	5	6	3	23	41	6	0	4	5	2	14	5	114	4	1	6	15	5	5	7	3	5	0	4
C20orf187	0	0	0	0	0	0	0	0	0	0	0	0	0	0	0	0	0	0	0	0	0	0	0	0	0	0	0	0	0	0
MMP24-AS1	2140	4035	3080	6852	4855	2969	5107	3517	1950	4008	2846	3832	2850	4214	2572	4293	3052	1896	1992	3110	3255	4995	2986	2815	1414	3206	1947	2433	6972	2912
C22orf24	15	7	3	16	8	6	16	7	19	6	6	4	35	13	17	12	9	25	6	8	6	29	2	6	7	14	4	10	21	6
TTTY1B	0	0	0	0	0	0	0	0	0	0	0	0	0	0	0	0	0	0	0	0	0	0	0	0	0	0	0	0	0	0
TTTY1	0	0	0	0	0	0	0	0	0	0	0	0	0	0	0	0	0	0	0	0	0	0	0	0	0	0	0	0	0	0
H19	5918	63	3522	3010	7593	679	980	1954	426	1587	355	3469	2143	813	1775	199	1047	18790	1700	113	11896	1669	14778	6935	156	8506	3794	8069	717	15362
TTTY9B	0	0	0	0	0	0	0	0	0	0	0	0	0	0	0	0	0	0	0	0	0	0	0	0	0	0	0	0	0	0
RP11-798G7.5	0	3	1	0	0	0	0	0	1	2	0	0	3	0	0	0	3	1	0	2	0	0	0	1	0	1	0	0	0	1
TTTY6	0	0	0	0	0	0	0	0	0	0	0	0	0	0	0	0	0	0	0	0	0	0	0	0	0	0	0	0	0	0
TTTY6B	0	0	0	0	0	0	0	0	0	0	0	0	0	0	0	0	0	0	0	0	0	0	0	0	0	0	0	0	0	0
LINC00470	4	0	2	7	1	0	1	0	2	2	0	0	2	4	3	0	0	2	3	0	0	5	3	0	0	0	2	9	0	3
LINC01260	95	34	9	12	30	18	15	14	35	60	102	14	8	14	7	44	28	18	29	61	32	22	18	1	11	15	20	15	11	29
C7orf69	1	1	0	2	0	1	1	0	0	0	0	0	0	0	0	0	1	3	1	0	0	0	1	1	1	2	1	1	0	0
RP11-84C10.2	0	0	0	0	2	1	1	1	0	0	4	1	0	1	0	1	0	0	2	0	0	0	2	1	0	12	1	2	0	0
RP11-809H16.2	0	0	0	0	0	0	0	0	0	0	0	0	0	0	0	0	0	0	0	0	0	1	0	0	0	1	0	0	0	0
ERVK3-1	791	1235	854	514	674	733	926	611	892	1342	589	896	1059	918	932	617	1066	1060	904	751	993	1925	858	704	376	627	757	823	1414	821
AC062028.1	0	0	0	0	0	2	0	3	0	0	1	0	0	1	1	1	1	1	1	0	0	2	0	0	0	0	1	1	1	0
LINC01558	9	3	4	4	5	6	3	13	4	3	22	5	6	6	31	2	15	8	14	3	1	4	1	1	2	13	8	6	6	6
LINC00525	8	38	19	24	30	5	11	8	2	33	7	28	1	4	3	3	5	64	2	10	24	13	11	9	1	2	10	7	17	10
TTTY7	0	0	0	0	0	0	0	0	0	0	0	0	0	0	0	0	0	0	0	0	0	0	0	0	0	0	0	0	0	0
TTTY7B	0	0	0	0	0	0	0	0	0	0	0	0	0	0	0	0	0	0	0	0	0	0	0	0	0	0	0	0	0	0
C20orf78	1	0	0	0	0	0	0	0	0	0	1	0	0	0	0	0	1	0	0	1	0	0	0	2	0	0	0	0	1	0
LINC00266-1	9	36	5	1	2	5	23	5	6	21	2	9	9	8	10	3	33	21	16	15	18	163	9	2	12	2	14	5	1	14
RP11-96C23.13	1	8	1	1	7	5	17	3	3	7	0	4	15	12	5	3	11	13	10	1	13	9	4	3	5	3	10	12	8	7
PART1	706	54	4	1	4	214	8	44	313	79	25	0	16	631	11	2	1	7	3	2	2	139	55	24	3	9	4	9	3	1
LINC00467	285	283	138	484	378	286	281	208	245	279	199	189	329	240	114	165	204	467	205	306	183	170	273	158	74	276	193	314	657	76
RP11-66N24.4	6	61	31	33	11	27	28	29	49	63	23	46	50	21	29	71	43	75	49	18	34	44	45	87	25	19	61	41	72	48
C1orf147	0	2	3	1	0	3	2	1	0	13	4	1	1	0	3	0	1	1	1	1	2	1	4	0	0	3	3	3	1	3
AC007364.1	0	1	1	0	0	1	0	0	0	0	0	1	0	0	0	0	0	0	1	0	0	1	0	1	1	0	1	3	1	1
C2orf48	2	4	1	0	1	2	2	1	5	2	2	2	2	1	4	2	1	1	2	0	0	1	3	1	1	9	3	0	3	0
LINC01116	973	1073	901	84	855	710	630	1223	549	1307	899	92	90	1027	492	926	190	561	801	860	1115	565	1029	738	209	646	467	607	157	856
SNHG16	787	968	628	365	990	861	931	713	1458	521	633	669	550	802	564	364	1300	897	546	674	1017	801	382	246	184	1457	769	681	828	372
IGF2BP2-AS1	0	0	0	0	0	0	0	0	0	0	0	0	0	0	0	0	2	0	3	0	2	0	0	0	1	2	0	0	0	0
SMAD5-AS1	2	2	0	3	2	1	1	4	4	0	5	1	2	5	1	1	3	3	5	0	0	4	1	1	3	0	3	3	3	2
C10orf25	67	143	130	215	174	160	101	198	113	96	149	92	166	170	98	115	226	125	128	150	163	121	77	90	43	86	92	95	187	73
ZNF667-AS1	3712	2643	1416	1102	2549	2287	2301	1353	1502	1889	1947	1889	2048	2305	944	2192	2503	2119	2267	1877	3023	2707	1893	1751	565	896	2081	1790	3771	1964
MIR202HG	1	1	0	2	0	3	5	1	0	2	0	5	3	1	3	0	0	0	236	1	2	16	1	0	0	217	0	686	0	28
RP11-93B14.6	9	0	1	0	12	2	0	1	1	1	1	0	0	1	0	1	2	0	1	5	0	1	0	0	2	1	1	2	0	1
LINC00483	0	0	0	0	0	1	0	0	0	1	2	0	0	0	0	0	0	0	0	0	0	0	0	0	0	0	1	1	0	0
AC104389.28	0	0	1	5	1	0	1	0	0	0	0	2	0	4	1	0	1	2	1	1	0	0	1	1	1	0	0	0	1	0
LINC00905	0	0	0	0	0	0	1	0	0	0	0	0	0	0	0	0	0	0	0	0	0	0	0	0	0	0	0	2	1	0
RP11-25K19.1	0	13	82	145	9	250	216	279	51	59	137	100	91	93	169	31	132	213	39	8	70	204	69	92	26	28	44	92	3	14
LINC00917	0	0	0	18	1	0	0	1	0	0	0	1	0	1	0	0	0	0	1	0	0	0	0	1	0	0	3	0	0	0
RP11-262H14.4	23	84	46	38	92	39	121	40	124	88	33	44	43	41	22	43	122	86	20	44	132	37	60	75	30	36	72	36	95	61
LINC00266-3	0	0	1	0	0	0	1	0	0	4	0	0	0	0	0	0	0	1	0	0	0	0	0	1	0	0	0	0	0	0
AC093323.3	998	1301	867	1415	908	991	1014	1727	957	1200	1364	1055	1389	1541	1175	1028	968	948	909	1068	1441	664	991	873	387	623	1076	767	1677	780
TPT1-AS1	388	898	393	250	259	645	331	661	780	1725	708	281	641	676	756	684	1298	403	563	535	310	587	381	158	405	425	291	317	425	423
LINC00208	0	0	0	0	0	0	0	0	0	0	2	1	0	0	0	0	0	1	0	0	0	0	0	0	0	0	0	0	0	0
SHANK2-AS3	0	1	0	0	1	0	0	0	0	0	0	0	0	0	0	0	0	0	0	0	0	0	0	0	0	0	0	0	0	0
MIR31HG	0	0	0	0	0	2	0	0	0	0	4	0	0	1	0	0	0	0	0	0	3	14	1	0	0	1	0	0	0	0
SERHL	53	33	16	37	28	44	22	23	101	18	7	28	29	38	33	25	34	58	55	33	4	47	5	1	11	38	5	27	62	11
MIR4435-1HG	250	530	435	525	469	1125	385	1383	590	367	1823	429	807	1441	3146	309	664	728	518	407	306	1495	633	361	356	4131	773	651	1299	535
CMB9-22P13.1	95	119	101	55	153	46	17	78	49	199	24	37	136	114	161	166	374	91	64	38	120	108	54	92	29	64	35	72	60	78
CCDC13-AS1	25	95	3	17	17	30	56	57	5	30	23	27	113	36	9	19	30	25	40	19	19	14	27	12	15	40	20	30	21	12
RP11-89N17.1	2	5	1	1	2	2	2	0	3	10	0	2	1	2	3	0	3	6	1	2	3	7	4	0	0	3	2	3	0	1
RP11-97O12.7	14	27	10	24	16	10	16	16	36	17	13	20	12	7	15	24	57	23	11	10	27	11	9	20	8	12	11	14	38	12
RP11-23P13.6	1679	195	108	3	20	4	6	7	5	4	8	161	5	4	10	21	3	106	3794	8	17	14	113	35	9	46	5	146	47	14
SNHG11	229	350	325	946	352	284	458	507	457	804	422	440	528	603	233	348	552	429	365	272	518	245	385	393	168	276	258	405	673	252
C20orf166-AS1	3	0	0	2	1	234	2	385	4	0	605	2	2	0	57	5	3	2	38	2	0	2	4	0	0	28	2	13	2	7
MIR1-1HG	0	0	0	0	0	8	0	4	0	0	20	0	0	0	1	0	0	0	2	0	0	0	0	0	0	1	0	0	0	0
GRIK1-AS1	14	7	0	1	2	2	2	10	4	4	2	0	0	2	7	3	0	2	4	4	14	5	6	3	0	3	4	1	4	2
LRRC75A-AS1	8693	22888	8778	13094	10106	11072	12649	13859	11516	9009	7217	5332	10313	6983	5577	5459	16225	12544	5478	9994	10401	7555	6314	2565	2873	17269	3901	10312	15533	5504
TMEM51-AS1	49	84	48	28	32	681	59	563	363	138	687	27	277	324	228	186	295	186	164	205	60	54	41	14	265	123	32	109	163	30
RP11-276H1.3	1	1	1	2	0	2	0	0	1	3	1	1	2	0	0	0	0	0	0	0	0	2	3	0	0	2	1	0	1	0
LINC00476	175	337	128	229	116	181	315	143	170	329	142	92	177	215	108	145	268	180	221	136	366	177	84	104	76	206	157	183	324	97
LINC00521	2	0	0	0	0	0	1	0	2	0	0	0	5	1	0	0	1	0	0	0	0	1	5	12	0	0	0	0	1	0
C15orf54	1	0	1	0	4	13	1	3	4	0	28	0	0	1	2	0	6	3	1	1	2	1	0	0	4	4	2	0	2	2
LINC01106	6	23	6	13	15	12	68	19	15	1	20	19	15	64	28	11	6	35	24	19	23	43	28	16	10	23	20	20	16	31
RP11-121M22.1	8	6	6	15	20	7	5	12	16	14	0	6	8	8	9	29	11	14	3	15	12	16	10	15	2	7	12	5	29	3
RP11-544L8__B.4	0	1	7	0	1	5	3	3	2	4	5	0	0	0	1	2	3	2	1	1	1	7	1	0	1	6	1	6	1	3
LINC00302	0	0	0	0	0	0	0	0	0	0	0	1	0	0	0	0	0	0	0	0	0	0	0	0	0	0	0	0	0	0
C10orf111	9	24	12	6	11	10	23	10	9	27	11	8	36	17	4	13	33	15	13	11	21	13	2	12	20	7	10	19	17	18
RP11-404O13.5	1	0	10	1	2	0	1	0	1	2	0	1	0	0	1	1	1	0	1	0	0	0	0	0	0	1	1	1	1	1
AC110781.3	1	0	0	0	2	29	0	4	0	0	522	2	0	0	537	0	1	0	1	1	0	0	0	0	0	0	2	4	0	0
RP5-856G1.2	0	0	1	0	0	0	0	0	0	0	0	0	0	0	0	0	0	0	0	0	0	0	0	0	0	0	0	0	0	0
CTD-2368P22.1	28	530	518	66	185	443	464	606	581	1234	503	384	512	1132	577	294	672	308	219	399	590	423	142	196	116	190	435	288	240	235
C20orf197	5	1	0	10	15	10	3	4	2	23	15	10	6	5	8	4	4	10	11	4	13	7	1	3	1	6	4	12	40	2
TTTY14	0	0	0	206	87	0	0	0	49	0	64	77	172	0	0	0	362	111	74	175	0	196	2	0	131	0	78	0	0	0
C15orf56	27	70	60	72	110	11	233	14	4	69	10	69	51	116	5	35	5	47	25	33	90	54	75	84	1	15	34	78	164	17
LINC00303	0	3	3	0	1	3	0	2	0	0	1	2	2	0	5	1	2	2	1	0	0	0	2	0	0	2	0	0	3	0
MIR7-3HG	277	1784	2260	560	2531	1198	3650	599	913	1051	932	1410	1755	819	429	135	1661	1467	629	738	2071	2351	2204	799	595	311	966	2538	7456	1042
RP11-334J6.7	0	0	0	0	0	0	0	0	0	0	0	0	0	0	0	0	0	0	0	0	0	0	0	0	0	0	0	0	0	0
TYMSOS	6	15	4	9	35	24	4	58	35	17	26	7	18	6	34	12	41	8	4	27	6	9	13	13	7	39	5	8	38	6
