TCGA.HC.7081.01A	TCGA.EJ.7783.01A	TCGA.VP.A879.01A	TCGA.YJ.A8SW.01A	TCGA.KK.A59Z.01A	TCGA.HC.7744.01A	TCGA.YL.A8S8.01A	TCGA.ZG.A8QZ.01A	TCGA.G9.7519.01A	TCGA.J4.A83J.11A	TCGA.XK.AAJP.01A	TCGA.ZG.A9KY.01A	TCGA.G9.6333.01A	TCGA.CH.5751.01A	TCGA.EJ.8469.01A	TCGA.EJ.8468.01A	TCGA.EJ.5542.01A	TCGA.J9.A52B.01A	TCGA.G9.6362.11A	TCGA.G9.6354.01A	TCGA.V1.A9OH.01A	TCGA.KK.A8IF.01A	TCGA.KK.A6E1.01A	TCGA.KK.A7AZ.01A	TCGA.KK.A8I4.01A	TCGA.J4.A83J.01A	TCGA.EJ.7317.01A	TCGA.EJ.5522.01A	TCGA.HC.7820.01A	TCGA.V1.A9ZG.01A
ENSG00000082929.7	2	7	4	0	40	1	0	7	2	5	0	1	1	1	5	0	2	2	0	0	5	0	3	2	4	1	0	5	0	1
ENSG00000083622.8	1	2	1	0	2	2	3	4	0	1	3	0	0	3	0	0	7	0	2	4	1	0	0	0	3	1	0	1	0	0
ENSG00000093100.13	4	10	13	4	10	3	13	7	2	16	9	1	6	3	2	5	4	2	5	1	1	4	4	6	8	11	1	6	19	2
ENSG00000099869.7	4	2	3	0	0	1	3	1	5	5	1	4	0	4	0	1	0	1	1	0	1	1	0	0	5	1	1	0	0	10
ENSG00000100181.20	203	1483	858	119	262	61	127	429	251	1417	2337	50	1379	65	40	251	196	84	331	869	338	800	61	109	290	1514	1146	701	263	1779
ENSG00000115934.11	0	0	0	0	0	0	0	0	0	0	0	0	0	0	0	0	0	0	0	0	0	0	0	0	0	0	0	0	0	0
ENSG00000116652.6	8	51	16	57	9	11	42	21	6	53	36	19	10	21	19	14	25	7	12	3	8	11	8	13	11	53	5	33	15	7
ENSG00000116883.8	105	199	148	118	62	101	221	134	76	352	228	58	120	75	22	74	62	120	193	92	55	279	52	262	136	313	40	165	124	127
ENSG00000117242.7	432	680	376	457	255	757	308	298	390	379	592	448	471	251	173	302	692	230	353	263	252	359	315	581	365	343	693	941	759	432
ENSG00000120055.7	64	116	140	153	54	123	181	184	68	36	129	119	72	57	41	38	46	115	56	177	92	89	105	120	55	94	97	64	86	104
ENSG00000120664.9	6	7	5	3	18	2	8	10	2	21	122	3	49	10	1	16	11	6	31	7	4	3	1	2	13	34	27	5	9	11
ENSG00000122043.9	1	1	0	1	0	0	0	0	0	0	2	0	0	2	0	1	0	0	0	0	0	0	0	1	5	0	1	1	3	0
ENSG00000122548.5	101	170	93	3	8	13	14	68	0	6	8	14	2	6	10	6	94	33	248	69	4	0	59	27	340	46	0	37	19	63
ENSG00000124835.2	0	1	1	0	0	0	0	0	0	1	0	3	0	0	0	0	0	0	0	0	0	0	0	0	0	0	0	0	0	1
ENSG00000124915.9	1	0	0	1	7	0	0	0	1	1	1	4	1	0	0	0	0	0	0	3	0	0	0	0	0	0	0	0	0	2
ENSG00000125514.8	0	0	0	0	0	0	1	0	0	0	0	0	0	1	0	0	0	0	0	0	0	0	0	0	1	0	0	0	0	0
ENSG00000125804.12	5	4	6	6	0	1	5	5	7	4	2	1	9	0	1	7	3	5	17	1	2	3	3	7	17	0	17	18	5	6
ENSG00000125899.7	0	0	0	0	0	0	0	0	0	0	0	0	0	0	0	0	0	0	0	0	0	0	0	1	0	0	0	0	0	0
ENSG00000126005.14	2990	3213	2282	1849	2203	3820	3079	3282	4059	2590	4166	2413	5502	1186	1073	1188	2643	4587	3461	3509	1811	6850	4726	3827	2956	3566	3705	3301	3436	5761
ENSG00000128254.12	7	6	6	4	11	5	8	1	3	7	6	3	13	5	0	1	4	7	7	2	2	4	7	2	3	25	3	6	4	13
ENSG00000129816.5	0	0	0	0	0	0	0	0	0	0	0	0	0	0	0	0	0	0	0	0	0	0	0	0	0	0	0	0	0	0
ENSG00000129845.5	0	0	0	0	0	0	0	0	0	0	0	0	0	0	0	0	0	0	0	0	0	0	0	0	0	0	0	0	0	0
ENSG00000130600.14	26	34	106	7	91	12	205	20	897	365	79	575	8	184	20	17	19	77	355	20	41	52	24	31	135	19	62	8	4	665
ENSG00000131007.8	0	0	0	0	0	0	0	0	0	0	0	0	0	0	0	0	0	0	0	0	0	0	0	0	0	0	0	0	0	0
ENSG00000131484.4	1	4	0	0	2	0	1	1	2	2	1	2	1	1	0	1	0	0	0	0	0	0	0	1	1	1	2	2	0	0
ENSG00000131538.7	0	0	0	0	0	0	0	0	0	0	0	0	0	0	0	0	0	0	0	0	0	0	0	0	0	0	0	0	0	0
ENSG00000131548.7	0	0	0	0	0	0	0	0	0	0	0	0	0	0	0	0	0	0	0	0	0	0	0	0	0	0	0	0	0	0
ENSG00000132204.12	1	2	2	1	2	7	170	3	12	7	8	4	11	5	0	36	0	2	7	1	1	251	7	14	9	10	3	2	11	6
ENSG00000132832.8	5	8	2	3	2	0	4	3	1	8	1	22	3	10	2	2	4	3	3	2	2	0	1	1	8	4	2	3	2	4
ENSG00000136275.9	0	0	0	0	0	0	0	0	0	0	0	0	0	0	0	0	1	0	0	0	0	0	1	0	0	0	0	1	0	0
ENSG00000136315.4	1	0	0	0	0	0	0	0	0	0	0	1	0	3	0	0	0	0	2	0	1	0	1	0	3	0	0	0	0	0
ENSG00000137808.12	0	0	0	0	0	0	0	0	0	0	0	0	0	0	0	0	0	0	0	0	0	0	0	0	0	0	0	0	0	0
ENSG00000142396.9	551	1300	1075	846	951	770	753	859	901	944	1750	1150	924	736	573	467	706	827	1068	768	598	755	1073	1491	931	1029	792	1183	1082	1084
ENSG00000145063.13	1	2	3	5	25	1	4	5	0	3	0	0	4	1	0	1	4	4	1	2	1	0	2	4	8	7	2	6	5	1
ENSG00000146521.8	10	69	14	94	4	6	4	20	8	29	0	14	22	11	1	3	33	10	1	12	19	0	0	3	9	2	3	30	115	7
ENSG00000146666.5	3	4	6	0	4	0	0	1	0	3	1	4	0	10	1	0	3	0	1	0	0	2	0	2	2	0	0	2	0	2
ENSG00000147753.8	0	0	0	0	0	0	0	0	0	0	0	0	0	0	0	0	0	0	0	0	0	0	0	0	0	0	0	0	0	0
ENSG00000147761.7	0	0	0	0	0	0	0	0	0	0	0	0	0	0	0	0	0	0	0	0	0	0	0	0	0	0	0	0	0	0
ENSG00000149443.6	0	1	0	0	0	2	0	1	0	0	0	0	1	0	0	0	0	0	0	0	0	0	1	0	1	0	0	1	0	0
ENSG00000149656.7	0	1	1	1	0	2	1	1	0	0	2	3	0	0	0	1	2	2	0	0	1	1	0	0	0	0	2	3	1	0
ENSG00000151303.11	14	19	21	35	22	2	9	14	20	37	3	16	10	3	20	10	14	3	12	13	3	3	0	32	16	8	16	26	16	8
ENSG00000152931.7	2464	2524	3453	1782	424	4262	1090	3183	5866	2155	5233	8179	6208	257	767	3284	3179	5112	13255	10948	1552	1543	5736	3314	955	6245	4935	3629	5483	4414
ENSG00000153363.11	247	536	423	173	454	566	595	425	625	404	902	366	628	145	205	382	679	219	489	457	321	246	328	714	692	665	755	936	741	655
ENSG00000157306.13	24	94	81	156	171	42	211	83	34	137	154	105	82	91	116	69	29	43	54	58	32	105	133	204	141	105	16	93	125	119
ENSG00000162888.4	4	11	2	6	1	1	7	2	0	22	2	10	2	16	2	3	4	0	0	0	1	1	1	1	7	9	2	9	2	1
ENSG00000162947.4	0	0	0	1	0	0	1	2	0	2	0	0	0	0	0	1	0	0	3	0	0	0	0	0	1	0	0	1	0	1
ENSG00000163009.7	2	3	2	6	0	2	8	2	0	4	0	5	1	18	3	0	0	2	0	1	1	2	0	3	1	3	2	0	1	1
ENSG00000163364.8	28	40	20	11	52	11	14	36	22	15	11	80	22	38	10	39	23	12	6	5	28	11	11	4	56	11	27	19	15	31
ENSG00000163597.13	829	2270	646	2001	819	3144	1530	960	814	669	1733	1103	889	1265	771	296	2185	1096	710	434	910	1029	1190	1097	856	577	1591	1945	1742	1121
ENSG00000163915.6	0	3	0	0	4	1	0	0	3	5	0	0	1	0	1	0	2	0	1	0	1	3	1	0	0	0	0	1	0	3
ENSG00000164621.5	3	2	4	3	3	4	2	15	3	4	10	2	17	0	3	0	3	5	5	4	2	1	15	5	4	4	5	3	8	6
ENSG00000165511.6	85	198	112	44	73	139	75	131	171	100	93	44	120	75	66	53	117	98	157	109	35	34	94	70	171	117	77	181	167	72
ENSG00000166770.9	1249	2048	1692	1939	1525	2081	1764	1894	3574	1425	2988	2863	2945	1233	658	1285	3463	2420	2406	1849	1562	1468	1470	3196	1186	1774	2741	3660	2658	1961
ENSG00000166917.8	0	0	0	0	0	0	0	0	1	10	0	0	5	2	0	0	0	0	0	2	0	1	0	1	0	6	2	1	0	2
ENSG00000167046.4	0	4	1	0	4	2	6	1	0	4	2	5	0	17	0	0	1	2	1	1	0	4	4	0	4	0	2	5	0	6
ENSG00000167117.7	2	4	2	4	3	0	6	0	4	1	1	4	2	1	1	1	1	2	3	1	3	0	5	0	6	1	0	5	1	2
ENSG00000167355.6	0	5	2	0	3	3	1	1	0	8	1	1	4	0	1	0	8	0	0	3	1	2	3	0	29	4	0	2	2	1
ENSG00000167459.15	0	0	0	0	0	0	0	0	0	0	0	1	0	2	0	1	0	0	0	0	0	1	0	1	0	1	0	0	0	0
ENSG00000167912.5	88	111	36	8	40	38	7	80	55	46	26	72	29	51	80	10	49	165	398	91	58	3	36	19	76	32	17	63	36	230
ENSG00000168367.8	0	0	0	0	0	0	0	0	0	2	0	0	0	0	0	0	0	0	0	0	0	7	1	1	0	1	0	1	0	0
ENSG00000170161.6	70	134	103	27	106	98	93	120	86	51	78	33	51	59	49	26	155	43	84	85	81	22	136	132	65	86	82	212	251	113
ENSG00000170590.7	0	2	0	0	0	1	0	0	0	0	1	0	0	0	0	0	0	0	0	0	1	0	0	0	0	0	0	0	0	1
ENSG00000170846.14	685	1529	1132	1940	1098	1074	1998	1309	4570	1337	1273	2966	1772	744	992	921	1202	695	967	1267	884	1086	978	2053	1943	909	1914	1881	1445	1468
ENSG00000170919.14	286	640	619	157	332	250	323	347	259	749	247	656	438	301	108	254	300	222	464	363	214	302	172	706	498	330	292	515	540	376
ENSG00000170983.3	0	0	0	0	0	0	0	0	0	0	0	0	0	0	0	0	0	0	0	0	0	0	0	0	0	0	0	0	0	0
ENSG00000171671.6	0	0	0	3	0	2	0	0	0	1	0	2	0	0	0	0	0	1	0	0	0	2	0	1	0	1	0	0	0	0
ENSG00000171889.3	2	18	6	2	16	5	0	9	0	27	2	0	4	0	1	1	2	1	0	1	4	0	2	0	7	3	2	9	1	18
ENSG00000172250.13	89	301	442	280	72	67	189	76	189	497	676	266	740	40	113	195	64	443	713	813	190	88	692	210	198	956	106	106	348	804
ENSG00000172965.13	460	268	126	86	238	137	235	357	166	173	252	234	108	224	75	113	194	163	162	60	158	77	161	215	465	113	80	224	68	310
ENSG00000173727.10	39	125	97	46	78	56	63	80	112	105	63	35	148	29	25	62	65	391	225	84	90	74	95	47	82	96	76	103	66	55
ENSG00000173811.9	11	17	13	16	4	8	10	7	11	28	8	18	28	4	2	5	4	29	31	19	11	10	4	13	19	14	4	9	13	15
ENSG00000173862.3	1	1	1	2	0	0	6	4	0	8	1	9	2	2	0	0	0	3	2	0	0	0	2	1	4	0	1	1	0	0
ENSG00000173867.8	10	28	16	7	4	15	30	18	15	23	24	18	9	5	8	6	7	5	4	7	11	22	7	20	14	7	6	16	16	15
ENSG00000174171.5	6	128	58	28	8	3	12	39	1	197	10	76	27	50	3	16	3	19	6	9	12	0	10	15	223	43	2	48	31	38
ENSG00000174365.18	614	1269	1489	1294	613	1344	771	1214	512	762	1337	1568	801	450	391	414	1233	3718	911	2587	360	949	977	1094	1764	652	854	1396	1349	717
ENSG00000174403.14	63	309	392	30	173	20	74	162	265	428	13	17	179	5	16	75	49	61	207	85	69	11	18	22	159	42	78	139	127	33
ENSG00000174407.10	1	7	16	1	1	0	10	3	14	11	0	2	1	0	0	3	2	0	6	1	1	0	0	0	1	1	4	3	5	1
ENSG00000174680.8	1	7	4	3	3	2	7	3	1	10	29	2	5	1	0	1	2	1	6	1	4	0	2	3	10	8	1	1	6	3
ENSG00000175061.16	10397	38831	17604	25981	17977	62955	17047	31861	17982	12143	34952	17595	14828	40449	14827	6347	18807	22014	43482	12356	29754	29456	7469	52317	17422	10651	22879	25544	24670	40662
ENSG00000175147.10	40	226	76	73	53	20	229	88	34	188	50	18	41	41	21	53	93	14	22	22	35	44	48	237	83	55	38	93	78	57
ENSG00000175604.2	2	1	2	0	0	0	1	1	0	1	0	1	2	2	0	0	0	0	1	1	0	0	1	3	1	0	0	1	2	0
ENSG00000175611.10	199	693	385	192	266	393	248	518	273	428	217	539	455	293	199	274	370	386	270	335	169	195	372	453	323	450	440	670	249	287
ENSG00000175699.11	0	0	0	1	0	0	4	0	1	0	5	0	0	0	0	0	0	0	0	0	0	0	0	1	1	0	0	0	0	0
ENSG00000175746.6	2	4	0	0	3	1	0	3	1	0	0	2	0	0	1	1	1	0	0	0	1	0	0	1	0	0	4	2	2	1
ENSG00000175772.10	12	119	67	137	72	80	92	86	67	126	211	61	122	41	50	23	71	110	69	49	43	41	118	203	27	212	132	82	88	69
ENSG00000175773.11	4	35	38	22	65	36	59	26	63	59	79	22	41	12	8	26	41	9	31	29	26	51	22	72	79	39	99	90	78	36
ENSG00000175967.3	4	20	3	5	7	0	9	28	0	12	3	2	1	3	2	13	6	2	0	0	0	8	11	1	3	5	1	10	7	0
ENSG00000176075.7	0	0	0	0	0	0	0	0	0	0	0	0	0	0	0	0	0	0	0	0	0	0	0	0	0	0	0	0	0	0
ENSG00000176236.6	6	25	22	24	34	10	37	37	8	28	43	22	56	16	24	14	17	7	19	20	16	12	92	55	41	152	14	19	19	15
ENSG00000176320.2	3	9	1	1	2	2	0	0	0	1	1	1	4	3	2	4	5	0	1	0	2	0	4	0	4	0	3	11	1	0
ENSG00000176349.10	0	3	0	3	2	1	2	0	2	4	1	0	0	1	0	0	0	0	0	1	0	2	0	0	1	0	0	0	1	1
ENSG00000176515.1	1	3	0	0	0	1	1	0	0	2	0	0	0	0	0	0	1	0	0	0	0	0	0	0	0	0	0	2	0	1
ENSG00000176593.6	230	623	646	1052	655	268	697	402	299	381	339	2706	289	1088	142	179	152	238	535	193	204	233	698	585	305	612	202	508	278	781
ENSG00000176659.7	8	23	31	13	9	11	3	24	4	16	17	7	9	7	33	25	15	2	43	19	9	1	8	17	42	8	0	19	18	17
ENSG00000176728.6	59	180	323	127	67	251	51	411	125	419	104	543	181	33	219	121	257	331	37	599	322	46	435	820	348	277	157	365	483	87
ENSG00000176753.5	45	61	45	5	3	25	7	24	62	53	50	97	22	5	20	31	151	112	59	126	32	2	145	49	62	65	24	154	79	4
ENSG00000176754.11	0	1	0	0	0	0	0	0	0	0	1	0	0	1	0	0	0	0	0	0	0	0	0	1	0	0	0	1	0	0
ENSG00000176840.10	2	2	1	3	0	0	1	4	1	2	0	2	4	0	11	0	0	0	1	2	1	0	0	0	2	0	1	1	0	0
ENSG00000176868.2	0	0	0	0	0	0	0	0	0	0	0	0	0	0	0	0	0	0	0	0	0	0	0	0	0	0	0	0	0	0
ENSG00000176912.3	48	31	19	60	21	72	61	40	23	28	58	175	32	30	20	6	38	30	50	12	33	45	71	29	20	69	20	52	5	46
