TCGA.HC.7081.01A	TCGA.EJ.7783.01A	TCGA.VP.A879.01A	TCGA.YJ.A8SW.01A	TCGA.KK.A59Z.01A	TCGA.HC.7744.01A	TCGA.YL.A8S8.01A	TCGA.ZG.A8QZ.01A	TCGA.G9.7519.01A	TCGA.J4.A83J.11A	TCGA.XK.AAJP.01A	TCGA.ZG.A9KY.01A	TCGA.G9.6333.01A	TCGA.CH.5751.01A	TCGA.EJ.8469.01A	TCGA.EJ.8468.01A	TCGA.EJ.5542.01A	TCGA.J9.A52B.01A	TCGA.G9.6362.11A	TCGA.G9.6354.01A	TCGA.V1.A9OH.01A	TCGA.KK.A8IF.01A	TCGA.KK.A6E1.01A	TCGA.KK.A7AZ.01A	TCGA.KK.A8I4.01A	TCGA.J4.A83J.01A	TCGA.EJ.7317.01A	TCGA.EJ.5522.01A	TCGA.HC.7820.01A	TCGA.V1.A9ZG.01A
ENSG00000000003.13	2607	5657	2955	2655	1563	6905	441	3734	2928	3230	3949	577	3052	2276	1350	1396	6024	1556	4060	2598	2318	2401	2417	1833	2943	7170	3212	6068	4500	3956
ENSG00000000005.5	2	17	9	1	37	0	14	2	129	25	1	16	25	1	2	2	12	0	3	9	4	1	0	0	2	4	5	9	4	1
ENSG00000000419.11	816	1597	1189	1394	1063	1669	2118	1737	1325	1343	1562	2094	1166	1099	749	905	1892	1207	1635	1219	1039	1398	1407	1190	2083	1456	1013	2363	1468	1835
ENSG00000000457.12	1135	2402	869	715	450	1860	482	1415	859	868	531	1041	819	642	694	574	2161	734	1344	918	531	424	955	862	1280	1292	937	2266	1492	1157
ENSG00000000460.15	127	403	142	243	163	278	268	254	146	177	195	556	227	364	188	164	278	208	250	112	97	128	283	107	201	189	195	459	231	218
ENSG00000000938.11	391	430	121	76	257	123	138	247	308	411	159	407	258	388	93	166	162	170	170	136	142	52	173	124	956	302	144	237	135	477
ENSG00000000971.14	1885	3091	586	607	1085	857	879	1777	697	5347	435	1107	424	1506	237	1336	2407	564	341	208	972	322	228	374	2692	664	1166	2171	542	3327
ENSG00000001036.12	4256	2949	2686	3469	2311	3611	3556	3216	4355	2174	5116	3633	3534	2079	1063	2088	5629	1686	3563	3560	2398	2912	2705	5443	2426	5371	4761	3603	4918	8220
ENSG00000001084.9	1304	4422	2173	4277	2034	1771	2845	2668	2620	2728	3585	4115	2978	2808	1830	2270	3531	1461	1316	1268	1942	4964	1489	2523	1938	4164	3222	5116	2480	3559
ENSG00000001167.13	1247	4347	1483	1952	2813	2450	2447	1635	1760	1724	2592	5142	2701	3414	1604	1762	2918	981	3525	1200	1016	1512	2127	1980	1506	2286	1737	3947	1577	2266
ENSG00000001460.16	397	935	546	1784	850	602	969	729	1315	880	911	1215	1100	554	296	441	612	727	294	544	336	674	603	498	516	673	1060	1024	770	573
ENSG00000001461.15	3014	15036	7336	59482	12131	3375	14626	2655	12173	11211	9038	33367	11535	8891	1171	5741	8700	3703	1598	6259	4292	4749	2314	3671	3323	5114	24345	14111	11549	9323
ENSG00000001497.15	1738	2853	2285	2405	1714	3286	2382	2683	2894	2289	3269	4148	2671	2051	1079	1293	2787	2687	1964	2110	1521	1663	2304	3545	2349	2479	2708	3206	3130	2867
ENSG00000001561.6	3606	5842	2548	20543	1323	4545	1595	4313	2253	1866	2313	10250	3398	1899	1556	3462	6999	3587	3277	2377	2382	1161	5214	1520	3376	2627	2920	10186	3686	2260
ENSG00000001617.10	2157	3922	2763	3863	2677	2823	10248	3324	5609	4681	1806	2213	3347	1678	961	4528	2778	1036	985	1019	2609	5876	2883	5529	3713	3938	7086	4413	4732	2413
ENSG00000001626.13	61	3252	871	203	756	1133	203	1647	77	1120	413	0	57	10	159	465	679	344	18	45	600	40	181	40	1035	352	92	844	119	438
ENSG00000001629.8	2466	5530	1996	7206	2023	4010	5571	2621	2229	2059	2701	3387	2257	4246	2488	1948	5524	1727	2360	1213	1424	2534	2532	1366	2285	2315	2302	6675	2862	2901
ENSG00000001630.14	524	767	331	955	118	663	435	195	206	346	294	326	226	359	185	185	491	224	143	124	171	83	442	67	222	221	508	1020	408	346
ENSG00000001631.13	1050	3026	1446	2265	1443	1609	2774	1620	1160	1630	1528	1889	1392	1887	1467	1280	2675	1050	1298	702	861	1453	1351	1047	1658	1355	1131	3235	1668	1674
ENSG00000002016.15	208	970	485	440	242	446	517	557	221	724	380	687	337	276	210	251	524	112	492	221	237	225	316	440	365	345	344	763	552	354
ENSG00000002079.11	2	14	13	16	26	1	38	10	2	19	8	22	5	11	0	5	3	10	2	2	3	18	6	8	14	5	6	18	4	7
ENSG00000002330.12	2141	2582	2368	2334	2169	2768	1821	2551	4565	2549	3327	3318	5208	1268	928	1128	1002	4814	3963	4365	2258	1600	3755	3841	2700	2723	2973	2175	3077	3714
ENSG00000002549.11	3215	4576	2508	3260	2615	4941	3615	4111	4910	3537	3283	6597	3808	4544	2661	2839	5586	2877	1657	1944	2195	1271	3578	2499	5064	3424	4174	7158	4912	4885
ENSG00000002586.16	12919	14327	14050	11840	9419	13076	9525	13123	13058	14268	25250	20677	22762	5630	3951	8207	15416	11085	13210	12230	8299	7299	17540	12702	15211	20950	21726	19105	16295	21169
ENSG00000002587.8	196	820	267	178	328	274	606	427	315	739	6469	11815	3483	1179	289	707	205	789	598	160	118	232	190	201	477	1933	314	266	184	871
ENSG00000002726.18	373	581	3408	16	32	54	22	583	44	377	13	9	533	27	10	18	2340	708	32	3276	224	1	496	8	73	51	5279	6026	3097	552
ENSG00000002745.11	30	44	10	6	7	9	11	32	8	13	7	7	55	38	15	41	49	6	53	2	7	47	5	27	67	28	30	40	10	4
ENSG00000002746.13	231	230	117	3871	63	22	134	110	528	316	21	31	104	355	21	117	356	20	43	98	19	28	7	38	91	101	327	476	249	89
ENSG00000002822.14	1036	1577	1447	2547	4118	1750	2923	1519	2800	1708	2126	2498	2295	946	510	1083	1343	1819	1107	1533	1249	2307	1464	2306	2209	1553	2374	1367	2109	1924
ENSG00000002834.16	9518	8401	5121	10657	4550	9267	4852	7670	5389	7453	4289	5467	6147	5111	1298	3563	7442	5844	3427	2748	2779	1920	3144	6102	8605	6587	5784	9480	5733	6203
ENSG00000002919.13	846	1329	882	1581	881	1164	1410	1089	1939	890	1145	1395	1305	872	470	574	1444	1147	569	1067	746	581	1389	957	1162	905	1270	1539	1097	1196
ENSG00000002933.6	842	514	322	177	505	330	216	626	327	587	315	1072	338	703	75	429	647	421	775	465	167	37	127	153	1999	534	141	596	349	742
ENSG00000003056.6	1646	5354	2764	4149	1644	3947	2109	3269	2722	3139	2501	2759	2352	2196	1238	2197	4532	1062	1604	1107	2078	773	2276	747	2530	2064	2870	4064	3370	4026
ENSG00000003096.12	252	893	583	235	477	161	380	602	352	512	311	444	430	220	83	274	812	396	325	157	399	56	32	280	488	361	302	728	278	455
ENSG00000003137.7	504	86	192	55	25	276	42	171	83	99	59	102	51	154	23	171	88	53	125	71	117	42	116	32	202	147	131	122	35	62
ENSG00000003147.16	2901	4578	2861	5006	3106	5876	6614	3880	4044	2135	5376	2455	5243	1378	1563	2553	6011	3654	4818	5121	3358	5046	4335	6016	5194	4791	3497	5523	5734	3338
ENSG00000003249.12	1822	1106	751	2711	1982	3974	2431	1372	2678	783	1204	2333	3197	588	299	561	1665	2068	2282	841	818	1825	2941	4010	1668	1263	3811	2840	2023	3467
ENSG00000003393.13	1329	2778	1041	1690	880	1387	1530	1474	1176	1339	1448	2238	1107	1648	832	898	2061	1031	1293	679	750	713	1243	1102	1200	1407	1041	2882	1382	1375
ENSG00000003400.13	669	550	228	769	363	292	503	459	100	559	177	441	367	826	65	405	720	140	88	129	209	415	766	251	477	680	158	716	112	426
ENSG00000003402.18	5890	11272	5613	6407	3707	4943	5766	5341	4520	7515	6486	7056	5994	6600	3138	4387	9041	3133	3107	2906	2948	3057	5224	4314	6385	6008	4702	11083	6716	5088
ENSG00000003436.13	20351	915	275	196	393	421	276	654	650	845	804	662	532	738	97	491	1618	2111	726	377	268	79	680	428	1448	857	276	1240	299	760
ENSG00000003509.14	355	851	502	537	338	714	750	640	409	605	599	658	586	637	361	372	669	733	628	413	317	436	654	437	558	605	372	732	537	596
ENSG00000003756.15	3267	9647	5870	7881	4140	3298	6315	6267	3494	8208	7512	7404	4785	6078	2630	3232	5151	4595	3752	3597	2869	3551	3088	8645	6080	5730	3801	7113	6718	6102
ENSG00000003987.12	29	76	51	101	50	30	30	62	89	68	40	156	44	41	19	34	73	36	85	45	24	25	18	35	44	52	26	106	47	49
ENSG00000003989.15	2618	6326	5114	2289	4883	8233	5452	2449	6696	3343	3764	5075	4252	3669	1721	4665	10054	3546	6705	1639	2806	2089	1897	3147	2072	5460	3245	15565	6983	5508
ENSG00000004059.9	5612	6744	6153	8603	6871	8124	5180	4581	10374	6041	8958	15978	11328	5714	2885	3170	7391	10382	11028	11037	4925	8251	9017	12976	7922	4839	7029	7247	8874	9154
ENSG00000004139.12	546	1262	1027	831	530	970	990	874	508	838	859	642	675	664	469	443	1135	1111	672	393	560	428	803	924	998	670	796	1377	1082	582
ENSG00000004142.10	4929	7240	5296	7006	4657	8977	6420	6449	10529	4856	8927	9924	8371	4778	3021	3083	7688	5667	4898	6567	4872	5918	7122	9702	5430	6074	9089	8033	9083	7189
ENSG00000004399.11	5573	4808	2157	1277	2109	1583	2181	2903	1792	3642	1684	3357	1969	3819	667	1221	2753	2378	1000	679	1475	487	1238	1269	4753	1684	1869	2372	1481	5891
ENSG00000004455.15	4100	5882	4223	6770	2262	6569	3754	5632	5647	4305	5666	6478	4900	3821	3087	2452	6161	5421	6809	4452	3618	2567	6791	7747	5359	4922	4900	7976	5638	6326
ENSG00000004468.11	126	6820	7019	47	120	3292	300	286	3284	2956	174	625	4135	775	50	435	2392	822	32	2548	886	37	86	2224	928	307	16163	9577	9690	313
ENSG00000004478.7	5946	14796	9540	16753	10982	23303	14090	10870	30414	10537	23393	24602	22229	8642	6541	10427	16859	4393	17593	11049	9938	11497	12046	13610	5279	11234	25322	19460	17405	16437
ENSG00000004487.14	4950	9584	4976	9489	3393	9046	6082	5900	4164	4245	5550	7806	4522	7522	3977	2984	10545	7567	4794	3973	3507	3720	5406	9268	4845	5173	5312	10370	7245	7011
ENSG00000004534.13	2072	6702	5059	8334	2900	2380	3679	4117	2705	7278	7659	6493	2938	4184	1913	2763	3074	4180	2708	3561	1878	6461	2470	9017	4222	6466	1903	5264	4396	4120
ENSG00000004660.13	1512	1060	565	929	521	534	611	517	364	520	2287	913	943	804	331	318	890	333	273	387	656	1518	496	1913	1448	570	978	842	1045	447
ENSG00000004700.14	859	1500	672	716	469	945	732	888	379	632	605	1063	352	983	661	527	1458	233	278	152	318	139	547	169	783	662	607	1347	630	933
ENSG00000004766.14	908	2078	967	3368	1047	1665	2004	1484	1207	1000	1296	1165	1001	1300	798	861	2662	967	1097	698	734	895	991	861	1223	1815	1077	2705	1400	1131
ENSG00000004776.10	1698	3152	5736	546	3489	1641	1470	2150	7790	3793	521	1237	5323	448	244	1229	2099	1362	10890	1993	1551	217	303	2319	6934	745	1723	2454	2516	1503
ENSG00000004777.17	314	922	694	905	469	427	1011	523	271	1222	931	2006	484	1064	305	326	142	1321	677	407	197	300	482	812	766	722	176	527	589	496
ENSG00000004779.8	1546	2241	1861	2558	1225	2693	2051	2264	3714	1486	2950	3724	2375	1616	1812	1210	2465	2461	1895	2429	1473	1955	3278	2939	3702	1994	2236	2878	2726	2429
ENSG00000004799.7	1661	11052	3775	3145	5150	837	1349	2029	4657	6718	392	1483	4225	5963	218	6727	3042	12199	32131	1398	2774	793	883	991	3782	10854	1365	1698	3451	4850
ENSG00000004809.12	17	21	13	5	4	23	1	26	52	5	0	5	2	2	61	4	3	2	42	55	41	0	8	155	2	8	0	12	19	13
ENSG00000004838.12	20	42	26	427	122	51	209	672	81	69	331	222	275	93	36	30	108	285	107	514	42	106	36	95	96	434	107	32	29	49
ENSG00000004846.15	32	34	38	2	21	8	1	9	5	12	3	27	10	29	122	18	14	1	2	1	4	5	8	239	13	10	5	16	27	2
ENSG00000004848.6	132	92	287	21	364	60	45	340	25	45	2115	39	13	4	23	334	129	17	497	526	84	5	65	23	267	1387	162	162	119	83
ENSG00000004864.12	2610	2421	1267	2710	1953	2810	2191	1596	1348	1085	1989	5208	1134	1522	973	758	4275	1568	2790	930	968	1060	2037	1357	1971	1934	1746	3875	1967	2560
ENSG00000004866.17	1846	1998	1269	1506	2150	1784	2655	1956	2811	1361	2449	791	2315	1145	819	867	2772	804	3594	1898	1425	2142	1467	1695	1697	1615	1893	2125	2853	11682
ENSG00000004897.10	2103	4694	1835	2392	1550	3311	1817	2538	2396	2223	2721	4172	2767	2495	2028	1723	3246	1132	2987	1380	1618	1226	2148	1884	2503	2031	2704	5562	2667	3170
ENSG00000004939.12	5	3	7	6	13	2	21	5	1	4	0	2	1	3	1	2	13	2	3	0	0	26	0	5	1	7	1	5	2	3
ENSG00000004948.12	11	4	0	2	0	0	1	3	0	7	5	4	6	3	2	1	4	6	9	2	1	0	0	2	1	3	3	2	5	4
ENSG00000004961.13	776	1497	720	1060	702	1154	702	1035	1160	750	879	1232	1025	777	527	536	1212	894	862	822	618	391	1272	812	771	904	757	1459	943	1098
ENSG00000004975.10	1874	2946	2554	2333	1484	2872	2445	2669	2497	2813	2834	4525	2586	1203	1259	1692	2241	2079	2234	1126	1904	1467	1144	2618	2677	2703	2707	2521	1781	3168
ENSG00000005001.8	382	756	1281	1273	378	1188	442	1163	657	2936	1038	758	543	71	311	181	367	814	434	608	389	205	1071	171	1783	2657	198	971	1132	1263
ENSG00000005007.11	8712	16395	10515	10531	7176	13112	12790	7917	10906	10079	13543	13235	11842	8181	5708	4981	11926	7136	6162	7353	6446	6013	11221	13461	10142	10281	11529	14482	14548	12115
ENSG00000005020.11	1702	2918	1118	6682	1836	1748	3637	1880	2200	1269	2279	5347	2579	3067	1258	2278	3959	558	1537	617	1314	1007	1877	882	2368	1962	2110	3834	1756	2010
ENSG00000005022.5	9311	16218	7307	9795	6601	30693	8482	12545	11056	7297	9680	8065	10990	7873	6283	3266	15036	13417	7131	8189	9292	3489	15936	11219	8170	8016	8741	13248	13007	13948
ENSG00000005059.14	237	268	97	139	148	166	156	427	155	267	183	407	181	483	89	165	347	171	174	95	119	74	165	145	615	267	71	423	148	167
ENSG00000005073.5	610	827	731	161	611	289	1436	900	1005	681	1262	1775	1300	538	488	436	783	283	1029	497	501	226	528	726	1019	499	854	1058	757	402
ENSG00000005075.14	1065	1464	1706	2451	2840	1769	2801	1202	3234	1688	2573	2530	2427	1175	617	873	1456	2038	2577	2926	1459	3204	1896	3273	1551	1996	1982	1626	2047	2048
ENSG00000005100.11	1117	2666	1249	2125	819	2336	1716	1418	1521	1135	1318	3144	1250	1334	1460	829	2391	612	1167	812	880	909	774	1981	1330	1093	1204	2854	1858	1293
ENSG00000005102.11	250	203	119	135	309	218	438	206	153	436	76	474	316	590	57	115	324	90	24	75	166	112	47	132	798	62	57	395	66	330
ENSG00000005108.14	1137	7577	587	1311	6467	374	1354	447	360	735	191	1959	1440	1516	1194	647	2050	1667	4601	721	327	549	69	150	1305	887	364	1035	274	722
ENSG00000005156.10	2304	4985	2459	5822	2003	3308	4410	2127	3468	2468	4010	13987	4243	5451	3266	3049	4341	2042	1837	2000	2153	2129	3832	4881	1900	3672	3871	5625	3538	2862
ENSG00000005175.8	1197	2145	1211	1354	926	1869	1155	1743	1371	1073	1438	1895	1578	1586	1049	1048	2511	939	1458	1028	878	899	1289	1874	1502	1510	1434	2128	1558	1788
ENSG00000005187.10	7258	5061	1823	185	2835	12042	2985	3304	650	1879	4434	1975	1483	2887	9635	451	5287	564	536	1384	1756	2873	4077	12780	866	968	4277	2969	3257	421
ENSG00000005189.18	266	747	581	315	259	1004	1468	561	990	781	1614	918	703	461	461	567	634	458	280	597	393	1326	484	572	771	1279	1155	1119	1006	360
ENSG00000005194.13	1525	1932	1579	2070	1167	3117	2039	1471	2638	1508	1077	2777	1808	778	720	823	2901	1398	780	1802	1598	509	2541	2858	2152	1797	2248	2906	2324	1500
ENSG00000005206.15	1534	2598	3002	2548	2985	1268	7218	2343	2509	4084	3310	2571	2735	1578	788	1101	1202	1846	1712	2601	1278	2542	3068	5471	3358	2838	2000	2199	3564	2228
ENSG00000005238.18	1825	2098	1483	2469	1451	1164	1135	1286	2082	1198	2318	1241	3781	961	1046	923	1332	3194	1349	2084	851	678	3214	1145	1819	1480	1667	1794	1964	3698
ENSG00000005243.8	559	774	818	181	456	270	392	758	1196	945	207	280	993	154	119	255	546	434	545	434	416	99	208	337	957	262	475	529	624	552
ENSG00000005249.11	991	1624	506	878	2372	492	1574	1149	2095	1442	662	3291	1665	1707	278	1212	4207	2226	2802	520	564	110	959	813	1346	1417	1069	3441	1156	1267
ENSG00000005302.16	799	2477	895	1118	768	1348	1508	1290	1159	1093	1763	4319	1407	1645	645	882	1450	1326	1424	856	603	870	1304	1398	1357	1475	897	1845	1158	1413
ENSG00000005339.11	5830	17572	6377	9181	3443	7197	6647	5077	4449	8098	6200	8261	5388	11285	4712	3801	9607	3841	4535	2421	3094	3728	4045	5205	7500	5535	6253	10811	7192	7037
ENSG00000005379.14	979	4033	3607	1178	1076	741	2713	3003	605	4374	2844	3815	1989	1182	1103	1499	1030	1993	1147	1343	927	1131	1316	2990	2593	2868	1142	2363	2038	1474
ENSG00000005381.7	10	4	7	6	11	5	11	16	20	18	3	10	14	9	3	3	4	4	7	7	5	2	4	1	20	4	0	13	7	4
ENSG00000005421.7	1	132	0	0	69	0	9	2	105	310	1	7	9	3	0	1	6	5	1	20	2	3	0	7929	1	16	3	8	7	4
ENSG00000005436.12	1105	1979	1145	1115	1468	1867	2492	1820	1710	1182	2952	3356	2285	2438	1056	1222	2266	652	1765	1129	989	1994	1065	2082	1417	1749	1767	3135	1942	1474
ENSG00000005448.15	281	778	656	877	467	1097	875	1291	1142	491	508	731	598	379	372	331	544	1729	472	793	375	376	403	809	650	643	469	742	938	982
ENSG00000005469.10	2277	3951	2165	1836	4541	1797	3100	2575	3536	3904	1848	2917	3154	3626	498	1678	4896	776	748	1644	1854	1602	1704	1954	1438	3579	3269	5140	3090	3298
ENSG00000005471.14	138	87	41	63	77	47	55	111	46	70	39	51	43	124	33	41	132	29	20	24	43	37	27	75	123	19	23	98	39	51
