TCGA.EI.6883.01A	TCGA.AG.3602.01A	TCGA.AG.3594.01A	TCGA.AG.3732.01A	TCGA.EI.6884.01A	TCGA.AG.3728.01A	TCGA.AG.4007.01A	TCGA.AG.A00Y.01A	TCGA.F5.6861.01A	TCGA.AG.4022.01A	TCGA.AG.3574.01A	TCGA.EI.6509.01A	TCGA.DY.A1DF.01A	TCGA.CL.5918.01A	TCGA.EI.6513.01A	TCGA.DC.6682.01A	TCGA.EI.6506.01A	TCGA.AG.4005.01A	TCGA.EI.6507.01A	TCGA.AG.3605.01A	TCGA.AG.A02N.01A	TCGA.AG.3598.01A	TCGA.CI.6623.01B	TCGA.AH.6549.01A	TCGA.G5.6233.01A	TCGA.CI.6620.01A	TCGA.AG.3578.01A	TCGA.EI.6508.01A	TCGA.DC.6156.01A	TCGA.AG.A011.01A
ENSG00000000003.13	7934	8308	4023	8115	4432	2705	4352	2503	6678	14902	9973	4998	4673	12689	13763	12481	6321	1918	1921	8636	2489	3169	13646	9420	2564	5833	2150	16311	6634	2342
ENSG00000000005.5	25	386	5	77	13	14	19	6	60	76	5	2	6	53	47	170	13	13	1	1	19	9	29	197	1	45	0	792	82	6
ENSG00000000419.11	4284	1597	504	1480	2493	474	1211	721	3103	4528	1743	2773	1502	5794	5036	2538	3731	926	1397	1062	680	1206	8014	5200	3367	3470	710	2835	2270	503
ENSG00000000457.12	875	238	424	1168	1181	194	223	293	1460	710	374	684	797	591	896	725	1071	275	774	348	372	423	933	1003	767	1009	828	1263	902	279
ENSG00000000460.15	318	206	325	424	550	121	194	389	879	314	181	601	204	350	1040	704	988	298	510	405	235	284	1151	1016	488	1210	326	1023	493	107
ENSG00000000938.11	210	64	311	259	349	195	151	75	277	352	104	178	895	102	267	88	447	146	1304	93	71	93	431	185	417	412	216	153	754	54
ENSG00000000971.14	680	385	344	1624	1857	305	319	141	721	1901	351	1440	246	198	770	234	1701	300	1900	116	124	272	972	1720	673	1331	380	1053	3327	252
ENSG00000001036.12	4938	1165	1231	4199	3616	1334	2192	1833	5175	5434	1149	3851	2730	4740	4605	4207	4711	1228	3655	1278	1497	1749	8695	6199	3727	4548	1002	4817	4504	1075
ENSG00000001084.9	1011	1617	755	2690	2131	706	1487	870	3338	3086	1039	3695	1593	2254	4667	1200	2808	1340	2406	609	1192	871	3744	4274	3706	3181	1323	4543	3077	327
ENSG00000001167.13	1121	447	492	2676	1761	639	697	925	2118	1795	658	2823	627	1637	2596	3239	2162	919	2018	408	880	542	3103	3302	1636	2135	1367	1775	2586	226
ENSG00000001460.16	424	180	267	531	586	103	92	150	898	522	145	556	921	356	734	283	643	218	551	159	179	166	570	808	523	891	235	839	346	202
ENSG00000001461.15	3275	417	780	2442	2961	552	653	638	3192	1873	1106	2203	1771	1561	3046	1921	2645	1044	2302	933	977	821	2989	3675	1580	3861	1255	3005	1296	766
ENSG00000001497.15	3188	1298	978	2126	2288	2215	1091	1485	3815	3274	1942	2840	2411	4589	7359	4240	2899	1422	2056	2203	760	964	5751	4257	3529	4355	1194	2801	3003	995
ENSG00000001561.6	883	1049	493	1787	2496	225	438	323	2114	2171	751	527	844	1157	1543	2562	2536	449	1059	454	459	499	2367	2319	699	897	291	2154	2394	201
ENSG00000001617.10	3675	211	449	2075	2104	1387	704	1080	2975	1217	1167	2144	3238	1280	3246	431	2824	1170	2562	986	624	556	2207	1756	2446	3027	828	2628	1923	737
ENSG00000001626.13	23711	3831	1349	2817	14937	2058	2359	2355	14098	7916	8771	5836	2383	14855	14178	12777	11758	4402	56	7659	2514	7124	23553	8355	4690	22754	2196	7306	5791	10651
ENSG00000001629.8	2736	617	982	3427	2655	406	871	619	2904	3795	748	1926	1966	2682	3445	3863	3319	745	3391	775	1009	698	4248	3876	1697	3310	1197	3792	4535	590
ENSG00000001630.14	725	102	215	557	610	401	353	185	596	314	145	183	118	308	423	699	567	355	502	367	110	203	1049	1464	337	727	237	887	285	412
ENSG00000001631.13	2389	244	511	2380	1661	221	323	448	1663	2749	584	1485	1963	1807	2064	1495	1517	439	1950	629	585	360	2371	1958	1343	2089	956	2600	2106	446
ENSG00000002016.15	644	63	275	702	403	77	128	212	505	639	303	429	345	281	422	369	572	232	730	206	344	155	403	843	719	283	381	537	273	125
ENSG00000002079.11	13	3	6	29	11	4	5	13	30	19	0	9	19	26	14	8	12	1	26	7	4	7	37	14	17	21	17	21	19	5
ENSG00000002330.12	2591	1035	396	1113	1668	486	790	527	1971	873	720	600	1182	1144	1079	804	1552	744	718	1215	404	869	1799	1113	1105	1006	450	1390	721	792
ENSG00000002549.11	7779	1462	4654	3043	5979	1276	1776	1673	6161	7106	2013	4783	1368	3015	3514	4662	6438	1234	5642	1410	2148	2837	8069	8449	8156	3210	2242	6316	4601	1898
ENSG00000002586.16	7436	2812	1955	6073	5849	4119	2033	2934	7732	13396	4751	9892	9720	5001	9824	5970	5347	4053	6796	8411	1680	4493	7620	16355	7767	15864	1920	11164	16252	2973
ENSG00000002587.8	754	263	2089	299	441	298	273	115	787	593	278	407	267	576	379	611	456	252	719	315	334	278	444	700	377	236	750	777	623	204
ENSG00000002726.18	5920	2058	3231	6092	15935	8714	6978	4917	7936	16256	2847	9482	35975	9525	9705	2517	25760	4350	2195	1994	3243	1709	12841	9070	7920	11736	6239	4571	15468	3406
ENSG00000002745.11	3	1	0	21	1	1	5	1	5	4	0	5	40	1	4	23	3	1	2	1	5	2	50	15	4	53	2	4	5	0
ENSG00000002746.13	27	9	4	7	87	28	35	8	51	147	3	20	10	8	198	22	20	32	61	4	8	7	17	91	30	45	6	120	47	18
ENSG00000002822.14	2430	294	570	1267	1547	905	785	520	1684	1182	446	1122	1945	1368	3057	893	1267	1578	1147	404	370	383	2257	1773	1460	1983	431	1029	1074	651
ENSG00000002834.16	20035	2484	9546	24248	23759	10124	12428	6440	25635	15102	5096	94566	11053	13952	30065	25424	27464	8857	13536	5091	4510	5856	30237	44002	15491	21322	7619	32665	17829	6681
ENSG00000002919.13	1242	1176	1010	1344	1122	473	856	373	1647	811	540	467	594	728	1151	1303	1504	609	1166	629	484	843	1552	1501	839	1514	684	1461	849	406
ENSG00000002933.6	23819	4301	4015	9791	8398	12441	9283	4570	9988	21361	5969	8316	23118	15465	6827	1438	5541	3571	771	11579	4678	2664	25072	7661	6211	11066	10283	13879	15664	970
ENSG00000003056.6	4777	474	2142	4351	4737	1540	1463	1354	4845	3908	2345	5005	778	2116	6175	3491	4717	1754	6645	1567	2159	1648	4152	5351	4871	2862	1946	2387	4249	1135
ENSG00000003096.12	103	14	23	412	86	33	979	239	226	1021	84	1509	47	74	45	345	393	12	345	13	333	7	26	372	20	57	374	122	75	14
ENSG00000003137.7	38	11	29	118	105	29	59	34	112	150	13	88	39	32	195	11	714	51	251	10	24	24	273	204	54	70	124	93	66	26
ENSG00000003147.16	6125	894	1396	5101	7758	1203	2012	1190	4259	4337	1416	2864	6788	4109	5185	2231	2310	1187	3355	1644	1241	852	8154	3738	3612	3335	2694	5519	3397	1340
ENSG00000003249.12	923	376	403	267	1157	587	569	559	1250	832	551	1416	1661	3033	1916	635	1025	791	2492	655	413	320	1885	1044	979	1323	329	406	886	1075
ENSG00000003393.13	1187	154	443	1371	1340	162	187	303	1332	1109	365	1513	975	918	1358	1155	1276	494	2146	198	785	197	1385	2788	1615	1180	1276	1522	1450	320
ENSG00000003400.13	1394	590	1097	2561	2555	636	560	891	1754	2285	477	2118	1133	1623	1691	1047	3000	621	440	754	1274	761	2266	2249	2067	660	1790	1877	2545	782
ENSG00000003402.18	4224	1456	2050	7028	4734	828	1371	1221	4325	7043	1708	4069	3850	3484	4122	2581	6699	1118	5115	1013	1242	1349	4457	4989	4703	4067	2743	5944	5716	1879
ENSG00000003436.13	307	306	133	658	950	84	233	60	484	1004	462	560	241	862	713	508	566	178	1045	172	222	199	910	1283	1547	889	573	664	922	122
ENSG00000003509.14	614	420	167	283	707	108	240	221	936	566	374	492	597	731	803	681	1330	432	613	309	323	268	880	1236	1016	766	280	845	652	225
ENSG00000003756.15	5088	802	1330	7156	4178	942	958	1889	5564	3843	1337	4635	4162	2198	3502	980	4333	1475	4178	1138	1550	1012	3674	2567	3471	4061	3437	2675	3722	1422
ENSG00000003987.12	23	5	6	240	26	2	6	2	35	73	10	95	167	99	34	20	41	6	49	10	35	11	135	90	23	63	18	99	37	5
ENSG00000003989.15	363	11	17	1710	125	14	15	6	81	259	193	235	45	15	53	199	77	15	850	159	34	10	83	1134	765	128	181	367	370	24
ENSG00000004059.9	12070	5108	3260	5281	5204	6809	3619	2700	7355	8176	3368	6599	17163	9870	5578	2983	5464	3580	5173	6445	2106	3442	10764	5919	3807	6333	3384	12011	5395	2554
ENSG00000004139.12	756	54	80	494	348	235	327	123	382	349	216	119	117	327	691	367	311	223	471	65	174	71	542	637	192	213	152	584	482	199
ENSG00000004142.10	7873	3695	3100	4687	5113	3087	5316	2842	10572	5408	3498	3813	2991	6219	9072	6105	8332	3910	5625	3664	2394	3668	10216	10878	4868	9078	2446	8593	3754	2759
ENSG00000004399.11	2847	201	1216	4214	3090	2036	1193	655	2923	3454	1407	3793	2019	1172	4620	825	3561	1604	6464	481	894	486	2707	5074	4897	4443	1529	3017	7062	739
ENSG00000004455.15	7757	9158	2649	5805	5900	1483	2898	1502	8811	6032	3878	6764	5916	6542	8981	6824	6859	3924	4042	4305	2242	5117	7285	11967	7913	9088	2373	8775	3521	2575
ENSG00000004468.11	110	34	187	2729	333	144	156	103	40	183	37	6	15	29	125	38	515	53	243	56	78	91	123	119	84	123	109	733	202	546
ENSG00000004478.7	18817	2231	7966	8471	13339	1769	3275	3627	12874	10600	7670	15019	8580	8626	15155	8683	6747	5678	13960	5826	5521	6267	10416	15727	19928	6803	6645	11015	4599	6013
ENSG00000004487.14	7252	1987	2339	4893	4997	1542	2519	1859	11817	5021	3839	8754	4838	5284	9819	6449	5575	4614	6661	3607	2496	3925	8369	14172	4583	9805	2901	10244	5561	2529
ENSG00000004534.13	3087	625	1523	5507	3046	516	773	1546	4798	3481	879	3341	5227	3480	5167	1684	5912	1214	4496	675	1137	716	4207	4669	4957	4610	2371	2854	3958	1088
ENSG00000004660.13	726	58	112	687	583	403	382	264	1768	705	374	340	327	424	833	276	1599	300	871	146	410	250	2018	1417	848	700	203	1219	991	252
ENSG00000004700.14	753	138	500	1096	1375	117	298	228	866	1061	415	920	159	422	1703	1181	941	312	1657	225	254	280	1606	2456	901	2960	416	934	1836	195
ENSG00000004766.14	1699	384	705	1786	1538	163	396	343	1407	2004	456	989	1436	1229	1333	1488	1246	305	1219	493	506	260	2830	1444	1045	1190	838	1833	1691	288
ENSG00000004776.10	644	24	18	479	118	455	55	17	308	313	122	272	724	279	122	94	521	86	61	73	13	61	562	616	475	156	21	150	369	62
ENSG00000004777.17	259	55	157	565	613	309	171	268	962	498	181	328	3396	310	436	91	789	198	725	247	115	113	325	268	534	368	243	1062	293	83
ENSG00000004779.8	3527	5993	1613	1896	2675	796	1686	1502	4380	2984	2271	2765	1799	3076	4454	2326	3047	1388	2075	2809	1586	2862	4840	4793	2742	4266	1223	3787	1483	1514
ENSG00000004799.7	584	131	234	2422	1244	142	217	99	382	964	391	824	1157	647	931	813	730	189	596	144	475	41	408	831	611	599	862	1282	1574	95
ENSG00000004809.12	4	0	4	0	0	0	1	2	5	2	1	3	0	1	2	0	1	0	10	3	1	1	3	21	3	5	0	1	16	3
ENSG00000004838.12	34	5	16	38	17	10	3	6	25	13	5	22	107	10	12	2	14	6	46	11	18	5	27	24	23	25	24	12	16	15
ENSG00000004846.15	3	1	0	4	2	0	0	0	3	7	0	5	4	0	1	2	0	0	0	0	0	0	5	0	4	1	0	2	13	3
ENSG00000004848.6	1	2	1	2158	8	10	2	10	1	11	8	58	48	3	2	0	13	2	3	0	1	2	6	4	135	0	78	3	2	148
ENSG00000004864.12	2487	392	508	2239	1918	488	654	829	2516	3372	1162	1822	1722	2121	3174	870	2096	969	1409	589	639	687	5716	3134	2459	3205	829	3061	2434	626
ENSG00000004866.17	1994	555	589	1028	960	395	296	481	1165	1980	570	1400	1225	1455	1502	674	1334	520	1451	912	564	500	1744	2776	1430	1522	773	1103	1309	455
ENSG00000004897.10	2179	802	971	3022	2415	227	723	571	3286	2465	915	1250	969	2305	3457	5614	3355	867	3202	732	886	792	3493	6673	1747	4300	1360	3908	3102	750
ENSG00000004939.12	1	0	0	0	1	0	1	2	1	0	2	0	0	0	0	1	0	0	1	3	0	0	1	5	1	0	3	0	0	0
ENSG00000004948.12	1	0	0	1	1	4	1	0	1	9	0	19	2	7	4	5	3	1	4	1	0	3	0	5	1	0	0	6	14	1
ENSG00000004961.13	2048	2048	923	1025	1317	671	664	409	2191	2393	1437	1527	880	1991	2975	2494	1788	683	1184	2157	563	782	1404	2086	1751	1753	511	1733	1288	664
ENSG00000004975.10	1790	235	471	1279	1163	1372	595	604	2791	1448	843	837	1071	759	1581	759	1825	879	2554	644	927	377	2876	1654	1642	1467	518	1801	1591	716
ENSG00000005001.8	3391	677	868	723	1582	362	156	702	1580	1503	1349	1039	3260	1994	1824	108	954	502	2534	267	925	203	424	918	2349	531	1296	600	885	2354
ENSG00000005007.11	14610	971	3316	9145	10071	3805	3830	5134	11836	5449	3885	14276	4311	6632	5438	6248	12976	4987	9545	2105	2976	2248	8992	9490	6514	16465	4755	13450	7308	3055
ENSG00000005020.11	694	601	603	3100	4123	472	1009	479	2510	3542	760	1717	2909	1975	5185	2053	2422	586	836	227	487	121	4659	2383	2529	2017	1614	4629	4235	264
ENSG00000005022.5	26211	57543	36136	11820	21278	19133	32136	9720	37696	31687	33225	20636	4269	25407	37703	40856	25760	20671	16521	55764	10075	21997	40855	38799	36274	28612	9644	19916	15882	7755
ENSG00000005059.14	1194	480	495	635	790	168	338	227	938	455	138	196	497	779	302	1177	405	111	1310	586	519	644	1157	363	346	313	450	583	748	106
ENSG00000005073.5	92	116	244	164	789	326	159	279	814	1127	249	1209	446	1017	1397	76	627	123	68	132	83	34	350	505	530	315	296	1181	1111	27
ENSG00000005075.14	2951	1254	792	1551	1401	1556	777	850	1887	2514	803	1886	5058	3600	2092	829	1966	916	1292	1637	373	900	3080	2231	1468	1924	713	1970	1391	690
ENSG00000005100.11	1288	200	350	1130	1242	403	427	545	2301	1422	513	1371	580	1039	1530	1771	2426	862	2429	324	1044	280	4564	3139	1235	1901	721	2070	2102	298
ENSG00000005102.11	39	35	43	173	185	76	51	13	83	98	39	0	29	54	61	21	183	38	14	18	9	17	222	157	112	248	26	79	65	15
ENSG00000005108.14	66	9	19	128	94	29	20	5	127	120	13	24	75	33	63	40	45	13	107	16	9	8	116	120	106	171	20	58	179	15
ENSG00000005156.10	1576	524	712	2038	1945	720	1096	814	2082	1303	801	802	750	1271	2751	2740	2900	807	1929	620	616	708	2882	3857	1170	2927	1216	2423	1601	610
ENSG00000005175.8	1679	363	684	1815	1938	99	348	381	2116	1575	728	1322	781	1486	3061	2649	2101	505	2526	327	851	485	2383	4213	2287	2394	776	2467	1745	424
ENSG00000005187.10	1005	120	269	1530	714	132	78	309	1314	1087	942	386	187	276	945	232	793	97	157	178	483	335	776	411	460	169	345	1339	323	415
ENSG00000005189.18	362	104	153	523	276	55	81	129	481	340	131	234	608	175	856	80	185	61	431	166	51	123	897	313	296	567	76	504	148	108
ENSG00000005194.13	2981	3193	1405	1175	2605	921	1210	1438	4211	1674	1529	2749	1133	1761	4879	1857	3156	1327	2674	1753	1412	2419	3412	4963	2376	3778	1187	3689	1720	1102
ENSG00000005206.15	8368	744	1542	2544	3869	2554	3129	2544	5849	2294	1070	2167	5879	3179	1751	1950	4864	2394	3461	1961	902	1140	2958	2134	4237	3991	2469	6162	1682	1611
ENSG00000005238.18	819	284	759	682	1726	467	443	360	2353	1365	376	1206	1020	549	645	352	2112	504	1048	166	238	281	733	1189	1336	767	370	691	1391	222
ENSG00000005243.8	155	132	44	111	228	219	129	19	192	346	97	334	225	60	227	140	153	113	393	80	15	64	196	314	159	173	85	159	518	71
ENSG00000005249.11	68	142	287	405	623	81	76	39	145	585	57	30	156	81	81	148	643	124	1238	24	78	56	306	615	171	652	79	330	167	72
ENSG00000005302.16	1031	1076	574	1336	1100	490	456	489	1636	1763	727	1398	1235	1328	2288	1806	1620	694	1405	1392	461	623	1434	2107	1574	2187	1040	1854	1664	382
ENSG00000005339.11	4884	518	2085	9226	5225	3348	1381	2936	6198	5016	1492	7982	2987	3300	7615	3202	7690	1712	4138	913	1705	958	5066	8843	3514	7120	2541	6759	6628	2104
ENSG00000005379.14	723	115	98	298	1035	389	180	1422	942	455	100	176	833	74	455	706	2305	101	762	176	210	241	229	189	814	3461	274	470	1545	1073
ENSG00000005381.7	14	48	2	9	25	6	0	14	14	17	6	8	0	0	14	3	45	2	5	9	0	10	3	4	3	9	2	3	3	5
ENSG00000005421.7	0	0	0	5	0	1	1	2	1	3	1	79	0	0	3	6	5	0	3	7	2	0	0	3	213	7	68	1	1	0
ENSG00000005436.12	894	375	265	1590	627	65	184	252	971	924	580	518	348	830	1304	1343	1351	199	1150	181	256	241	828	1160	808	892	308	823	831	205
ENSG00000005448.15	444	179	262	283	303	490	310	225	622	389	294	639	650	306	674	819	453	306	1071	746	119	216	647	2099	346	406	213	555	391	207
ENSG00000005469.10	938	216	192	694	499	139	176	172	594	1293	421	536	420	926	635	488	909	123	87	213	323	116	649	469	386	338	289	906	788	83
ENSG00000005471.14	60	8	25	53	93	25	17	23	62	161	34	126	34	21	61	55	39	21	63	10	8	8	35	141	232	53	68	183	140	23
