TCGA.EI.6883.01A	TCGA.AG.3602.01A	TCGA.AG.3594.01A	TCGA.AG.3732.01A	TCGA.EI.6884.01A	TCGA.AG.3728.01A	TCGA.AG.4007.01A	TCGA.AG.A00Y.01A	TCGA.F5.6861.01A	TCGA.AG.4022.01A	TCGA.AG.3574.01A	TCGA.EI.6509.01A	TCGA.DY.A1DF.01A	TCGA.CL.5918.01A	TCGA.EI.6513.01A	TCGA.DC.6682.01A	TCGA.EI.6506.01A	TCGA.AG.4005.01A	TCGA.EI.6507.01A	TCGA.AG.3605.01A	TCGA.AG.A02N.01A	TCGA.AG.3598.01A	TCGA.CI.6623.01B	TCGA.AH.6549.01A	TCGA.G5.6233.01A	TCGA.CI.6620.01A	TCGA.AG.3578.01A	TCGA.EI.6508.01A	TCGA.DC.6156.01A	TCGA.AG.A011.01A
ENSG00000082929.7	0	0	0	0	1	0	0	0	0	1	0	0	0	0	0	0	1	0	0	1	0	0	0	0	0	1	0	0	2	1
ENSG00000083622.8	20	4	0	2	9	2	2	2	6	11	4	11	3	6	7	3	20	2	0	7	3	4	21	9	5	18	2	3	3	6
ENSG00000093100.13	7	1	2	13	7	2	4	2	8	11	3	8	10	2	2	1	5	1	4	1	2	0	2	4	5	6	2	19	10	0
ENSG00000099869.7	4	6	1	0	7	0	1	0	662	3	122	3	4	0	3	117	8	3	3	1	0	0	1	19	4	6	1	2	5	1
ENSG00000100181.20	23	7	4	8	46	24	17	3	12	59	3	174	33	16	476	12	13	15	67	6	20	2	38	135	33	645	11	22	216	3
ENSG00000115934.11	0	0	0	0	0	0	0	0	0	0	0	0	0	0	1	0	0	0	0	0	0	0	0	0	0	0	0	0	0	0
ENSG00000116652.6	6	3	1	45	13	1	1	4	11	15	2	12	11	6	27	9	15	3	26	1	9	1	5	16	10	27	22	37	25	2
ENSG00000116883.8	127	59	95	90	103	53	168	39	133	162	93	242	514	128	47	140	101	82	220	32	48	20	108	457	201	112	51	108	107	75
ENSG00000117242.7	407	32	129	404	295	65	108	40	449	350	149	499	432	415	519	306	380	120	434	108	88	131	560	854	169	327	100	325	273	95
ENSG00000120055.7	129	11	126	63	67	44	50	32	196	60	66	84	32	82	37	55	156	74	79	57	30	66	61	53	126	104	19	175	53	17
ENSG00000120664.9	0	3	1	1	1	2	0	0	1	0	0	1	2	0	2	0	3	0	0	0	0	1	1	0	1	1	1	0	3	1
ENSG00000122043.9	0	0	1	3	1	0	2	0	0	0	1	0	0	0	1	0	0	0	1	0	0	0	0	1	3	0	0	0	8	0
ENSG00000122548.5	27	2	1	7	20	0	0	2	6	2	1	3	1	6	4	4	1	2	2	14	0	2	0	3	0	5	6	15	4	0
ENSG00000124835.2	1	0	0	0	0	0	0	0	1	0	0	1	0	1	1	0	0	0	1	0	0	0	0	0	1	0	0	1	1	0
ENSG00000124915.9	0	4	2	16	4	1	3	2	16	5	5	12	26	2	11	4	4	2	9	2	1	3	4	38	15	3	11	6	15	0
ENSG00000125514.8	0	0	0	0	0	0	0	0	0	1	0	0	0	0	8	0	0	0	0	0	0	0	0	0	0	1	0	0	0	0
ENSG00000125804.12	1	0	0	9	2	0	0	0	0	1	2	15	1	25	0	2	1	0	0	0	2	4	5	6	3	2	0	1	3	0
ENSG00000125899.7	0	0	0	0	0	0	0	0	0	0	0	0	0	0	0	0	0	0	0	0	0	0	0	0	0	0	0	0	0	0
ENSG00000126005.14	5310	705	724	1552	1402	3220	1792	379	1381	4000	2341	1675	1814	7087	2451	895	3072	1072	1414	1196	691	1447	2531	3123	2127	2875	657	3096	1429	409
ENSG00000128254.12	3	1	3	10	8	8	2	15	12	6	1	2	2	5	13	4	16	5	8	3	3	9	24	9	3	47	2	30	21	4
ENSG00000129816.5	0	0	0	0	0	0	0	0	0	0	0	0	0	0	0	0	0	0	0	0	0	0	0	0	0	0	0	0	0	0
ENSG00000129845.5	0	0	0	0	0	0	0	0	0	0	0	0	0	0	0	0	0	0	0	0	0	0	0	0	0	0	0	0	0	0
ENSG00000130600.14	665	15	54	9	189	408	43	901	825	360	9131	2534	874	265	370	244	162	12952	17822	16	56	19	588	3325	19681	1087	1773	276	413	116
ENSG00000131007.8	0	0	0	0	0	0	0	0	0	0	0	0	0	0	0	0	0	0	0	0	0	0	0	0	0	0	0	0	0	0
ENSG00000131484.4	2	0	0	0	0	0	0	0	0	2	1	3	1	0	4	1	2	0	0	0	1	0	2	2	2	0	0	1	0	0
ENSG00000131538.7	0	0	0	0	0	0	0	0	0	0	0	0	0	0	0	0	0	0	0	0	0	0	0	0	0	0	0	0	0	0
ENSG00000131548.7	0	0	0	0	0	0	0	0	0	0	0	0	0	0	0	0	0	0	0	0	0	0	0	0	0	0	0	0	0	0
ENSG00000132204.12	0	1	0	1	7	2	1	0	4	1	1	1	0	0	19	2	0	0	0	0	1	1	1	6	0	0	2	0	1	0
ENSG00000132832.8	21	3	4	8	4	8	7	41	8	23	8	14	1	9	28	9	5	1	41	0	7	3	8	25	11	1	3	2	113	1
ENSG00000136275.9	2	2	0	0	1	0	0	1	1	2	0	7	0	0	1	1	0	0	1	0	0	2	1	0	2	0	0	0	4	1
ENSG00000136315.4	1	0	0	1	0	0	0	1	1	0	0	1	2	3	0	0	2	0	4	1	1	1	2	2	0	0	1	2	0	7
ENSG00000137808.12	0	0	0	0	0	0	0	0	0	0	0	0	0	0	0	0	0	0	0	0	0	0	0	0	0	0	0	0	0	0
ENSG00000142396.9	640	323	329	1006	487	167	180	225	678	511	150	541	810	519	767	537	1048	253	513	254	292	170	644	670	390	913	368	555	488	123
ENSG00000145063.13	6	2	0	3	2	2	0	2	5	1	0	3	3	0	8	2	3	2	4	0	0	0	6	7	4	2	2	1	9	0
ENSG00000146521.8	1006	25	22	700	109	326	47	70	110	1083	6	363	1200	265	248	54	106	35	7	64	20	11	413	68	435	128	4	263	614	73
ENSG00000146666.5	41	59	0	11	20	7	57	11	28	112	32	24	6	101	75	43	8	5	12	11	2	8	27	18	29	15	10	80	35	19
ENSG00000147753.8	0	0	0	0	0	0	0	0	0	0	0	0	0	0	0	0	0	0	0	0	0	0	0	0	0	0	0	0	0	0
ENSG00000147761.7	0	0	0	0	0	0	0	0	0	0	0	0	0	0	0	0	0	0	0	0	0	0	0	0	0	0	0	0	0	1
ENSG00000149443.6	0	1	0	0	1	0	0	0	0	1	0	0	0	0	1	0	0	0	0	0	0	0	0	0	1	0	0	0	0	0
ENSG00000149656.7	2	1	0	4	0	0	1	0	2	4	1	0	0	0	2	3	2	0	0	0	0	0	1	5	0	0	0	0	0	0
ENSG00000151303.11	1	1	0	1	3	0	0	2	2	2	0	0	1	0	3	3	1	0	1	0	1	0	1	1	2	2	1	0	1	0
ENSG00000152931.7	82	15	6	2	14	1	6	6	284	18	191	66	174	21	69	63	75	7	0	287	2	94	3	19	25	15	0	20	3	63
ENSG00000153363.11	764	176	216	687	370	43	51	83	445	355	166	396	1368	309	383	263	223	121	400	192	178	285	705	410	436	295	281	369	236	101
ENSG00000157306.13	33	7	25	35	19	5	6	14	51	54	15	17	92	20	16	23	44	7	72	12	19	3	13	26	46	25	43	27	23	22
ENSG00000162888.4	9	1	11	10	18	6	8	18	18	11	7	13	7	5	20	11	20	15	26	3	14	3	20	22	24	27	31	12	12	7
ENSG00000162947.4	0	0	0	0	0	0	0	1	2	0	0	0	2	1	0	5	1	0	0	1	0	0	0	1	0	0	0	0	1	0
ENSG00000163009.7	18	10	15	30	93	7	7	23	62	34	13	77	247	34	116	11	162	27	34	17	24	21	80	56	96	42	15	179	33	2
ENSG00000163364.8	19	26	6	21	39	16	17	1	15	29	14	33	29	22	46	434	51	13	101	14	9	6	31	183	92	1021	21	28	51	4
ENSG00000163597.13	1545	549	752	2574	873	354	692	641	1514	846	1062	1205	356	907	1121	3014	1908	643	2011	882	619	1407	1505	3105	1276	1665	799	540	796	670
ENSG00000163915.6	7	1	1	6	3	2	3	6	1	9	3	3	0	4	5	3	2	0	4	3	3	0	1	3	3	1	8	10	12	0
ENSG00000164621.5	1	0	0	0	0	0	1	1	2	0	0	0	2	1	0	2	3	0	1	0	0	0	4	2	3	0	0	1	1	3
ENSG00000165511.6	55	30	27	160	52	31	39	10	65	113	25	97	23	105	178	77	71	27	176	17	28	24	104	212	75	101	20	59	102	20
ENSG00000166770.9	33	45	11	56	71	41	23	11	63	90	13	90	82	27	48	26	68	32	87	8	12	5	53	106	54	80	24	72	185	21
ENSG00000166917.8	2	0	0	0	1	0	0	0	0	0	0	1	1	0	0	0	0	1	0	3	0	0	0	0	1	1	0	1	0	0
ENSG00000167046.4	255	5	2	29	40	23	3	16	36	106	19	242	585	82	24	5	15	9	12	42	17	7	11	19	42	15	17	12	8	60
ENSG00000167117.7	630	236	279	786	394	202	282	370	325	687	420	259	304	323	564	400	742	391	132	68	241	131	311	942	2206	345	285	806	521	183
ENSG00000167355.6	1	0	0	0	0	0	0	0	0	0	0	1	0	0	78	1	1	0	0	0	8	0	0	18	1	1	0	0	1	0
ENSG00000167459.15	0	0	0	0	0	0	0	0	0	0	0	0	0	1	1	0	0	0	0	0	0	0	0	0	0	0	0	0	0	0
ENSG00000167912.5	30	9	81	696	48	19	20	15	132	48	48	138	92	25	12	39	76	11	148	11	137	28	6	106	36	24	257	102	16	12
ENSG00000168367.8	0	0	0	0	0	0	0	0	0	3	0	0	0	0	0	0	0	0	1	0	0	0	0	0	0	1	0	0	0	0
ENSG00000170161.6	47	12	9	5	24	6	7	5	31	30	14	55	13	11	32	22	22	4	36	15	4	6	18	19	15	16	6	8	22	5
ENSG00000170590.7	0	0	0	0	0	0	0	0	0	0	0	0	0	0	0	0	1	0	0	0	0	0	0	0	0	2	0	0	0	0
ENSG00000170846.14	833	311	416	644	759	209	232	277	989	967	199	934	813	771	555	1107	982	318	1031	365	344	336	779	1611	1209	736	535	1045	473	599
ENSG00000170919.14	658	180	186	1079	606	221	241	510	480	1856	186	1796	3208	579	481	289	463	498	314	183	138	111	846	763	1019	294	222	185	1059	153
ENSG00000170983.3	0	0	0	0	0	0	0	0	0	0	0	0	0	0	0	0	1	0	0	0	0	0	0	0	0	0	0	0	0	0
ENSG00000171671.6	2	1	0	1	0	1	0	0	0	1	0	0	1	0	0	0	0	0	0	0	0	1	0	0	1	0	3	0	0	0
ENSG00000171889.3	3	7	14	0	46	0	0	0	3	2	0	28	26	0	2	13	0	0	13	0	1	0	0	12	1	1	7	3	1	0
ENSG00000172250.13	83	8	11	22	81	16	17	11	71	30	1	14	106	61	135	44	42	5	25	20	5	32	39	20	5	140	17	59	10	47
ENSG00000172965.13	542	2077	347	183	684	193	302	135	1154	837	379	646	628	565	849	551	759	439	732	281	174	528	755	846	962	745	268	528	1088	129
ENSG00000173727.10	69	12	3	25	57	15	4	19	54	49	13	30	13	60	151	74	41	24	162	34	15	18	52	894	59	51	7	50	62	65
ENSG00000173811.9	2	7	1	4	6	1	1	0	5	14	1	13	27	3	4	3	2	2	9	4	0	6	2	6	6	1	1	14	5	3
ENSG00000173862.3	1	0	0	5	1	0	0	4	1	1	0	1	4	3	1	2	1	1	1	0	0	0	3	1	1	0	2	3	2	0
ENSG00000173867.8	9	0	2	23	5	1	0	1	16	18	4	13	6	11	13	3	13	1	3	1	2	2	8	11	12	6	1	13	18	2
ENSG00000174171.5	38	154	9	16	223	12	54	45	222	695	194	58	819	59	78	33	157	49	24	59	3	26	22	130	51	6	5	9	106	137
ENSG00000174365.18	1990	322	219	384	508	406	579	317	901	821	645	770	553	1162	724	302	676	294	443	375	197	382	761	677	744	572	283	857	671	234
ENSG00000174403.14	12	0	2	21	16	11	4	0	47	14	8	8	32	5	2	1	17	5	3	6	0	0	0	23	7	16	12	17	2	1
ENSG00000174407.10	0	0	0	0	0	0	0	0	2	0	0	0	0	0	0	0	0	0	0	0	0	0	1	1	0	1	1	2	0	0
ENSG00000174680.8	2	1	0	3	2	0	0	2	2	4	0	0	1	0	0	0	3	0	3	1	2	0	1	6	2	0	0	0	1	1
ENSG00000175061.16	38860	14245	5508	14681	10868	4251	6111	3241	33353	28543	23714	29472	4903	9866	10790	22092	26653	9105	41744	10933	8492	28398	36508	32494	43927	12999	5366	9914	8024	1862
ENSG00000175147.10	193	43	85	329	228	46	51	41	267	190	117	293	600	183	333	110	223	80	114	153	82	30	164	197	303	70	191	203	253	42
ENSG00000175604.2	0	0	4	1	2	0	0	1	2	0	0	1	0	1	0	0	1	0	1	4	1	3	2	1	0	3	3	3	0	0
ENSG00000175611.10	498	233	42	438	234	75	38	68	440	343	113	222	616	203	361	63	165	122	90	223	37	175	144	150	214	132	141	190	169	47
ENSG00000175699.11	0	0	0	0	0	0	0	0	0	1	0	0	0	0	0	0	1	0	0	0	0	0	1	0	4	0	0	0	0	0
ENSG00000175746.6	0	1	1	1	0	0	2	2	0	4	1	5	2	2	4	4	1	1	6	0	1	0	9	4	5	3	1	0	3	0
ENSG00000175772.10	188	14	31	232	76	9	17	48	204	132	13	226	81	159	314	284	98	57	57	30	26	18	165	198	188	146	40	155	79	49
ENSG00000175773.11	24	12	2	31	16	2	18	12	14	12	8	6	16	18	18	13	17	3	22	9	3	19	27	30	9	7	6	6	8	13
ENSG00000175967.3	0	0	0	11	1	0	1	0	1	4	0	5	3	0	3	0	0	0	1	0	1	0	1	1	5	20	1	2	18	0
ENSG00000176075.7	0	0	0	0	0	0	0	0	0	0	0	0	0	0	0	0	0	0	0	0	0	0	0	0	0	0	0	0	0	0
ENSG00000176236.6	10	13	5	16	2	8	6	4	7	16	14	19	17	14	32	3	16	11	7	14	7	12	19	12	22	14	7	34	6	11
ENSG00000176320.2	0	0	0	0	4	0	1	0	1	9	0	0	0	1	1	1	4	0	0	1	0	0	3	0	0	2	0	1	1	0
ENSG00000176349.10	1	1	0	0	1	1	0	2	0	1	0	1	0	0	0	1	1	0	3	0	0	0	2	0	0	1	1	3	1	4
ENSG00000176515.1	1	2	0	0	1	0	0	2	0	6	0	4	1	7	19	0	4	0	0	0	0	0	5	5	1	4	0	0	4	1
ENSG00000176593.6	48	9	50	235	82	19	4	14	246	38	31	177	99	12	24	10	188	351	31	14	16	2	14	73	130	37	38	38	191	16
ENSG00000176659.7	1	1	0	3	6	0	1	0	1	1	6	4	1	1	6	3	9	3	8	0	3	0	1	3	2	3	3	2	20	0
ENSG00000176728.6	39	0	1	0	36	8	6	5	2	0	0	12	0	0	3	5	0	40	10	0	78	19	14	29	45	0	1	0	40	13
ENSG00000176753.5	5	2	2	12	4	7	0	3	15	3	1	2	10	14	67	17	14	6	32	7	7	4	7	3	8	19	4	7	24	1
ENSG00000176754.11	2	0	0	0	1	0	0	1	1	1	0	5	1	0	0	1	1	0	2	0	2	0	0	0	1	0	0	0	0	0
ENSG00000176840.10	2	0	0	1	2	4	0	0	1	1	1	1	1	0	4	0	1	0	0	3	0	0	0	7	7	2	0	0	47	0
ENSG00000176868.2	0	0	0	0	0	0	0	0	0	0	0	0	0	0	0	0	0	0	0	0	0	0	0	0	0	0	0	0	0	0
ENSG00000176912.3	37	63	66	29	21	13	21	30	188	12	46	21	125	41	59	65	36	27	63	157	34	28	94	35	130	59	21	41	14	24
