TCGA.DX.A2IZ.01A	TCGA.DX.AB2H.01A	TCGA.3B.A9HR.01A	TCGA.DX.A6Z0.01A	TCGA.DX.A3LW.01A	TCGA.VT.AB3D.01A	TCGA.DX.A1L4.01A	TCGA.IE.A4EH.01A	TCGA.DX.AB36.01A	TCGA.IE.A4EI.01A	TCGA.DX.AB30.01A	TCGA.DX.A1L3.01A	TCGA.QC.A6FX.01A	TCGA.IS.A3K7.01A	TCGA.3B.A9HT.01A	TCGA.DX.A1KX.01A	TCGA.PC.A5DK.01A	TCGA.DX.A8BU.01A	TCGA.3B.A9HL.01A	TCGA.DX.A23T.01A	TCGA.QQ.A8VF.01A	TCGA.3R.A8YX.01A	TCGA.HB.A5W3.01A	TCGA.IS.A3K6.01A	TCGA.DX.A48R.01A	TCGA.DX.A8BS.01A	TCGA.WK.A8XS.01A	TCGA.FX.A2QS.01A	TCGA.DX.A3U6.01A	TCGA.FX.A76Y.01A
ENSG00000000003.13	3517	2774	1022	3428	3747	591	1061	594	1299	798	5685	952	2738	1172	2340	1706	482	2479	2495	1751	4684	2812	1071	806	752	2005	570	1844	1082	1209
ENSG00000000005.5	2	8	370	341	3830	16	4	6	2	7	22399	78	3	4	1	85	13	12	398	22	0	24	14	0	31	8	4	2	31	16
ENSG00000000419.11	1617	1131	2390	2304	2381	1308	959	1670	999	1710	2505	1317	3230	1512	1880	4493	968	3622	1556	1242	5293	2057	2900	2159	2619	5491	2345	1567	2114	1929
ENSG00000000457.12	801	735	1024	723	532	607	330	660	312	616	1043	3784	330	294	406	358	509	456	661	406	585	427	895	458	1195	707	910	781	448	817
ENSG00000000460.15	554	828	715	712	443	371	218	440	256	387	954	1875	233	298	334	500	149	1119	422	127	661	667	303	360	1115	1280	624	901	654	411
ENSG00000000938.11	85	64	144	261	116	829	972	160	68	164	82	246	243	714	1828	209	206	196	236	739	428	244	238	144	60	542	168	133	1619	245
ENSG00000000971.14	10663	1736	200	6153	27028	3512	17964	123	15523	243	5978	12090	1839	1803	17048	2178	756	20342	1213	4306	6427	3375	1047	129	66	3290	3867	31251	13922	456
ENSG00000001036.12	455	2656	1577	25348	5572	2801	4273	2901	3364	2309	3227	5665	17583	7544	4277	8893	901	4050	5627	19621	3743	5046	2529	4167	4042	12167	3950	3724	6207	2081
ENSG00000001084.9	10345	5082	2719	1002	773	1083	634	643	676	1141	1489	898	851	841	1125	1188	823	1549	672	650	1172	840	436	1202	1747	1712	1377	4528	2640	1391
ENSG00000001167.13	1060	1759	1718	917	1008	643	722	2047	1075	1278	5048	502	1418	1903	1479	859	742	3102	1051	650	1146	1923	552	2495	1553	1711	1369	4577	684	1506
ENSG00000001460.16	1280	345	35	329	654	88	210	644	876	198	586	883	450	306	158	523	23	12	276	645	177	399	56	408	9	45	964	26	278	1265
ENSG00000001461.15	3851	1096	138	684	1362	598	809	719	2773	901	2364	1108	1280	448	835	982	139	89	415	863	530	2242	262	877	11	136	4914	167	615	1718
ENSG00000001497.15	2628	3290	4604	9323	1609	1775	879	1967	1359	3221	3125	1164	2663	2984	3200	3077	1611	2621	1660	1229	4497	3581	2632	3440	4834	4315	3809	3406	1451	3011
ENSG00000001561.6	3399	1613	2194	348	378	282	691	64	508	1647	339	458	504	107	1489	546	520	1861	839	410	603	106	252	499	1206	554	1584	120	888	554
ENSG00000001617.10	1618	4328	2163	3356	3134	3108	1773	1983	768	1373	15090	1307	3199	891	1670	3804	487	1195	4449	2032	653	2722	935	1528	263	1751	3273	1521	881	933
ENSG00000001626.13	41	13	17	8	3	10	1	0	64	48	30	1	8	9	17	6	11	4	14	2	11	2	1	27	18	1	0	10	7	23
ENSG00000001629.8	2600	1539	3346	5548	1850	1105	1538	1800	1975	6480	3898	1810	4576	2905	2682	5441	1323	3513	1954	1334	5994	2585	3467	5623	3740	3796	5733	5223	1586	3540
ENSG00000001630.14	424	181	202	180	113	20	126	70	114	394	328	50	799	59	170	455	110	315	170	61	679	557	427	93	494	316	503	337	72	146
ENSG00000001631.13	2871	1690	2788	2764	1148	702	536	1182	981	2882	2764	1050	2510	840	1193	1995	1580	1650	1596	641	3189	1288	2417	1388	2617	1652	1949	2703	781	2368
ENSG00000002016.15	1006	228	587	458	200	208	77	297	183	341	694	212	272	376	303	170	416	204	304	134	318	507	404	282	1187	196	221	392	204	858
ENSG00000002079.11	16	0	7	4	1	1	0	14	8	6	23	4	6	1	0	2	7	4	4	0	10	0	16	5	21	14	4	9	4	7
ENSG00000002330.12	1275	1394	3070	4383	5258	2165	1160	3441	1167	2141	2798	1633	3522	7268	1369	2122	1460	2444	1959	1209	1475	1950	2739	6049	4536	3150	1781	2065	1931	2913
ENSG00000002549.11	1818	2546	2233	7369	5295	16395	5228	2623	2470	1985	4067	6035	10419	2241	27965	6044	2200	4129	5740	6703	12377	5474	3554	5025	2818	4152	6686	4882	15877	4155
ENSG00000002586.16	4938	10893	17960	57816	22157	16781	17701	22119	15775	12255	28926	23396	15146	50096	19155	10722	8941	43955	43168	12678	38413	28721	27065	24598	43630	71363	64069	6718	23278	21952
ENSG00000002587.8	1172	360	184	582	93	206	500	140	72	63	244	392	300	192	144	213	83	163	208	259	92	143	104	48	131	157	114	179	112	158
ENSG00000002726.18	2	0	10	59	2	101	100	3	4	51	11	3	4	17	28	28	7	5	6	22	10	12	20	10	9	10	4	84	30	34
ENSG00000002745.11	105	2	33	170	0	5	2	3	9	29	635	0	9	46	9	4	5	232	6	0	11	5	283	23	118	110	2	21	10	4
ENSG00000002746.13	1	71	26	171	0	12	70	0	129	6	41	1	182	37	22	58	3	16	19	72	289	31	47	17	29	179	14	641	32	1
ENSG00000002822.14	2104	1315	1444	3091	4120	2554	1156	1807	1289	1243	4787	1992	3516	6389	1843	6873	883	2162	2587	1849	3607	2707	1213	2488	1684	5228	949	2377	1568	2101
ENSG00000002834.16	13281	15423	7455	28089	10455	18982	14247	11675	11878	6680	18573	14420	16122	13355	34169	18730	4264	14964	21673	12795	12290	17588	4593	11018	5500	22795	15709	23597	7900	6873
ENSG00000002919.13	1487	895	1310	1682	1384	1967	1181	1421	1099	788	570	1551	1054	1982	1688	1378	625	1080	1206	1702	1239	1111	1445	1126	2346	1112	1352	1333	1858	1410
ENSG00000002933.6	445	1703	5651	7857	9223	8736	6067	229	551	17507	777	5908	2997	7966	6424	13551	849	1248	8648	11285	1017	793	2495	14158	3136	1188	8488	4467	11900	295
ENSG00000003056.6	3868	1231	4304	2408	1269	1996	4242	2221	3080	3013	2352	1811	3328	1173	6104	2692	1722	1411	18912	2242	4163	5537	3887	2099	6947	2724	3516	5963	2064	3257
ENSG00000003096.12	289	170	6580	2991	1248	122	129	5734	40	4607	905	138	154	224	386	476	768	1490	941	114	43	21	2576	3645	2631	117	2695	5820	311	6250
ENSG00000003137.7	7832	2398	368	1888	1543	674	1350	23	26	127	5131	687	1140	806	782	1359	224	765	6050	1806	467	4850	252	30	530	446	153	2638	369	172
ENSG00000003147.16	323	103	78	362	549	371	235	166	112	52	872	304	165	696	198	227	129	63	610	370	71	114	177	2215	48	153	111	107	945	250
ENSG00000003249.12	495	223	597	3	41	17	2	56	917	372	820	94	6	74	17	6	261	112	36	24	312	288	78	498	574	137	333	103	40	109
ENSG00000003393.13	2220	469	1727	1340	952	627	651	1000	1416	1055	1947	843	1103	1329	1486	1213	814	1375	1096	603	1845	1425	1312	768	1711	1105	2493	1811	661	1529
ENSG00000003400.13	105	347	435	1419	1185	1458	689	300	167	195	206	832	544	499	1203	809	324	146	1375	685	344	470	494	218	131	597	257	232	810	386
ENSG00000003402.18	6854	1304	6156	5255	4100	7382	2883	2933	1476	3113	3774	3727	3792	3127	7101	2406	4932	2010	3942	2974	2826	2462	5657	2650	6377	2074	3475	2982	6098	8066
ENSG00000003436.13	2584	1458	427	8260	20282	2694	1225	283	9653	254	1119	3319	2083	1469	14202	7610	210	2879	7881	8024	42475	7883	903	158	111	2232	646	6427	4123	447
ENSG00000003509.14	445	379	461	869	529	452	271	480	393	517	779	537	400	760	624	228	375	535	468	353	515	693	565	736	526	599	528	598	607	1175
ENSG00000003756.15	7299	4880	7646	5316	6757	3947	1225	3593	3159	4652	8422	3150	1604	1780	3347	1294	3861	2161	4950	2007	1997	3644	5281	3948	8826	4451	6696	4408	4129	8551
ENSG00000003987.12	109	60	53	74	64	56	21	58	84	159	120	54	41	48	75	23	329	93	60	443	172	91	35	64	32	110	309	114	62	204
ENSG00000003989.15	420	180	98	253	11701	151	911	503	2259	9873	4535	432	45	1304	630	356	6414	2526	1554	7417	755	159	325	394	28	2106	4444	9355	2960	1119
ENSG00000004059.9	3860	6461	7211	11301	7238	5713	3358	11643	4023	7059	7940	5204	9193	15055	5381	7192	2847	7143	6260	6252	9415	5255	8065	10106	10811	8377	6489	4177	6509	8113
ENSG00000004139.12	1632	675	3040	590	483	285	379	1295	332	1251	929	73	142	213	325	533	793	237	387	76	441	969	1532	363	1575	186	1448	414	118	1635
ENSG00000004142.10	4568	4223	6970	5595	4684	3634	3799	7650	4377	5395	6644	3986	5354	6258	5801	5139	3513	3673	3081	4451	6365	5460	7654	8625	6412	9022	12123	4386	3862	7117
ENSG00000004399.11	60194	7137	6372	17601	15829	14967	17114	7846	6664	10286	9354	12862	16046	11285	21100	13157	4298	10978	22237	20436	10335	15143	7225	14529	4075	25458	10484	6631	10515	5082
ENSG00000004455.15	8348	3781	4990	4467	4220	3702	2994	4638	3541	3377	5311	3260	5439	3848	5147	2850	2358	8893	3815	5747	5472	11063	2775	6802	3127	7779	5341	4767	4626	4620
ENSG00000004468.11	10	23	58	264	91	2669	383	34	41	33	33	246	262	15	3305	224	180	116	203	226	813	36	73	261	84	213	156	172	1786	171
ENSG00000004478.7	5958	2139	5538	3096	2619	3094	2948	3713	6177	3351	9061	2790	4823	10439	6888	3718	3449	3590	3741	4905	7329	12206	8175	4166	9441	6714	5840	5957	3362	3965
ENSG00000004487.14	5612	3614	4531	7047	2112	2859	2750	1984	4247	3010	10823	3104	5189	3252	4370	3120	2567	7801	4526	4502	7901	9284	2429	4926	2788	8042	4927	6201	2536	5002
ENSG00000004534.13	4646	3829	7237	4053	4899	3312	1162	5152	1900	3543	4661	2667	3115	3157	3236	917	2717	2252	3911	1621	1514	4454	3803	4969	8502	4617	5156	3814	3538	6428
ENSG00000004660.13	808	499	1429	4727	837	332	366	686	1148	402	1827	576	498	531	492	475	1066	390	295	319	335	2273	630	1654	1666	512	242	1217	494	633
ENSG00000004700.14	4366	1091	2823	2119	504	680	2241	1174	1621	1606	2669	1163	1723	95	2086	2916	1024	2228	1562	616	5777	2293	2158	770	1549	1346	2130	5435	969	1901
ENSG00000004766.14	1010	600	2060	1801	939	587	520	925	640	2059	1507	808	1926	744	566	1564	841	1413	1002	368	2046	839	1797	985	1621	1728	2133	2107	673	1472
ENSG00000004776.10	14	402	13703	90061	17303	891	436	22192	1019	46885	5989	4101	13073	1676	475	6564	11177	13098	53699	6860	399	3753	26244	13273	28707	5508	27837	15142	1834	19819
ENSG00000004777.17	995	1769	2727	2905	1346	651	39	892	337	1846	1796	498	941	1638	609	345	815	4699	858	239	1743	725	1302	2204	11144	812	2900	1374	379	868
ENSG00000004779.8	2780	1790	3541	2322	2106	1759	1448	3565	1510	1837	2211	1264	2367	1486	1680	2717	1130	2423	2451	1747	2643	2356	2529	3295	4023	3469	3094	1757	2293	1986
ENSG00000004799.7	662	2156	13440	4617	6938	862	235	135	313	1776	1478	9878	591	126	438	5607	7639	7441	12396	16620	239	4482	8729	574	75718	1429	2261	703	14782	6720
ENSG00000004809.12	7	0	1	10	38	9	868	92	4	8	207	8	8	37	8	12	0	14	93	27	3	2	10	61	44	45	41	2	32	426
ENSG00000004838.12	259	115	1754	74	149	67	10	334	26	323	215	35	31	30	51	42	132	157	54	44	37	25	137	445	1008	97	750	34	28	345
ENSG00000004846.15	2	0	95	4	3	16	13	48	4	14837	5	3	6	1857	5	18	16	14	58	2	62	1	3584	27343	1982	578	280	1344	888	24
ENSG00000004848.6	9	0	6	2	2	1	0	0	1	1	344	0	4	0	5	2	2	85	0	0	3	0	3	21	2	0	1	0	0	0
ENSG00000004864.12	1649	939	1201	2634	1001	467	747	923	604	2238	2543	489	1499	386	958	1322	332	844	1523	759	1526	1622	1002	1004	2755	2653	1874	1366	793	549
ENSG00000004866.17	1289	1957	1743	2599	1262	725	738	1278	790	2380	2659	1612	2138	1737	997	2552	1122	2043	1432	730	2691	1315	1374	1555	3024	2045	1560	1158	910	1122
ENSG00000004897.10	9756	2778	5068	4211	3444	2025	3373	4017	2893	3385	5837	4022	2553	3898	4967	4152	2649	6775	5411	2712	3044	4166	5314	3953	6623	5040	5918	5681	2700	4960
ENSG00000004939.12	11	1	2	7	13	0	0	3	3	1	6	2	5	3	16	24	0	7	18	0	5	5	0	1	4	5	5	83	1	1
ENSG00000004948.12	2	0	5	48	32	4	11	0	1	0	10	23	28	3	13	11	15	72	13	12	2	5	17	3	3	7	3	9	13	5
ENSG00000004961.13	1263	968	1082	1261	750	1187	888	628	838	1496	664	1019	1627	1069	2365	1969	443	1367	1037	1057	2339	1150	1268	1665	1720	2460	2332	698	1076	938
ENSG00000004975.10	4558	2981	3136	3154	3151	1198	988	1906	1409	1826	6137	1424	2189	1086	2315	1547	2197	3912	2057	1182	2305	3157	1860	2063	4467	2815	7292	5141	1057	2764
ENSG00000005001.8	2	0	0	1	0	0	13	0	23	1	34	3	2	1	14	0	0	2	5	4	2	3	0	4	1	1	1	0	0	1
ENSG00000005007.11	8500	5802	12636	12147	5136	6226	3961	6333	4856	9948	14318	3751	9255	5654	5109	10998	5203	9381	5319	3943	5729	8029	7500	7575	10849	7654	10515	10547	4476	8341
ENSG00000005020.11	4086	2719	2815	5884	4418	1029	2447	212	1771	2577	3466	3424	3687	1569	2926	953	1012	3175	3027	3946	2094	2900	1483	462	757	5522	2262	21002	2748	333
ENSG00000005022.5	22175	8283	17328	11005	5621	8231	6691	6126	5794	11188	9372	7978	16023	4949	30322	12566	2349	10235	7715	7026	22600	18610	9820	18574	20531	13896	11575	9565	8769	6646
ENSG00000005059.14	331	662	660	1822	1420	1944	1140	470	967	1065	526	1256	3369	2958	2177	1401	521	1997	761	1381	1718	399	1046	1185	1490	1865	1233	775	1845	1778
ENSG00000005073.5	179	190	17	553	498	146	319	3325	71	270	1361	218	1763	1042	3	1528	190	838	893	206	1107	192	552	6431	28	182	10	2214	15	7058
ENSG00000005075.14	999	1428	1665	2731	1841	1222	853	1529	1033	2071	1495	1234	4585	7828	1741	2168	711	2457	1500	1604	4099	1516	2245	2328	3420	3537	2030	1373	1430	1682
ENSG00000005100.11	2745	1600	1311	1479	932	603	723	513	1541	1224	2709	1168	1548	813	1365	1067	1075	1546	1456	871	2309	2602	804	676	1121	1517	1250	2324	1199	1188
ENSG00000005102.11	14	24	59	618	271	331	172	137	1	32	5733	71	23	16	112	134	390	16	40	100	14	30	172	20	82	54	668	36	214	190
ENSG00000005108.14	104	247	333	269	832	166	1061	115	436	216	2758	286	220	127	170	922	125	606	419	636	46	346	476	71	28	251	271	1891	423	406
ENSG00000005156.10	1066	803	3040	1264	633	632	709	3111	1043	1613	4439	977	1534	1002	948	1092	1251	889	742	635	1712	1240	1630	2382	4409	1630	3072	3369	939	3122
ENSG00000005175.8	1172	1601	2297	2431	2112	974	686	876	836	1296	2582	1023	1588	1369	1469	1233	1093	1527	1243	1110	2897	1669	1194	1836	1177	1898	1881	2354	1092	1659
ENSG00000005187.10	151	185	110	88	282	64	80	284	161	55	199	81	144	40	131	26	499	76	81	103	37	131	300	184	112	28	133	75	27	16286
ENSG00000005189.18	266	447	747	580	1309	152	90	1579	137	383	708	415	262	147	765	233	361	838	429	238	321	356	604	1242	2264	538	340	684	83	1016
ENSG00000005194.13	3688	2664	1072	2064	2165	1756	1819	1292	2165	655	3087	1468	1964	2259	2868	1748	713	1765	1893	1888	1808	1551	839	3279	1223	1558	1430	3052	1905	1192
ENSG00000005206.15	4372	3171	4515	2183	1559	3076	1267	4165	1704	3020	3227	1885	4189	2445	1357	2307	1278	2973	2098	1329	2642	2576	2182	2858	6762	3045	3037	2172	1986	3137
ENSG00000005238.18	529	705	1723	1705	1137	1556	1374	1436	1300	1020	906	1183	2748	3407	2200	1100	859	2702	802	1246	1157	1539	1802	2843	3247	2249	4813	828	1121	1547
ENSG00000005243.8	22	982	2964	7380	5529	1329	3479	3884	2855	3361	1863	3337	3465	4790	572	3175	1157	1271	2167	3205	1434	2096	2976	3339	4227	2214	1677	2635	2602	2230
ENSG00000005249.11	1824	1230	872	322	180	264	230	919	68	2388	1831	285	65	411	609	274	1026	146	290	239	920	317	470	3851	650	230	4691	119	862	1272
ENSG00000005302.16	1958	1295	971	2872	1191	2512	1144	1028	1232	1005	1823	1291	873	1785	3150	1445	733	1982	1415	1428	3049	1801	1156	1162	1584	2971	1907	1562	2367	1795
ENSG00000005339.11	15660	10651	9305	5498	4870	3006	2716	6441	3680	5821	14107	3767	10707	2662	4246	6758	7409	6290	7951	2436	4482	5331	6767	4800	11506	6522	13568	22034	2566	11281
ENSG00000005379.14	187	790	10274	367	59	981	48	12504	154	2524	3107	403	141	318	236	197	2895	1677	731	14	223	11	5343	7387	8829	275	5984	34	193	13765
ENSG00000005381.7	0	11	4	38	340	24	42	1	61	3	2	8	25	1	27	15	7	72	75	36	423	5	1	8	17	15	4	1	67	9
ENSG00000005421.7	16	0	0	22	62	4	0	0	2	0	2	22	0	6	2	1098	0	257	9	7	2	0	0	0	0	0	7	0	21	1
ENSG00000005436.12	1906	1504	774	813	880	411	366	1042	361	809	1683	676	544	551	612	346	712	738	1149	400	534	1466	873	2570	937	1020	1263	1431	649	2012
ENSG00000005448.15	2537	1253	452	602	666	827	284	984	892	384	1282	212	549	651	1098	711	429	746	658	756	1468	1390	304	1335	220	1124	432	757	416	799
ENSG00000005469.10	794	550	1191	1465	539	430	308	494	447	1061	1221	924	242	561	636	1148	592	894	385	324	1068	380	1180	411	559	505	1422	2323	628	1085
ENSG00000005471.14	15	608	27	119	13	79	344	11	146	1836	303	17	18	296	79	36	220	187	257	81	44	10	39	530	11	42	54	30	89	24
