TCGA.DX.A2IZ.01A	TCGA.DX.AB2H.01A	TCGA.3B.A9HR.01A	TCGA.DX.A6Z0.01A	TCGA.DX.A3LW.01A	TCGA.VT.AB3D.01A	TCGA.DX.A1L4.01A	TCGA.IE.A4EH.01A	TCGA.DX.AB36.01A	TCGA.IE.A4EI.01A	TCGA.DX.AB30.01A	TCGA.DX.A1L3.01A	TCGA.QC.A6FX.01A	TCGA.IS.A3K7.01A	TCGA.3B.A9HT.01A	TCGA.DX.A1KX.01A	TCGA.PC.A5DK.01A	TCGA.DX.A8BU.01A	TCGA.3B.A9HL.01A	TCGA.DX.A23T.01A	TCGA.QQ.A8VF.01A	TCGA.3R.A8YX.01A	TCGA.HB.A5W3.01A	TCGA.IS.A3K6.01A	TCGA.DX.A48R.01A	TCGA.DX.A8BS.01A	TCGA.WK.A8XS.01A	TCGA.FX.A2QS.01A	TCGA.DX.A3U6.01A	TCGA.FX.A76Y.01A
ENSG00000082929.7	18	61	6	4	1	3	2	0	1	4	1	1	9	4	19	3	0	14	4	0	2	0	4	1	1	1	1	3	0	5
ENSG00000083622.8	0	0	0	0	0	0	0	0	0	0	0	0	0	0	0	0	0	0	0	0	0	0	0	0	0	0	0	0	0	0
ENSG00000093100.13	7	4	25	3	6	3	2	6	4	82	13	5	4	2	2	0	15	3	36	0	0	11	58	36	102	7	17	1	1	42
ENSG00000099869.7	79	456	0	648	326	4	1	2	0	1	1529	38	2	0	265	152	27	94	11	3	284	1	0	4	0	11	1	252	3	24
ENSG00000100181.20	1160	455	831	59	1622	24	903	15	387	7	3147	249	998	1256	34	72	70	124	1090	675	1085	8	35	12	13	548	4917	1848	304	12
ENSG00000115934.11	0	0	1	0	0	0	0	0	0	0	0	0	0	0	0	0	0	0	0	0	0	1	14	0	0	0	0	0	0	12
ENSG00000116652.6	78	13	174	13	15	4	3	8	10	192	21	10	11	4	15	2	25	45	14	6	18	15	233	155	410	21	152	17	2	37
ENSG00000116883.8	327	321	196	46	826	74	32	57	118	49	574	27	29	76	56	13	192	386	63	68	173	230	132	71	260	181	121	40	22	95
ENSG00000117242.7	809	521	317	411	284	184	198	164	351	243	823	373	212	176	337	292	147	362	392	517	482	212	234	443	85	323	626	721	199	531
ENSG00000120055.7	50	5	10	0	1	0	2	9	1	3	13	2	2	8	7	2	13	4	1	0	3	3	2	13	1	7	14	4	3	19
ENSG00000120664.9	39	16	14	5	32	7	3	26	20	14	18	4	1	37	13	1	1	19	6	0	19	2	17	54	16	17	14	6	25	16
ENSG00000122043.9	0	0	0	0	0	1	2	0	0	0	0	0	0	1	3	0	1	0	0	0	0	0	0	0	0	0	3	0	2	0
ENSG00000122548.5	1	0	0	23	1	0	0	5	0	0	26	0	2	0	1	0	2	6	18	9	0	0	3	2	0	2	0	3	4	1
ENSG00000124835.2	1	0	0	0	0	0	1	0	0	1	0	1	0	0	0	0	1	0	0	0	0	0	0	0	0	2	0	2	0	0
ENSG00000124915.9	0	0	2	3	1	1	0	4	0	1	2	0	0	0	1	0	1	1	1	0	0	2	2	2	0	0	1	0	0	1
ENSG00000125514.8	0	0	0	0	0	0	0	0	0	0	5	0	0	0	0	0	0	0	0	0	0	0	0	0	0	0	0	0	1	0
ENSG00000125804.12	13	0	0	7	3	4	0	1	0	23	22	6	0	6	1	58	11	4	8	0	1	1	5	5	1	8	10	5	1	1
ENSG00000125899.7	0	0	0	0	0	0	0	0	0	0	0	0	0	0	0	0	0	0	0	1	0	0	0	0	0	0	0	0	0	0
ENSG00000126005.14	1047	802	1028	1588	1440	1304	1728	1006	1912	927	1783	1070	5169	1664	1796	3357	627	2354	1219	2535	3612	1390	1033	1778	1399	1512	1499	514	1906	1428
ENSG00000128254.12	15	5	25	6	18	2	4	3	4	18	93	3	5	4	2	1	9	6	13	1	8	0	26	5	26	3	21	11	2	14
ENSG00000129816.5	0	0	0	0	0	0	0	0	0	0	0	0	0	0	0	0	0	0	0	0	0	0	0	0	0	0	0	0	0	0
ENSG00000129845.5	0	0	0	0	0	0	0	0	0	0	0	0	0	0	0	0	0	0	0	0	0	0	0	0	0	0	0	0	0	0
ENSG00000130600.14	738	2430	771	3965	19546	5506	3184	529	13135	244	2003	34435	399	1159	1644	20114	465	33779	13311	7284	243	22384	385	643	310	34073	1326	86519	2167	2181
ENSG00000131007.8	0	0	0	0	0	0	0	0	0	0	0	0	0	0	0	0	0	0	0	0	0	0	0	0	0	0	0	0	0	0
ENSG00000131484.4	2	0	1	1	0	1	0	1	0	0	0	0	0	3	1	0	0	0	1	0	0	0	2	0	2	0	0	0	0	0
ENSG00000131538.7	0	0	0	0	0	0	0	0	0	0	0	0	0	0	0	0	0	0	0	0	0	0	0	0	0	0	0	0	0	0
ENSG00000131548.7	0	0	0	0	0	0	0	0	0	0	0	0	0	0	0	0	0	0	0	0	0	0	0	0	0	0	0	0	0	0
ENSG00000132204.12	1	0	93	3	0	8	0	0	2	0	484	1	0	0	1	0	0	0	0	0	5	76	0	2	0	0	0	0	0	0
ENSG00000132832.8	30	4	41	157	89	154	9	4	7	16	6	11	126	32	52	61	12	5	5	7	14	207	8	9	5	5	11	42	65	2
ENSG00000136275.9	0	0	0	0	0	4	0	0	0	0	0	0	1	1	21	0	0	0	0	0	0	3	0	0	0	0	0	0	1	0
ENSG00000136315.4	0	1	0	1	0	0	57	0	0	1	0	7	1	2	4	0	0	0	4	29	0	2	1	0	4	8	0	0	6	0
ENSG00000137808.12	0	0	0	0	0	0	0	0	0	0	0	0	0	0	0	0	0	0	0	0	0	0	0	0	0	0	0	0	0	0
ENSG00000142396.9	1120	497	1498	1157	630	413	225	469	283	764	657	253	318	694	868	400	397	534	448	335	1322	467	501	677	1054	953	1191	384	515	559
ENSG00000145063.13	2	1	0	0	1	5	0	0	1	1	15	0	1	2	2	1	0	1	0	0	0	1	0	0	0	4	2	0	7	2
ENSG00000146521.8	35	2	13	48	3	12	3	6	5	12	12	3	3	8	8	5	4	8	7	21	6	10	11	0	1	21	2	3	30	13
ENSG00000146666.5	2	3	0	2	0	13	1	3	0	1	0	1	10	0	39	0	0	5	0	4	16	7	0	1	2	46	0	2	18	0
ENSG00000147753.8	0	0	0	0	0	0	0	0	0	0	0	0	0	0	0	0	0	0	0	0	0	0	0	0	0	0	0	0	0	0
ENSG00000147761.7	0	0	0	0	0	0	0	0	0	0	0	0	0	0	0	0	0	0	0	0	0	0	0	0	0	0	0	0	0	0
ENSG00000149443.6	0	3	7	1	0	0	0	2	0	0	2	0	0	0	0	0	1	0	0	0	0	0	1	0	0	0	1	1	1	7
ENSG00000149656.7	1	0	0	0	3	1	0	0	0	0	3	0	5	0	2	0	0	0	0	0	1	0	3	0	1	0	0	0	0	2
ENSG00000151303.11	1	14	37	0	12	3	2	3	7	21	3	0	8	3	5	6	54	3	1	4	6	2	5	6	12	3	4	2	1	15
ENSG00000152931.7	1	2	1717	1	0	2	0	608	0	38	660	2	2	2769	3	2	737	9	6	0	11	2	440	16	4860	213	213	181	15	51
ENSG00000153363.11	377	121	192	368	245	190	93	358	184	265	625	60	370	554	484	49	166	132	183	394	550	94	284	566	507	492	381	225	245	204
ENSG00000157306.13	91	38	122	17	14	35	4	30	17	29	29	15	31	30	14	4	50	19	30	5	22	33	31	47	34	11	127	12	25	36
ENSG00000162888.4	2	8	5	4	0	21	0	3	0	4	15	11	2	3	16	0	3	2	3	0	2	1	1	1	5	3	2	5	10	9
ENSG00000162947.4	0	1	0	0	6	1	0	3	0	0	0	1	0	1	0	0	2	0	0	0	0	1	0	0	0	0	2	0	0	0
ENSG00000163009.7	54	57	18	10	62	38	0	82	5	8	66	14	9	38	40	5	17	45	25	24	26	47	4	16	156	109	8	16	15	30
ENSG00000163364.8	128	18	26	2052	866	359	672	367	1145	46	804	1069	437	1148	338	51	314	698	501	597	889	730	138	107	16	811	409	39	237	543
ENSG00000163597.13	961	857	381	1102	1872	433	925	848	1106	521	3202	802	1561	509	1435	1204	344	685	1734	739	1147	3972	1105	480	1038	1654	1888	909	1138	1163
ENSG00000163915.6	108	30	0	0	7	0	0	0	3	1	4	1	0	6	0	0	1	0	3	0	0	5	0	0	0	2	0	5	0	0
ENSG00000164621.5	2	7	8	16	54	11	3	5	19	7	6	15	10	8	7	27	1	1	20	17	6	2	14	7	10	7	18	104	3	5
ENSG00000165511.6	836	744	212	139	784	98	87	332	97	115	376	156	74	57	87	105	151	336	334	218	240	87	196	185	87	153	68	76	118	692
ENSG00000166770.9	1319	405	516	118	1148	80	379	515	286	1124	1283	72	13	1581	624	93	697	67	354	486	24	37	1699	1496	2200	1005	395	743	547	1019
ENSG00000166917.8	0	0	0	1	0	0	0	0	0	0	0	0	0	0	2	0	1	0	1	0	1	0	3	0	1	0	1	0	3	1
ENSG00000167046.4	33	0	1	3	13	10	0	1	0	2	7	0	4	2	4	24	8	1	1	0	3	0	6	0	0	1	1	1	0	0
ENSG00000167117.7	0	0	0	0	0	1	0	0	1	0	0	0	0	0	0	0	1	0	1	0	1	0	0	2	0	0	3	1	0	1
ENSG00000167355.6	1	5	0	0	0	1	0	2	0	0	4	0	1	0	0	0	1	0	1	0	1	0	0	6	0	1	0	0	0	2
ENSG00000167459.15	0	0	0	1	0	0	0	0	0	0	0	0	0	0	0	0	0	0	0	0	0	0	0	0	0	0	0	28	0	0
ENSG00000167912.5	119	90	19	41	70	292	24	43	77	14	398	19	5	24	100	11	30	31	11	12	108	11	6	33	86	7	29	841	143	18
ENSG00000168367.8	10	2	0	0	0	12	0	0	0	0	0	0	0	13	0	0	0	0	0	0	1	0	0	12	10	5	0	0	0	0
ENSG00000170161.6	44	13	20	20	25	26	17	27	25	17	64	19	17	13	12	14	18	1	40	34	25	27	28	13	7	14	66	4	45	25
ENSG00000170590.7	0	1	0	1	0	0	0	0	0	0	0	0	0	0	1	0	0	0	0	0	0	0	0	0	0	0	0	0	0	0
ENSG00000170846.14	553	822	751	850	2066	1243	327	1051	668	501	1838	921	748	1251	598	898	630	1023	653	670	990	769	621	1203	652	1568	1008	1062	1066	1529
ENSG00000170919.14	1087	467	927	296	845	283	153	979	344	184	765	381	131	319	359	241	518	321	488	315	483	385	710	667	2206	369	304	294	488	1683
ENSG00000170983.3	1	0	0	0	0	0	0	0	0	0	1	0	0	0	0	0	0	0	0	0	0	0	0	0	0	0	0	0	0	0
ENSG00000171671.6	1	2	0	0	0	0	0	1	0	0	1	0	0	0	0	0	0	0	0	0	0	0	0	0	0	0	0	0	0	0
ENSG00000171889.3	1	15	147	1	0	5	22	34	146	23	20	3	7	15	0	17	0	232	10	5	1	0	158	3	163	186	296	9	19	5
ENSG00000172250.13	76	33	64	91	31	52	14	35	33	42	85	38	111	6	49	18	29	82	70	25	24	54	8	80	114	37	36	21	51	42
ENSG00000172965.13	238	1165	1950	1757	1245	1822	1759	747	1894	411	653	1494	3396	4187	2874	1769	141	1603	3399	2233	4043	2794	1676	335	1664	3135	888	710	1536	264
ENSG00000173727.10	302	82	211	151	267	94	43	335	59	98	390	74	154	16	138	29	109	194	50	40	233	172	466	296	511	330	150	549	43	428
ENSG00000173811.9	35	3	19	8	5	12	6	9	1	9	4	11	3	48	9	5	51	9	22	18	12	5	7	35	13	16	10	1	6	39
ENSG00000173862.3	8	0	2	2	1	0	0	0	0	0	0	0	1	6	1	0	0	0	4	0	0	1	2	5	3	0	1	1	0	0
ENSG00000173867.8	38	9	36	24	37	11	4	15	3	20	15	13	9	6	3	2	26	4	22	13	21	11	10	10	7	3	15	2	6	36
ENSG00000174171.5	2	1	73	3	0	101	0	1	0	66	1	1	2	18	47	0	28	4	3	27	14	6	2	12	4	5	1	9	71	2
ENSG00000174365.18	484	681	598	735	781	549	138	704	146	512	1199	377	320	509	192	998	317	700	482	245	739	342	682	609	1258	689	620	586	571	695
ENSG00000174403.14	762	0	860	1	15	0	0	685	18	1008	215	0	0	4	29	0	1012	19	1	9	626	0	410	6	1499	7	131	3	2	864
ENSG00000174407.10	11	0	98	0	0	0	0	17	3	59	55	0	0	1	4	0	14	3	0	0	8	0	5	0	61	1	6	0	0	25
ENSG00000174680.8	6	4	1	25	14	9	0	12	0	0	173	9	2	16	10	140	10	29	44	6	0	1	14	8	1	2	22	0	13	2
ENSG00000175061.16	30941	11407	34051	10792	12979	5160	6114	12542	13703	2555	38271	10177	5808	3876	7040	11456	4863	10663	12857	8872	12037	45982	13480	6991	60169	11992	19246	4997	9090	9179
ENSG00000175147.10	1315	509	144	26	45	44	6	15	14	24	41	11	16	76	34	4	62	105	25	8	12	8	101	19	123	96	209	171	30	40
ENSG00000175604.2	0	0	1	1	0	3	0	1	0	4	0	1	3	8	1	0	1	0	0	0	0	1	1	0	0	3	1	0	0	1
ENSG00000175611.10	970	437	251	349	169	263	121	157	240	181	418	184	188	166	305	198	178	160	190	254	173	191	376	163	324	626	241	482	113	203
ENSG00000175699.11	0	0	1	0	0	2	0	0	0	64	1	0	0	0	2	0	7	1	0	0	2	0	3	19	5	7	13	1	1	0
ENSG00000175746.6	0	2	2	2	2	9	19	1	3	0	4	0	0	0	5	10	1	3	5	6	3	7	6	0	0	9	10	5	0	1
ENSG00000175772.10	17	12	330	26	22	11	3	2	14	77	40	6	12	26	8	9	34	30	11	5	6	35	225	1	404	33	206	0	13	4
ENSG00000175773.11	14	11	1	5	4	0	5	12	5	0	10	6	1	8	2	0	11	12	2	18	6	1	10	14	14	0	12	33	17	16
ENSG00000175967.3	9	3	6	84	7	7	0	1	1	1	4	6	2	0	2	6	1	5	10	0	0	0	4	0	30	2	0	6	0	8
ENSG00000176075.7	0	0	0	0	0	0	1	0	0	0	1	0	0	0	0	1	0	14	0	0	0	1	0	3	0	0	0	5	0	0
ENSG00000176236.6	32	19	3	11	6	4	7	4	8	1	5	2	1	8	10	3	0	11	5	1	13	6	0	3	8	10	7	3	5	5
ENSG00000176320.2	0	0	0	5	1	0	2	0	0	0	4	1	0	1	7	8	5	0	3	0	1	0	1	0	1	1	1	0	1	0
ENSG00000176349.10	6	0	0	0	1	0	0	0	0	0	20	0	0	2	0	0	2	0	2	0	2	1	1	0	0	3	0	2	0	0
ENSG00000176515.1	1	26	0	0	0	0	0	0	0	0	1	0	6	1	0	1	0	0	0	0	2	0	0	3	0	4	0	0	0	0
ENSG00000176593.6	1320	249	710	107	255	122	43	297	77	168	633	45	5	138	189	85	340	339	144	69	242	133	366	245	443	279	210	62	136	297
ENSG00000176659.7	2	1	209	26	20	12	34	25	2	8	93	13	11	26	45	6	6	3	40	6	4	35	67	6	2	12	69	83	36	17
ENSG00000176728.6	1	0	0	0	158	29	60	0	1	0	0	0	6	0	22	0	97	1	115	0	56	83	0	0	296	0	1	0	0	0
ENSG00000176753.5	1	9	3	24	167	1	0	20	1	141	35	2	6	0	3	24	62	10	2	0	72	0	13	102	11	1	13	0	3	24
ENSG00000176754.11	294	3	5	4	0	1	2	0	2	1	1	6	16	4	2	2	4	0	2	3	1	0	1	27	0	0	0	0	2	0
ENSG00000176840.10	3	4	5	0	1	0	0	1	0	1	4	0	0	0	1	1	0	1	0	0	1	0	0	3	2	0	1	1	2	0
ENSG00000176868.2	0	0	0	0	0	0	0	0	0	0	0	0	0	0	0	0	0	0	0	0	0	0	0	0	0	0	0	0	0	0
ENSG00000176912.3	70	5	138	22	169	34	19	41	13	66	46	31	6	22	71	32	39	148	39	26	114	42	98	109	185	42	51	64	18	35
