TCGA.FS.A4FC.06A	TCGA.EE.A29L.06A	TCGA.FS.A1ZZ.06A	TCGA.ER.A19G.06A	TCGA.EE.A20B.06A	TCGA.D3.A3MV.06A	TCGA.Z2.AA3V.06A	TCGA.FS.A1ZC.06A	TCGA.EE.A29H.06A	TCGA.EE.A2A1.06A	TCGA.EB.A97M.01A	TCGA.W3.AA21.06A	TCGA.YG.AA3O.06A	TCGA.ER.A19M.06A	TCGA.D3.A2JN.06A	TCGA.EB.A4P0.01A	TCGA.EE.A2A6.06A	TCGA.EB.A44Q.06A	TCGA.EE.A2MU.06A	TCGA.EE.A17X.06A	TCGA.EE.A2MI.06A	TCGA.EE.A2A2.06A	TCGA.EB.A6L9.06A	TCGA.EE.A2GR.06A	TCGA.ER.A42K.06A	TCGA.FS.A1ZD.06A	TCGA.FS.A1ZM.06A	TCGA.EB.A5FP.01A	TCGA.D3.A2JH.06A	TCGA.D3.A8GL.06A
ENSG00000082929.7	2	0	1	5	3	31	3	6	4	0	6	30	0	13	2	2	2	6	0	4	12	12	2	38	12	9	14	12	3	1
ENSG00000083622.8	0	0	0	0	0	0	0	0	0	0	0	0	0	0	0	0	0	0	0	0	0	0	0	0	0	0	0	0	0	0
ENSG00000093100.13	177	52	44	54	6	82	1	10	31	32	14	23	101	28	3	51	44	12	5	4	6	34	13	90	83	77	199	53	36	49
ENSG00000099869.7	4	0	0	1	3	3	0	1	0	8	0	0	0	2	0	4	0	1	9	0	0	1	0	0	0	5	2	0	0	0
ENSG00000100181.20	95	56	11	14	26	1199	46	15	6	133	9	6	14	36	13	25	10	21	26	10	72	20	32	3	14	59	185	43	28	2
ENSG00000115934.11	0	0	0	4	0	0	0	1	0	0	0	0	0	0	0	0	0	0	3	0	0	0	0	0	1	0	8	0	0	0
ENSG00000116652.6	199	13	17	28	1	26	1	15	23	4	4	9	47	14	20	13	34	41	3	9	11	26	4	15	40	28	36	35	23	67
ENSG00000116883.8	332	506	921	403	155	88	30	275	43	447	286	295	226	65	92	1088	509	1132	82	364	293	183	550	124	182	165	120	523	247	189
ENSG00000117242.7	431	550	279	383	509	434	119	466	119	486	77	182	151	317	909	173	170	294	340	432	916	616	208	419	641	1049	520	268	240	160
ENSG00000120055.7	16	13	32	4	7	16	5	14	11	18	2	9	14	11	10	7	7	8	8	10	4	9	6	16	3	4	7	14	12	42
ENSG00000120664.9	23	41	61	37	1	6	4	15	50	66	30	42	32	44	5	94	35	36	23	26	7	59	25	49	34	23	16	39	59	175
ENSG00000122043.9	0	0	0	0	0	0	0	0	0	0	0	0	1	0	0	0	1	1	1	0	0	0	2	0	1	0	0	0	4	0
ENSG00000122548.5	5	1	4	2	0	5	0	12	0	9	0	0	2	1	5	2	1	5	0	0	7	0	4	0	3	4	22	0	2	1
ENSG00000124835.2	0	0	2	0	0	0	0	0	2	0	0	1	1	0	0	0	0	0	0	0	0	1	0	0	1	0	2	0	0	1
ENSG00000124915.9	0	0	1	5	2	1	0	1	1	1	0	1	0	2	0	1	0	0	1	0	2	3	0	0	0	9	2	0	0	0
ENSG00000125514.8	0	0	0	0	1	0	0	0	0	0	0	0	0	0	1	0	0	0	0	0	0	0	0	0	0	0	1	0	0	113
ENSG00000125804.12	46	4	1	2	10	4	0	15	0	6	5	0	0	14	2	1	4	0	1	0	27	11	3	2	2	42	1	5	88	0
ENSG00000125899.7	0	0	0	0	0	0	0	0	0	0	0	0	0	0	0	0	0	0	0	0	0	0	0	0	0	0	0	1	0	0
ENSG00000126005.14	3127	2917	2149	1936	5396	3339	3217	1880	1590	4517	3915	3820	8408	1475	1747	4571	2167	2144	2143	3992	2259	2145	2554	2883	1096	936	2635	3203	1728	2861
ENSG00000128254.12	4	4	6	7	13	16	139	6	4	24	1	1	14	8	2	5	2	3	9	11	6	6	2	12	12	24	6	9	19	3
ENSG00000129816.5	0	0	0	0	0	0	0	0	0	0	0	0	0	0	0	0	0	0	0	0	0	0	0	0	0	0	0	0	0	0
ENSG00000129845.5	0	0	0	0	0	0	0	0	0	0	0	0	0	0	0	0	0	0	0	0	0	0	0	0	0	0	0	0	0	0
ENSG00000130600.14	202	285	526	435	1062	2140	1152	3787	341	7658	183	110	169	805	27634	223	361	344	1244	920	715	299	1110	300	1364	3071	1233	623	1992	309
ENSG00000131007.8	0	0	0	0	0	0	0	0	0	0	0	0	0	0	0	0	0	0	0	0	0	0	0	0	0	0	0	0	0	0
ENSG00000131484.4	1	1	1	0	3	2	0	0	0	1	0	0	0	0	0	0	1	1	0	2	0	1	0	0	1	0	0	1	0	2
ENSG00000131538.7	0	0	0	0	0	0	0	0	0	0	0	0	0	0	0	1	0	0	0	0	0	0	0	0	0	0	0	0	0	0
ENSG00000131548.7	0	0	0	0	0	0	0	0	0	0	0	0	0	0	0	0	0	0	0	0	0	0	0	0	0	0	0	0	0	0
ENSG00000132204.12	0	1	591	1	218	0	0	725	629	0	0	3	1	0	0	564	3	2	7	3	3	914	1	0	431	3	0	2	153	4
ENSG00000132832.8	42	11	16	10	6	10	3	31	1	43	20	2	7	25	4	51	12	57	29	1	6	8	48	22	1	4	8	2	43	56
ENSG00000136275.9	0	0	2	1	0	7	0	0	5	1	0	0	1	1	1	0	0	198	0	2	6	1	0	0	1	0	0	0	0	0
ENSG00000136315.4	1	0	1	0	0	5	0	0	0	5	1	0	0	6	3	1	3	0	6	1	22	1	3	0	1	1	1	0	1	0
ENSG00000137808.12	0	0	0	0	0	0	0	0	0	0	0	0	0	0	0	0	0	1	0	0	0	0	0	0	0	0	0	0	0	0
ENSG00000142396.9	834	1113	729	525	633	1375	386	2037	637	810	453	388	906	781	513	696	904	520	682	554	758	1086	572	531	1065	953	1037	1069	1071	879
ENSG00000145063.13	2	0	4	1	8	3	1	6	1	38	1	1	1	2	2	19	2	282	7	5	0	2	2	9	6	2	14	4	16	0
ENSG00000146521.8	9	3	0	0	5	6	0	1	2	42	2	1	0	6	5	8	1	2	2	0	7	10	18	3	2	2	3	4	6	2
ENSG00000146666.5	2	6	2	2	9	0	0	0	1	1	2	2	1	3	12	0	1	5	9	1	3	2	7	0	1	0	2	0	1	2
ENSG00000147753.8	0	0	0	0	0	0	0	0	0	0	0	0	0	0	0	0	0	0	0	0	0	0	0	0	0	0	0	0	0	0
ENSG00000147761.7	0	0	0	0	0	0	0	0	0	0	0	0	0	0	0	0	0	0	0	0	0	0	0	0	0	0	0	0	0	0
ENSG00000149443.6	0	0	0	0	0	0	0	86	0	0	0	0	0	1	0	0	0	0	0	0	0	0	0	0	0	0	1	1	0	0
ENSG00000149656.7	0	0	0	0	0	15	0	6	0	1	0	3	3	3	49	2	4	2	0	0	0	9	1	1	89	3	0	1	1	1
ENSG00000151303.11	6	0	3	3	2	14	2	4	0	8	1	2	7	0	0	1	2	36	0	1	0	4	0	5	1	1	1	0	2	3
ENSG00000152931.7	6	9	3	2	7	5	20	6	6	1	10	0	12	2	6	5	4	10	6	21	3	3	4	1	58	3	2	9	1	1
ENSG00000153363.11	694	1860	1600	649	495	611	183	886	638	604	447	695	635	685	297	880	645	359	615	397	590	938	266	765	962	456	375	1277	886	341
ENSG00000157306.13	92	22	44	11	22	67	10	36	16	26	6	10	46	15	11	64	34	19	10	8	18	48	25	59	56	17	34	29	48	166
ENSG00000162888.4	11	7	8	15	5	28	1	14	4	15	5	0	3	8	4	3	14	20	3	1	4	22	17	6	12	33	14	11	8	10
ENSG00000162947.4	0	0	0	0	0	0	0	0	0	1	0	0	0	0	1	0	1	0	0	0	0	0	0	0	0	6	1	0	0	0
ENSG00000163009.7	35	18	22	55	3	32	3	20	13	27	7	8	3	52	21	8	12	38	12	25	13	181	8	24	15	58	14	9	39	37
ENSG00000163364.8	1084	820	975	737	903	1563	96	1298	139	210	627	752	187	442	2281	94	1243	625	840	731	948	1331	38	418	741	1279	671	148	1207	824
ENSG00000163597.13	5541	7933	9964	5301	3190	9718	1050	5448	4014	8948	2221	7286	4373	2158	911	2220	4967	1556	5299	2587	5917	9467	3350	11418	1392	2042	3254	1485	7631	5037
ENSG00000163915.6	2	0	1	0	1	15	0	4	0	0	0	1	0	6	36	2	3	0	0	5	7	2	0	4	0	3	2	2	1	2
ENSG00000164621.5	4	5	4	6	0	4	2	1	4	8	2	4	3	2	2	7	3	0	2	0	1	2	6	2	5	9	3	1	3	2
ENSG00000165511.6	30	190	338	29	192	293	24	286	25	378	8	65	217	120	239	75	73	329	48	160	824	91	146	61	82	232	197	60	579	120
ENSG00000166770.9	49	35	19	85	907	1016	417	634	585	1095	192	221	663	771	97	41	1074	775	1968	989	523	316	134	648	254	1501	67	2005	358	157
ENSG00000166917.8	0	0	0	0	0	0	0	0	0	0	0	0	0	0	0	0	0	0	0	1	0	1	0	0	0	0	0	0	0	0
ENSG00000167046.4	2	0	5	2	7	0	0	2	1	7	0	1	5	2	1	0	8	6	5	3	0	6	17	1	2	0	2	0	3	13
ENSG00000167117.7	0	0	1	0	0	0	0	0	0	0	0	0	0	0	0	0	0	0	0	1	0	2	0	1	2	0	0	0	0	0
ENSG00000167355.6	1	1	1	1	2	55	9	43	2	1	0	12	1	13	0	5	0	52	4	0	3	34	0	1	18	0	0	0	11	0
ENSG00000167459.15	0	0	0	0	1	0	0	0	0	0	0	0	0	0	0	0	0	0	1	1	0	0	0	0	0	1	1	0	0	0
ENSG00000167912.5	136	3	20	18	66	2	61	22	13	121	22	82	77	88	31	6	104	76	113	2	425	39	89	58	83	121	62	120	246	48
ENSG00000168367.8	0	0	0	0	0	1	0	1	0	0	0	0	0	0	0	0	0	0	0	1	0	0	0	0	0	3	3	0	0	0
ENSG00000170161.6	58	5	68	7	56	142	30	44	37	87	42	22	49	58	17	30	24	15	31	17	95	36	20	94	58	64	145	28	36	35
ENSG00000170590.7	0	0	0	0	0	3	0	0	0	1	0	0	0	0	0	0	2	0	0	0	0	0	0	1	0	0	0	0	0	0
ENSG00000170846.14	862	879	1473	643	656	710	202	1562	564	1252	556	821	903	593	424	1199	700	610	778	640	1115	1060	719	994	672	1298	1493	919	1146	705
ENSG00000170919.14	866	594	2113	445	497	624	334	374	523	1038	434	1049	1031	1321	349	1143	483	821	412	499	1129	1153	362	1394	1345	1112	1231	896	1373	2415
ENSG00000170983.3	0	0	0	0	0	0	0	0	0	0	0	0	0	0	0	0	0	0	0	0	0	0	0	0	0	0	0	0	0	0
ENSG00000171671.6	0	0	0	0	0	2	0	0	0	0	0	1	0	1	0	0	0	0	0	0	0	0	0	0	0	0	0	1	1	0
ENSG00000171889.3	1	0	0	0	0	2	0	213	2	2	3	2	5	2	10	0	1	0	6	0	2	1	2	0	553	2	1	28	1	2
ENSG00000172250.13	57	55	35	15	94	80	19	26	14	6	9	20	40	11	31	71	124	17	90	14	34	167	12	46	25	98	38	32	123	60
ENSG00000172965.13	2160	3524	1165	1320	1020	2805	2024	1167	4267	2145	835	685	2311	2483	1943	818	1928	1478	3638	3513	1157	2320	1009	384	713	1489	1129	2850	2165	2154
ENSG00000173727.10	348	97	87	24	1391	143	2	492	166	217	57	81	22	16	363	191	136	7	45	824	129	147	74	18	634	248	293	43	613	683
ENSG00000173811.9	43	48	102	19	114	96	3	25	14	28	10	119	11	85	6	80	19	22	6	24	35	34	11	30	17	24	97	14	129	25
ENSG00000173862.3	3	1	2	0	1	0	0	0	1	0	1	7	4	0	0	6	3	2	0	0	0	3	0	4	1	1	8	3	1	4
ENSG00000173867.8	39	15	14	9	12	14	0	33	3	14	2	10	9	11	8	26	10	13	0	2	8	22	8	30	9	22	8	3	15	38
ENSG00000174171.5	10	2	1	14	2	1	0	0	0	15	2	3	12	8	14	4	14	30	3	2	3	15	24	3	10	3	15	1	139	0
ENSG00000174365.18	1103	599	528	348	822	921	447	1340	475	1507	519	890	1092	546	412	1256	883	285	547	457	436	902	613	569	546	514	824	918	741	696
ENSG00000174403.14	1	0	1	1	0	0	10	64	2	6	1	0	2169	1	7	3	63	0	0	0	0	2	0	0	1	4	8	85	0	1
ENSG00000174407.10	0	0	0	1	0	0	0	0	0	0	0	1	153	0	0	0	3	0	0	0	0	0	0	0	0	0	0	2	0	2
ENSG00000174680.8	11	0	2	6	1	3	0	17	1	3	0	0	2	6	5	3	0	4	0	3	0	2	2	3	8	24	4	2	2	2
ENSG00000175061.16	26830	29063	32811	19160	22345	35159	1102	42033	11122	23396	11866	17621	23642	14482	8636	35118	12944	9037	11537	4954	8448	32829	18422	38154	10128	12847	17328	16975	26438	19480
ENSG00000175147.10	234	70	53	1176	53	176	38	55	82	72	30	31	27	90	98	45	56	142	107	75	83	463	154	28	21	51	150	74	280	19
ENSG00000175604.2	0	0	0	3	0	3	0	0	2	1	0	0	1	0	6	3	0	0	0	4	0	2	1	0	0	0	1	0	0	1
ENSG00000175611.10	128	636	301	275	220	266	97	189	260	245	44	189	264	298	161	276	159	221	111	146	140	225	124	251	221	115	200	189	266	95
ENSG00000175699.11	0	2	1	0	2	0	4	1	0	0	2	0	1	2	1	1	0	2	0	0	2	0	3	0	0	0	0	1	0	2
ENSG00000175746.6	3	4	1	0	4	25	0	1	1	5	2	0	0	6	10	2	0	1	8	10	1	7	2	2	2	7	11	3	0	2
ENSG00000175772.10	32	0	17	2	10	7	4	32	5	38	0	1	1	21	49	0	1	0	2	7	11	2	10	1	11	2	26	8	19	0
ENSG00000175773.11	3	1	8	3	6	3	5	35	1	19	2	17	7	1	1	12	1	6	4	2	10	7	11	1	9	3	3	11	4	13
ENSG00000175967.3	5	0	0	1	0	0	0	0	2	0	0	0	1	2	1	1	2	4	0	0	1	0	1	7	0	7	3	0	0	0
ENSG00000176075.7	95	0	0	0	0	2	0	0	0	0	4	0	0	0	0	0	0	0	0	0	0	0	0	0	0	0	0	57	0	0
ENSG00000176236.6	10	4	4	4	8	9	1	15	3	17	2	10	11	17	3	9	12	5	5	6	5	5	3	25	10	6	1	4	14	14
ENSG00000176320.2	0	2	10	1	9	0	0	1	1	4	0	0	1	0	0	1	2	0	0	2	0	1	0	0	1	0	6	0	9	3
ENSG00000176349.10	1	1	2	4	6	1	5	3	14	253	0	0	14	0	2	0	10	1	0	189	104	337	2	10	1	166	2	6	98	6
ENSG00000176515.1	1	2	34	0	0	0	0	0	0	0	0	2	6	0	1	0	1	1	1	0	0	4	6	8	0	7	5	0	3	1
ENSG00000176593.6	55	189	178	52	222	325	9	449	74	274	15	82	133	96	21	33	159	108	91	54	185	233	110	254	413	313	46	285	300	822
ENSG00000176659.7	8	0	4	3	4	6	0	1	2	16	1	1	7	11	6	1	3	14	3	4	24	1	7	1	7	12	9	1	6	0
ENSG00000176728.6	0	1	0	0	0	0	0	6	0	73	27	1	103	5	0	178	12	0	9	46	91	8	9	120	0	115	11	0	11	130
ENSG00000176753.5	7	0	0	0	5	82	2	4	0	222	1	1	0	2	0	51	3	10	13	73	0	5	19	28	17	1	4	211	3	0
ENSG00000176754.11	5	1	19	2	2	3	1	1	1	11	2	14	0	1	0	12	3	100	3	1	1	2	5	4	0	0	5	1	7	2
ENSG00000176840.10	0	1	4	0	0	0	0	22	0	1	1	0	0	0	33	1	0	0	0	3	2	1	0	0	3	0	1	0	1	0
ENSG00000176868.2	0	0	0	0	0	0	0	0	0	0	0	0	0	0	0	0	0	0	0	0	0	0	0	0	0	0	0	0	0	0
ENSG00000176912.3	153	130	210	62	50	88	105	93	72	107	132	472	261	78	36	160	85	65	111	293	88	257	98	143	39	125	11	187	271	119
