TCGA.FS.A4FC.06A	TCGA.EE.A29L.06A	TCGA.FS.A1ZZ.06A	TCGA.ER.A19G.06A	TCGA.EE.A20B.06A	TCGA.D3.A3MV.06A	TCGA.Z2.AA3V.06A	TCGA.FS.A1ZC.06A	TCGA.EE.A29H.06A	TCGA.EE.A2A1.06A	TCGA.EB.A97M.01A	TCGA.W3.AA21.06A	TCGA.YG.AA3O.06A	TCGA.ER.A19M.06A	TCGA.D3.A2JN.06A	TCGA.EB.A4P0.01A	TCGA.EE.A2A6.06A	TCGA.EB.A44Q.06A	TCGA.EE.A2MU.06A	TCGA.EE.A17X.06A	TCGA.EE.A2MI.06A	TCGA.EE.A2A2.06A	TCGA.EB.A6L9.06A	TCGA.EE.A2GR.06A	TCGA.ER.A42K.06A	TCGA.FS.A1ZD.06A	TCGA.FS.A1ZM.06A	TCGA.EB.A5FP.01A	TCGA.D3.A2JH.06A	TCGA.D3.A8GL.06A
ENSG00000000003.13	3472	36	4858	954	2507	2417	576	2471	1476	3359	966	2301	699	1607	2538	2262	540	1381	1240	1269	3111	3155	1517	1282	2333	2279	3904	3416	1553	451
ENSG00000000005.5	9	2	1	0	27	0	0	1	1	50	0	1	2	0	1	0	3	0	0	2	0	2	1	0	0	1	0	0	5	3
ENSG00000000419.11	1487	1975	1560	2482	2065	3226	271	5111	1236	3238	585	1431	2928	3227	1573	1263	2525	1229	1756	1006	1879	3003	945	1162	2482	1892	1658	2774	2679	1954
ENSG00000000457.12	778	1522	1999	1130	1073	1445	111	1703	520	1963	446	563	1115	690	417	1169	1185	704	748	442	745	1716	615	911	712	1397	861	999	1412	1078
ENSG00000000460.15	349	1404	1213	1204	482	953	132	1847	425	1138	538	343	1427	868	223	348	763	758	1075	792	452	2436	702	451	461	1109	530	1536	1029	924
ENSG00000000938.11	362	40	126	1789	549	173	2132	148	323	1904	371	103	297	789	442	148	1073	565	1351	527	593	570	1301	42	283	300	752	43	913	49
ENSG00000000971.14	3228	257	471	1770	2730	1196	524	634	2014	7210	948	120	1955	2802	2059	821	2570	2667	2823	426	2033	1565	1755	425	8383	1714	2586	301	1983	486
ENSG00000001036.12	11522	2857	3368	4412	2868	10564	1637	3304	3278	5552	4837	2681	5898	9900	1847	4406	2332	3064	6431	6490	13565	3873	7768	5135	2564	1763	4449	4697	3079	2678
ENSG00000001084.9	1926	1246	2298	1679	943	1360	212	2126	1214	3915	594	1002	2944	1636	453	1599	1315	1107	1977	960	2980	3434	731	2550	1054	1114	1565	2404	2966	2145
ENSG00000001167.13	2609	2344	6080	2231	1410	2630	429	4897	1808	5913	1169	1785	6097	2052	775	1906	1708	2340	2797	1777	2730	4753	1862	3717	1403	3939	4699	2473	3513	4910
ENSG00000001460.16	652	2186	3937	2371	1456	546	850	999	1022	2467	809	1954	973	746	752	1039	658	307	757	1604	1183	2037	678	940	1747	720	730	1197	1540	869
ENSG00000001461.15	4300	2075	9187	11147	10230	5262	1113	9069	3598	8497	2889	6011	2195	3019	9003	2688	2551	1517	1997	2118	10502	5867	2548	5620	16133	2593	8380	4137	6012	6168
ENSG00000001497.15	3528	4535	3627	3200	2670	3034	2259	3083	3103	4405	3283	4896	4982	2714	2445	4474	2755	2100	4167	3651	2726	5524	1917	3630	3225	3325	3192	3559	3903	3248
ENSG00000001561.6	94	8	45	345	677	952	33	37	52	516	11	7	82	897	121	30	106	119	80	32	2577	140	66	12	923	39	722	28	444	428
ENSG00000001617.10	1143	275	759	524	1005	1648	2113	547	695	2311	321	213	318	921	1025	229	303	335	663	523	984	1083	1436	325	642	1644	1493	584	1414	464
ENSG00000001626.13	115	8	33	0	21	6	2	2	6	0	6	7	56	9	25	11	85	15	1	6	1	3	7	20	25	2	54	45	2	25
ENSG00000001629.8	5540	3008	11718	4836	3180	7076	219	6564	2575	4278	703	2068	4829	3067	2333	2527	7777	4602	3359	1630	7312	4839	1285	4383	5429	6413	6634	7405	3380	2925
ENSG00000001630.14	566	1020	1325	583	386	398	40	614	662	869	263	299	648	276	142	62	773	357	444	275	678	943	274	606	809	34	690	679	246	682
ENSG00000001631.13	1860	2012	4599	2247	2113	3743	109	3707	1328	2086	471	1236	3568	1928	1317	1611	3782	2951	1242	1078	1965	3986	547	1531	3337	2529	3872	4923	2002	1960
ENSG00000002016.15	626	428	643	301	220	919	86	776	379	528	235	318	744	630	210	687	609	415	207	344	448	906	278	387	482	561	1402	610	586	1206
ENSG00000002330.12	3119	1106	2369	929	1613	1013	2133	1442	1551	3729	2056	2292	792	1228	2353	2364	1853	747	2225	2640	2387	1573	1382	809	2297	2198	2063	1636	1280	1392
ENSG00000002549.11	8148	5735	12021	18540	4029	5590	1394	4725	5759	17993	4120	2009	6595	18489	2468	2343	10357	9688	15815	5893	14084	8868	11295	5475	4432	2504	17158	7403	29279	5828
ENSG00000002586.16	15262	22399	33864	11973	8109	5335	23605	4149	17203	36994	25668	25162	17879	7695	9923	40493	17552	11839	44648	27271	26539	16239	22609	24538	32705	19928	15154	33764	18272	22860
ENSG00000002587.8	551	24	1713	45	1076	529	109	1415	197	334	95	408	111	366	178	28	826	62	325	274	702	588	247	59	1493	547	1442	241	138	39
ENSG00000002726.18	42	6	4	55	25	105	40	22	25	82	7	13	16	7	38	9	18	0	43	10	2	24	62	2	7	55	7	6	38	11
ENSG00000002745.11	71	2	10	4	25	12	0	19	5	14	3	15	12	1	799	13	16	6	3	0	1	18	12	4	5144	206	31	13	24	1
ENSG00000002746.13	3	1	3	1	139	233	4	241	46	66	5	0	8	27	539	5	1	1	253	14	2	2	2	0	281	110	1139	9	139	0
ENSG00000002822.14	2642	8479	4485	6048	2021	2174	11585	2651	8361	5313	15471	6783	23483	2868	3820	5604	13646	9271	9490	21473	3017	13377	20244	5447	1596	2394	5293	10853	7974	5098
ENSG00000002834.16	11657	23561	14155	13310	11449	17721	23912	12399	12583	48827	12667	3410	14910	18552	5733	9676	19442	16876	23629	25024	36302	22202	18538	15151	16683	17419	26781	23639	26396	17338
ENSG00000002919.13	1803	1635	2579	1310	1142	2272	1331	1267	1629	4011	1092	988	1149	1307	593	1215	2678	1491	2130	1794	2162	1836	1868	1305	1011	1203	1885	1394	1890	868
ENSG00000002933.6	818	87	208	1638	1629	598	5686	363	910	7208	1185	228	1352	2092	11913	858	1112	810	4448	726	2594	1247	2298	87	312	529	2414	143	4691	141
ENSG00000003056.6	7106	11228	8380	7042	2966	13864	5534	8671	10652	11324	4633	4690	9103	16146	1062	2365	7576	9444	6697	11584	9077	11240	5419	8312	3414	2796	13645	6327	9031	10395
ENSG00000003096.12	751	6	12	1709	986	1115	55	1197	324	138	30	1	12	24	72	7	293	39	25	151	281	105	19	5	88	1791	703	9	365	256
ENSG00000003137.7	844	22	33	655	282	439	277	2401	139	883	455	11	459	326	542	546	345	173	431	89	176	86	447	72	230	1127	218	446	272	1109
ENSG00000003147.16	1194	1842	38	1503	426	965	92	1768	227	1526	996	577	1699	320	112	806	1063	91	1242	114	178	683	213	1243	1102	786	8650	686	170	563
ENSG00000003249.12	11522	1554	22050	2351	3137	1990	3708	3810	6461	10894	10250	3050	3876	8375	6770	3648	8118	661	4076	6549	823	8547	2790	5040	3670	1471	10606	7086	1769	7616
ENSG00000003393.13	2230	4504	2917	2956	1477	2726	457	2610	2941	4411	1069	716	2656	1576	2404	1062	3439	2343	2255	1986	4400	2905	886	2259	2554	3089	3688	2284	2777	2390
ENSG00000003400.13	290	51	117	486	409	695	242	85	520	1985	219	48	179	794	379	360	1087	615	675	102	492	505	950	34	483	220	1018	465	881	127
ENSG00000003402.18	4733	2806	4801	3368	2115	3827	1628	1843	3418	10483	1756	1299	2813	4524	2444	1526	7722	4394	3625	2243	4746	4475	3482	2014	3719	4817	5719	2375	7581	2759
ENSG00000003436.13	1529	163	331	1105	962	984	114	422	333	3458	24	245	377	488	5309	378	389	250	295	227	723	647	593	109	1830	2572	868	173	560	115
ENSG00000003509.14	821	917	1122	892	513	1410	111	1666	438	1200	234	374	1014	517	761	646	954	648	418	677	552	1260	367	695	753	716	1295	754	1265	1114
ENSG00000003756.15	5233	8398	6019	5916	4896	8098	1144	5968	6357	7872	2478	3035	7672	3375	1893	5496	6096	5572	4015	3749	4516	6594	3164	6651	6306	6408	5191	6068	6848	4856
ENSG00000003987.12	116	23	98	88	59	73	4	91	20	53	3	79	105	36	114	243	134	76	36	18	89	111	8	47	46	128	170	53	44	124
ENSG00000003989.15	512	31	101	128	236	3225	1818	3967	860	1381	12	15	2057	295	96	83	1463	1725	1669	2464	356	122	332	86	236	4592	1488	4271	185	272
ENSG00000004059.9	8172	8333	13300	4813	5086	6952	7420	5482	5439	10587	6163	13482	9583	7379	7278	12957	9598	7590	8477	8372	5418	6427	13551	6592	5239	7333	9243	10084	11631	3613
ENSG00000004139.12	831	1545	163	256	611	276	1250	1048	406	1524	859	144	307	312	114	457	1194	412	643	1298	530	305	409	1040	521	1139	1296	265	315	1050
ENSG00000004142.10	9551	8056	10528	5199	5516	14405	8709	10089	4242	12024	8327	3308	8075	6390	3927	7871	6999	6825	6178	17350	5933	11498	5323	7016	4715	2950	8667	8071	8096	7452
ENSG00000004399.11	4587	2949	10806	8796	9325	28186	12698	5715	4432	69157	4101	861	2542	13156	6423	10222	3381	8270	12976	3408	21450	5945	11656	1281	3097	10614	9362	5002	8769	4301
ENSG00000004455.15	9825	21058	15461	19731	5234	10666	8622	9125	9810	13660	4761	8216	12183	10633	7464	8721	10976	8192	16719	12894	9180	16283	14110	11378	7121	4350	7903	10354	14579	16617
ENSG00000004468.11	225	20	71	1781	448	287	443	48	449	3845	136	68	211	917	718	56	1147	1262	1282	46	886	1223	1427	18	4287	153	987	12	3346	13
ENSG00000004478.7	5936	16539	16797	8041	3625	19414	8782	17517	8489	13286	6821	16007	16154	17280	7668	5255	14966	6326	7299	17738	7752	7386	11690	6320	7737	4027	20783	4916	10657	13716
ENSG00000004487.14	2060	13312	5029	10753	8788	7741	13691	11113	9495	11956	2104	3692	6859	4873	4567	3160	4332	10648	12153	12219	4158	10298	4699	5379	4169	9849	4723	9294	37909	5157
ENSG00000004534.13	3601	4287	2795	4586	2389	8732	525	5081	3958	4822	1852	2119	7049	2323	1679	3750	4563	4682	2386	3160	3139	4559	2475	3789	2978	5177	4401	6319	4590	4688
ENSG00000004660.13	356	152	94	1136	278	579	497	367	154	1174	510	95	693	303	179	568	736	635	1004	910	559	179	285	235	130	494	934	426	349	386
ENSG00000004700.14	2436	3214	3553	4119	1497	3959	122	3173	1754	2264	517	587	5162	6694	529	586	4547	1911	1205	1291	2789	3576	412	2996	2028	2753	7369	3739	2878	3535
ENSG00000004766.14	1248	1824	4194	1607	1197	2539	142	2325	1232	2166	447	788	3380	1356	668	1217	2312	2434	1472	920	1864	2704	496	1298	2208	2098	2570	2749	1933	1296
ENSG00000004776.10	400	500	72	28	920	70	193	609	75	3552	41	38	88	84	213	537	52	26	85	2237	176	2058	2130	190	100	45	183	53	78	94
ENSG00000004777.17	810	1029	751	399	295	375	325	892	194	217	188	394	611	333	477	619	666	771	442	755	547	361	260	522	999	1754	617	438	665	710
ENSG00000004779.8	2978	2761	4143	2540	2176	3254	1639	4009	2808	5454	2329	3808	4443	4938	2403	2694	3684	2343	2044	2626	2380	3552	1848	1979	2820	2009	2391	3310	3720	2283
ENSG00000004799.7	251	41	157	227	27534	12289	268	52060	731	2319	10	360	454	5985	1458	339	5548	1282	267	2824	160	593	663	69	1045	817	2108	679	1856	190
ENSG00000004809.12	4	0	1	12	8	3	0	178	1	12	0	1	8	5	3	1	1	2	4	6	16	11	0	1	2	4	7	0	7	0
ENSG00000004838.12	157	186	87	38	107	46	222	129	44	190	90	67	81	13	28	46	102	31	111	285	125	166	31	78	43	87	63	114	34	121
ENSG00000004846.15	9563	2725	25893	5140	3	509	659	2	5556	4056	6736	10897	15172	1652	0	316	65	8063	2100	45	2495	13213	7585	15360	5	10	366	2522	128	36
ENSG00000004848.6	8	5	71	2	5	1	10	2	4	3	79	10	0	26	1	7	247	0	15	13	7	1	13	23	34	11	18	47	7	87
ENSG00000004864.12	9258	5959	10380	5679	3039	10825	1702	4213	5969	7973	4257	6090	7519	5235	1061	3351	7192	3473	7089	8747	1788	10564	5243	5693	2616	3117	8649	9441	4948	3350
ENSG00000004866.17	3621	4123	3187	3581	1604	2341	3589	1106	2436	4422	1698	3730	5980	2729	2154	3250	2765	5405	3800	8716	1551	4589	7494	3342	2234	850	2379	5128	1679	2268
ENSG00000004897.10	4684	6560	5313	6288	3588	6317	567	6621	2424	7130	1748	878	4837	3585	1694	2732	4499	3624	5451	3327	11698	9109	1289	4050	5065	7220	6637	6689	5809	3711
ENSG00000004939.12	6	1	1	0	3	1	0	0	0	296	0	0	0	0	5	3	0	1	1	6	0	2	7	1	3	1	1	0	5	0
ENSG00000004948.12	24	0	37	12	76	53	0	22	8	50	1	12	112	116	6	4	2	75	107	1	33	81	0	2	9	11	31	30	20	0
ENSG00000004961.13	1607	1704	1589	1555	946	1908	507	1191	1354	2107	964	1644	1730	1446	747	887	1326	1540	2152	1403	1459	1727	1337	1292	1238	1282	1207	1840	1585	1009
ENSG00000004975.10	4299	6065	6065	3402	4992	4130	2670	6435	4377	5061	3936	2047	3058	3454	1279	4193	4359	5793	6232	6835	2951	6393	3936	3494	4076	4288	4491	2664	6265	2127
ENSG00000005001.8	31	13	29	5	0	12	24	5	16	6	1	2	16	1	4	10	2	368	1	23	0	17	1	0	3	2	41	39	8	1
ENSG00000005007.11	4718	13341	7404	7780	6359	6875	10902	10049	5483	15144	6360	6955	8019	6836	3771	5285	6785	7428	7037	10819	7562	8861	8394	5426	7183	11844	9125	4825	11348	5570
ENSG00000005020.11	5625	4348	11981	3133	2066	2879	174	3196	2146	2632	839	144	7381	3497	1402	1456	6436	5028	2997	1498	8361	7045	467	1870	5024	2915	6645	2580	2992	1472
ENSG00000005022.5	76969	38194	31682	30386	8690	28808	7572	11311	16333	33736	20097	22328	27007	20481	9535	10217	26959	17968	20583	32080	10758	37569	21856	18745	15450	12190	16763	17895	23574	25293
ENSG00000005059.14	276	125	87	883	512	193	135	304	188	1511	66	231	295	590	826	390	653	525	543	577	666	454	594	680	1134	565	1555	377	864	44
ENSG00000005073.5	25	636	2705	56	258	506	61	766	38	164	478	162	875	193	370	1054	566	451	193	195	20	118	67	406	214	106	322	351	171	83
ENSG00000005075.14	2216	1818	3663	1620	1629	4054	2421	3403	1781	2217	2397	7526	3949	1778	4150	3391	3464	2581	3255	2469	1924	2820	3868	1306	2382	1624	2941	3381	1780	1253
ENSG00000005100.11	4666	4465	2844	4119	3499	9262	1723	6788	3445	3098	3177	738	12511	6721	965	2781	9525	2506	3768	5426	3473	4525	1005	5794	3248	3563	4320	3823	3338	2291
ENSG00000005102.11	160	57	21	121	255	65	145	30	103	1301	9	11	14	12	159	197	157	101	124	36	71	185	757	18	35	6640	144	29	161	23
ENSG00000005108.14	91	55	46	128	492	352	18	202	124	212	10	3	340	115	1081	26	69	117	154	54	341	65	71	93	1456	87	235	29	160	110
ENSG00000005156.10	1324	6351	2840	2686	1816	3766	2497	2622	1199	3539	1483	1063	3465	1856	1087	1752	2164	2312	2320	4399	2620	3528	2051	2096	2597	1470	3551	3420	2899	2718
ENSG00000005175.8	1372	2455	1891	2329	1249	2256	111	2983	1445	1535	378	512	2138	1749	1078	1142	2628	2832	907	825	1955	2539	1576	1382	1914	2028	1471	1777	2799	1526
ENSG00000005187.10	37	38	8	39	93	2209	12	152	17	109	8	32	156	76	17	25	46	37	172	19	128	67	53	51	106	36	429	7	114	11
ENSG00000005189.18	205	299	499	333	109	808	119	400	204	303	118	122	452	703	232	151	293	741	301	586	140	452	153	439	231	246	225	806	319	163
ENSG00000005194.13	4155	4175	4178	4123	3477	5235	1312	6791	3987	8167	5114	3473	2084	5144	1390	3495	4369	2717	2959	5599	2353	5352	2233	3921	2640	2846	3266	4807	4334	3795
ENSG00000005206.15	5332	2290	2721	2435	4818	3634	1586	4469	1028	4239	1835	3681	4209	1278	3653	4949	3089	1933	1607	2235	2791	2283	2453	1769	4549	1951	5119	1569	2630	2221
ENSG00000005238.18	3646	4847	3778	3487	1359	1983	823	938	2832	4646	1982	1559	6600	1178	1304	2100	2762	902	3966	1111	4886	2900	1281	2279	862	1505	1676	3867	2024	815
ENSG00000005243.8	378	197	140	782	1119	1901	1626	946	736	1171	2026	791	953	1019	1849	1772	1240	1789	674	2469	3644	336	1670	571	2730	1137	5086	1108	504	56
ENSG00000005249.11	2536	1672	1915	464	8607	744	36	1416	812	1104	733	384	1251	486	992	649	1781	741	910	108	2157	903	236	1164	18430	1107	2349	914	780	904
ENSG00000005302.16	1886	2057	2022	1676	904	1623	185	1347	1104	2193	402	1015	1563	1760	896	1396	1262	2261	1922	589	1379	2336	1103	1795	1222	2434	1759	1950	1850	1242
ENSG00000005339.11	6165	7903	9026	5425	7462	5109	6458	6172	7060	21903	3801	3134	7341	6857	3726	4151	6457	7742	6123	13673	7545	11429	4972	9506	5835	9842	7031	6484	8316	5989
ENSG00000005379.14	173	12	11	97	802	53	66	1333	59	898	308	916	108	139	139	1878	1137	358	470	7	62	115	325	216	227	1432	802	42	672	9
ENSG00000005381.7	20	1	1	27	9	20	21	11	5	191	3	1	9	24	10	2	15	157	30	7	5	54	31	2	34	2	20	5	23	1
ENSG00000005421.7	4	1	0	0	11	17	0	65	1	1	0	0	1	1	0	2	2	1	0	0	2	1	1	0	2	2	2	2	0	0
ENSG00000005436.12	2065	1748	1886	1974	531	2938	106	2374	897	2018	307	460	1072	910	1038	1041	645	1295	1925	668	1944	2462	211	1517	1464	2547	984	1125	1228	1207
ENSG00000005448.15	908	1876	973	1474	1234	1984	2390	2301	990	2185	1633	489	1284	972	767	868	839	187	3162	3497	2381	2616	818	1734	660	1073	1023	1559	1012	312
ENSG00000005469.10	1551	738	1498	382	461	817	148	406	488	1509	386	507	2359	409	401	831	1401	1048	1315	562	1586	763	564	331	1000	1225	1386	1282	660	649
ENSG00000005471.14	53	614	65	260	47	2105	92	968	40	417	535	193	478	3254	66	310	464	323	625	567	4667	605	151	155	3585	1199	4613	730	643	9
ENSG00000005483.18	6048	6304	15668	1920	3935	6672	693	5810	5772	11724	2521	4017	8088	3531	3745	3534	18430	6760	4213	4483	7474	21201	3141	9652	5879	10473	13363	3884	6062	6771
