TCGA.BR.6457.01A	TCGA.BR.6802.01A	TCGA.BR.8289.01A	TCGA.RD.A7BT.01A	TCGA.D7.A74A.01A	TCGA.BR.A4CS.01A	TCGA.3M.AB47.01A	TCGA.BR.8081.01A	TCGA.HU.A4GC.01A	TCGA.HU.A4HB.01A	TCGA.VQ.A8DT.01A	TCGA.CG.4443.01A	TCGA.BR.4279.01A	TCGA.BR.8484.01A	TCGA.BR.6453.01A	TCGA.D7.6527.01A	TCGA.D7.6522.01A	TCGA.VQ.A925.01A	TCGA.D7.A6F0.01A	TCGA.HU.8238.01A	TCGA.CG.5724.01A	TCGA.BR.8060.11A	TCGA.CD.5799.01A	TCGA.R5.A7ZI.01A	TCGA.D7.8574.01A	TCGA.KB.A93H.01A	TCGA.VQ.AA6D.01A	TCGA.BR.7704.01A	TCGA.SW.A7EB.01A	TCGA.D7.A4YX.01A
TSPAN6	1623	1445	3428	7484	1726	4603	3072	1956	2955	2954	2146	2537	5010	3503	1053	1210	1107	3795	5150	760	1759	1307	547	129	1589	2660	3901	1057	1295	4636
TNMD	4	1	0	2	4	4	2	18	1	10	1	0	68	6	7	0	20	3	5	0	9	6	0	0	4	2	0	0	1	0
DPM1	1294	1481	4310	6407	3873	4851	1990	2296	5829	3871	3764	6523	3224	4549	1821	1752	1292	2208	5266	1537	2637	1052	2721	1285	1152	4137	4442	4253	861	4989
SCYL3	497	503	1716	938	1159	894	853	940	1845	1828	1240	924	1061	1947	498	1536	449	2008	1900	542	374	640	704	280	1121	714	1489	393	269	1255
C1orf112	155	340	1687	1285	799	458	275	753	633	834	751	234	450	1347	179	840	163	1139	2126	311	312	112	407	130	329	349	1133	200	260	839
FGR	452	776	343	174	151	810	521	2014	255	998	185	56	996	1214	1127	433	1830	243	983	352	376	434	279	202	506	147	212	1010	99	472
CFH	5085	3038	3385	777	556	1920	10057	5730	3022	4924	1543	4571	13296	5428	8362	2377	12185	2215	1855	1463	915	3307	1326	403	12567	725	2426	1756	618	8036
FUCA2	2631	2998	12283	6841	5560	7628	2907	5786	7895	6963	10984	1527	4183	12611	2033	8138	3125	5886	8300	5746	5455	2301	8802	2390	2898	7124	4387	5120	1713	10818
GCLC	1733	2286	6653	6849	4980	1319	3278	4340	3501	5214	6597	6422	3114	7143	1308	2646	1761	8036	4330	1580	1534	1866	1910	470	2289	3874	2457	3267	896	4441
NFYA	1147	1388	3872	2983	1878	1227	1544	2333	2292	2336	2162	3588	1907	3522	1075	3984	1181	6587	9044	845	855	1027	1218	494	1641	1503	2646	1638	863	3116
STPG1	517	333	988	207	524	742	632	598	728	676	986	562	518	532	259	369	341	639	1075	266	479	343	743	41	345	328	650	441	195	669
NIPAL3	2542	1446	4626	1360	2575	1791	2456	1904	4015	2895	4543	6718	1502	2895	1384	1342	1574	4781	1752	1435	1198	2059	2127	368	2226	1218	969	1183	617	4122
LAS1L	1433	3776	4951	2855	1331	2707	2906	2189	1175	2347	2706	1452	1581	3611	1414	3568	2348	3174	4136	1179	2703	1051	2890	1314	1617	3717	2521	4202	385	3829
ENPP4	744	620	3432	3187	1367	1130	718	2008	1815	2907	1509	3646	2609	2468	287	551	540	1854	2843	1105	142	1957	207	408	1048	1122	3351	1089	526	3433
SEMA3F	2177	2798	4281	2990	1296	3618	3416	2600	2045	2818	2331	3773	1089	4518	1690	6565	3432	2945	3382	2259	1636	1651	4144	1059	1872	889	2345	5765	578	3498
CFTR	725	870	407	7743	3216	1952	10870	36	1302	11560	19750	29	108	3252	2550	2748	660	412	366	1025	10	110	273	5	8978	2066	4146	2054	414	59
ANKIB1	2014	2653	6264	5134	3514	2337	3421	3990	2176	4699	5768	2599	5445	114548	1142	2151	1527	7770	6959	2115	4311	2148	5301	1068	3785	2610	3338	2278	937	7672
CYP51A1	209	156	694	1298	735	255	165	1075	714	432	1443	173	187	10710	216	718	225	963	1365	906	381	479	1076	224	213	194	535	303	157	864
KRIT1	758	952	2723	3584	1731	1466	1682	1783	1164	2763	2977	1635	1881	44382	718	1295	637	3075	3872	840	1038	1171	2682	725	2145	1521	2886	1780	578	3183
RAD52	290	270	484	530	869	699	625	564	1169	753	431	559	169	613	255	326	212	1122	1183	423	361	359	312	246	1057	555	521	404	360	567
BAD	1841	1385	3983	2180	2596	1699	1338	2631	4278	2052	1945	1143	1705	2660	1804	2968	2367	2442	3047	1248	2317	2031	2075	1037	1304	2035	2052	3584	675	1364
LAP3	5225	8720	7042	6214	3302	3479	6525	17920	6011	10392	8218	15383	8734	14146	5884	5812	9864	5285	7709	3360	5300	2248	4716	3277	5352	3786	7043	5025	1230	25622
CD99	12756	5701	13151	48311	2379	9639	14570	12235	10651	8953	9051	2823	17718	11683	13900	5529	20836	10597	23753	4113	8206	6179	19854	2579	13894	6194	10095	24544	3090	6026
HS3ST1	614	6758	488	1651	2022	286	1554	2165	1859	1370	1461	768	1557	2307	893	674	1126	2349	314	2356	897	507	1880	3676	908	940	1244	1080	214	15162
AOC1	12326	3562	44221	16812	22678	1716	2262	7739	12389	36713	37618	89	19352	10962	9629	15219	5574	24167	619	22896	3050	595	17138	68	9784	7250	17175	3966	4348	155
WNT16	18	1	8	7	5	26	14	8	3	69	6	10	28	13	36	3	25	23	12	6	13	40	0	8	161	17	23	10	14	0
HECW1	89	28	331	5	32	96	331	229	235	95	78	34	64	87	11	54	73	292	218	26	52	29	5	14	208	7	6	28	50	81
MAD1L1	1426	1427	4260	1568	1280	5647	1488	1666	2087	2092	1702	366	547	1536	2476	1867	2626	15362	3880	1156	2212	441	2328	825	1757	1555	1839	1874	764	3046
LASP1	16266	19298	34353	13580	23680	17642	20670	36798	28223	31786	28944	10192	13039	29184	18184	32023	24073	44105	48195	22706	27062	9967	23539	6576	23694	10493	18687	14284	5740	29165
SNX11	1137	1092	2200	698	1578	1020	1172	1355	1341	1716	1407	1303	1327	1435	1109	1317	1532	2202	2482	1311	1492	559	1065	649	1291	666	1486	1017	290	1212
TMEM176A	4318	7316	9897	33810	18457	15210	8786	7131	8547	12205	13093	979	17043	11554	7392	47329	20232	4578	6554	10893	5891	1611	26983	2067	10933	9177	27753	23314	2791	3057
M6PR	2602	2894	5150	3005	6058	3075	1941	4705	2896	4637	4337	3308	5154	5463	2392	3366	3903	5584	6455	3543	5332	1839	3783	2214	2775	1189	2208	1798	1031	6346
KLHL13	440	36	628	61	8	53	405	78	359	268	251	125	1266	1212	342	458	169	422	2471	63	19	556	104	4	593	634	1264	13	21	20
CYP26B1	139	170	913	7	64	739	89	397	64	276	504	89	450	78	165	461	253	1229	438	273	94	74	46	37	69	38	430	44	38	19
ICA1	1307	1454	2652	2880	3119	7935	2402	2108	5113	2347	5245	1230	3593	2529	1325	2745	973	6181	2658	1752	1721	1179	2348	851	1348	3967	2550	2929	861	97
DBNDD1	1339	2419	8607	3430	2198	3833	321	1046	5591	1076	5049	96	174	247	591	1076	255	905	8133	644	1181	573	2047	1128	264	893	559	2409	619	3114
ALS2	672	922	3255	1185	2689	2163	1315	1695	2498	2665	1939	5132	2246	2946	619	985	739	3618	3580	1321	814	1074	1161	410	1403	1321	3300	1929	589	2511
CASP10	1229	3872	3321	2341	2656	3251	3795	5505	3681	5966	3934	384	1717	2774	1420	1767	1116	4402	2834	3559	481	767	1551	1950	2315	2540	4326	1454	540	3278
CFLAR	4270	9247	7440	3980	7832	8907	8789	8434	8935	14474	8595	5162	4845	13191	4581	5857	5889	8208	7782	5468	3038	4431	4667	5453	13237	4774	7024	6490	1935	14321
TFPI	2374	4920	120060	2059	4018	6766	4235	5609	7377	10170	4898	618	3589	2133	2347	1173	3930	2730	807	2459	2746	1880	2797	285	3137	3695	3038	1006	545	1072
NDUFAF7	413	422	1054	774	461	1085	751	681	738	1022	824	934	725	1149	407	379	329	929	921	306	701	365	544	293	653	1174	871	956	207	805
RBM5	1627	2573	5547	3070	3426	3001	4627	3900	2969	7432	4371	5725	2098	4102	2590	2416	1887	7989	7001	1849	1467	2568	1572	799	5591	3592	8876	2724	1290	5184
MTMR7	107	39	58	41	60	435	109	132	166	162	214	46	111	148	144	72	32	108	453	24	47	88	77	84	81	117	157	83	30	104
SLC7A2	1577	191	4224	797	205	1511	1073	640	1074	549	239	280	5994	804	881	749	533	4140	20523	204	183	3183	269	20	1064	1411	5485	90	625	89
ARF5	3571	3656	8313	6265	9418	6388	3957	7116	5547	5862	7471	3729	3753	4780	4155	7101	5484	4627	8692	3883	6197	2829	6535	3141	3194	2620	3780	10243	1559	4705
SARM1	890	229	1188	274	406	673	439	764	536	779	496	111	274	1275	401	881	678	1435	360	426	758	542	326	89	1062	337	474	191	128	120
POLDIP2	4554	5963	18842	6065	7128	10125	5175	8805	6485	7610	9983	5018	6191	8636	4493	10521	5416	7778	11936	6438	13755	3864	7040	3880	3392	7030	8323	12234	1571	8892
PLXND1	13129	5736	9784	1859	2365	13973	10225	13275	4105	8548	2929	16325	3568	12387	7602	8013	18132	8571	15931	4451	5022	3337	5709	1766	12379	1501	2446	5779	1999	5475
AK2	3600	4467	8271	7041	5407	5453	5740	7883	9337	8666	8538	3920	4438	8654	4052	6276	4608	8514	8786	3588	5392	2497	8377	1828	2607	5989	12302	5320	2154	12322
CD38	438	508	395	259	179	257	657	2372	650	4529	359	62	1080	2060	673	641	1543	296	1137	406	107	257	168	910	1482	73	120	1349	134	1121
FKBP4	4629	10518	6224	5212	14778	9393	5766	12604	7202	5020	18282	6849	9452	4955	6117	13475	4696	10313	12733	6080	15076	4432	12917	7635	3084	4819	4514	4443	2358	18610
KDM1A	2738	3622	9329	6574	4427	4304	5913	6568	4279	4770	4611	4793	2967	4621	3439	3065	3018	6846	9807	1613	9320	2039	6320	1256	3491	3813	8467	3372	1729	6412
RBM6	1148	2271	4615	3309	2729	3733	3545	3618	2500	7299	3391	4223	1258	3929	2031	1472	1524	8775	5995	2109	1447	2174	1556	917	5175	6640	3369	3288	1063	3750
CAMKK1	368	203	435	448	66	613	435	674	273	441	255	321	225	485	427	584	411	1644	693	243	687	271	201	62	561	338	268	513	116	114
RECQL	788	838	1627	810	802	664	1000	1019	863	1393	924	762	2371	2522	523	842	1069	1094	2147	698	1401	548	627	179	968	422	515	444	257	1103
CCDC132	571	720	2345	2402	1444	1049	1443	1513	850	1900	3045	642	2147	19069	544	830	524	1222	2917	790	953	801	2121	638	1178	1129	3651	982	378	2685
HSPB6	32285	865	13600	183	663	2254	12434	3350	3017	706	237	99	9266	1347	6362	1034	8478	2886	2753	1727	282	62695	1185	24	27161	73	199	1009	557	108
ARHGAP33	194	374	568	678	558	511	453	873	466	1043	601	413	29	837	251	220	167	850	922	90	212	397	434	249	643	496	1077	3235	288	735
NDUFAB1	1844	2455	4905	9886	5396	7652	6175	7259	5804	4515	7201	2970	4249	5588	3226	2875	2977	7233	7727	3055	5705	2386	5695	4065	1433	4294	2592	2293	1032	6306
PDK4	6368	809	11314	1487	1215	868	9262	1529	4477	16289	2796	5329	7974	3533	2187	3852	1492	28045	1509	1334	535	21389	588	143	1692	1416	860	275	785	208
SLC22A16	5	1	10	1	0	1	1	6	10	8	20	4	4	31	5	5	11	0	18	14	6	3	4	0	8	1	2	3	0	0
ZMYND10	8	17	105	23	44	26	32	32	23	75	129	80	23	36	23	32	19	41	126	13	25	18	26	4	54	30	43	68	7	18
ABCB5	45	2	28	0	2	2	12	35	28	1	33	17	93	38	27	7	49	3	9	44	8	117	1	0	32	4	3	1	2	0
ARX	124	12	66	12	17	935	39	7	190	148	185	2	36	61	17	1397	16	83	3	309	2	48	15	8	209	157	84	8	22	1
SLC25A13	922	1028	4677	4680	3018	1379	1752	1740	3317	3163	5945	1373	1684	4949	1145	3200	987	3686	6202	1489	1610	753	8384	846	1521	1529	3366	1682	886	3018
ST7	1548	1427	1750	2792	3583	2291	1982	2868	3992	2173	3089	2062	3010	3034	1345	1495	1246	3476	2304	1385	2433	1659	1914	1264	1311	1778	2672	2409	648	3121
CDC27	1800	3058	7812	2726	2971	3353	3879	5785	3436	5536	4541	2695	5624	4980	1487	2824	1719	4992	6389	3212	3176	1965	1820	1162	3803	2195	5128	2216	767	6184
SLC4A1	2	11	2	2	0	12	12	9	5	13	33	19	27	5	0	42	2	5	14	20	11	32	1	11	10	6	8	1	2	5
CALCR	5	2	31	5	1	3	13	14	14	35	28	11	19	75	3	12	17	9	18	13	6	9	3	3	7	2	10	3	0	5
HCCS	1063	2536	3847	2533	1540	3773	2042	2497	1898	2414	2888	2055	2236	3838	1126	948	1821	2622	2242	1463	1307	811	2191	1447	1468	1626	3197	1646	346	3175
DVL2	1507	1379	1626	1540	1736	2137	1779	3132	2052	2526	1345	978	1083	2598	1340	1901	1904	5356	8131	730	2598	1230	1393	636	2231	919	2760	2392	1213	2551
PRSS22	2419	3165	2606	1942	1649	3125	337	900	952	1083	3078	834	280	3140	150	2523	122	2947	4312	1266	6801	149	3085	976	396	2159	4575	2096	423	1049
UPF1	6916	7303	16228	6310	6678	5302	7862	10444	8372	11578	7986	8494	2850	16285	5215	8304	6990	20058	20289	7022	8176	4728	11796	2102	9016	3493	7949	5766	2595	13022
SKAP2	1894	1815	4587	2840	4590	4426	2959	3127	4975	5543	6069	4458	7001	7016	2208	1575	2042	4598	2783	1674	1995	1141	2604	671	4254	1626	3679	3054	667	925
SLC25A5	10356	19086	55756	38437	66619	21362	43208	47420	22978	31339	28553	12789	21236	38125	17493	23094	26635	44365	17024	19906	18994	21265	38250	19275	15157	14646	15278	16073	5201	30214
CCDC109B	732	1297	1832	391	783	1089	1166	2824	1058	1873	1091	120	2466	1178	1118	450	1452	866	497	445	1207	297	307	561	1498	413	1002	762	100	2458
HOXA11	175	245	498	161	7	63	465	281	1030	164	746	13	64	0	360	40	69	337	487	191	511	3	121	55	5	932	764	5	32	0
POLR2J	1803	1701	6078	6061	7273	3011	1823	3196	6019	3328	6901	766	1854	2744	1577	2984	2048	2401	3012	3673	6704	1714	4035	2102	2208	2352	3169	5035	802	2811
DHX33	763	1094	2884	1932	1407	1185	1393	2120	1729	1746	2051	1171	1257	2231	753	1441	893	3153	2836	773	2361	814	1099	629	1395	1469	1221	1246	794	5243
MEOX1	816	117	1078	47	15	303	408	237	187	316	157	12	658	209	524	235	1199	260	73	240	43	131	116	87	478	13	16	129	47	31
THSD7A	469	180	385	64	53	1044	937	521	352	520	112	191	610	489	321	192	444	273	162	272	72	406	101	70	509	77	32	145	52	210
LIG3	1163	1180	4219	2142	1077	2447	1249	1981	1943	2173	1548	2446	1037	3243	787	1894	1019	2875	4544	1153	1934	996	1254	530	2022	1315	2507	1032	435	2380
RPAP3	677	1110	3051	2432	2663	2173	1934	2428	2131	2914	2263	1491	2527	3609	927	1268	756	5214	3722	1537	1366	825	1671	720	1506	1467	2141	1601	606	2546
ACSM3	363	480	531	646	675	1002	348	397	450	1271	1243	224	964	1522	339	1478	224	7474	10182	356	265	2077	311	508	406	368	1893	394	276	1525
AC004381.6	109	349	482	381	242	313	322	393	312	440	476	392	330	490	222	773	151	1614	744	333	164	182	223	327	171	336	707	742	65	319
CIAPIN1	1594	1796	4676	4250	3027	2926	2601	2711	3132	2572	2912	2690	2956	2054	1952	1854	2160	2283	4340	2089	2108	765	3718	1280	937	2008	1771	1405	625	3694
SPPL2B	2381	1936	8361	5799	4322	2984	5998	2306	4352	6501	5335	2339	969	4483	3759	4061	2324	6431	5553	3464	1771	1738	3694	775	6631	4286	4237	8370	1279	3259
FAM214B	989	2125	1876	724	1411	1099	1212	1617	1642	1974	1873	1103	735	981	1003	944	1531	2322	1342	1962	1242	696	1100	279	967	394	1686	1487	275	1307
COPZ2	1145	227	1075	82	100	350	786	615	456	259	112	129	2223	253	613	484	972	819	326	150	422	850	589	68	843	161	605	353	50	114
PRKAR2B	690	207	725	142	266	355	1598	1004	615	1849	1278	62	4077	1012	705	622	870	949	925	569	66	1101	114	147	749	62	411	628	365	395
MSL3	954	1506	3089	2157	1571	2357	2402	2523	1614	3413	2283	2188	2395	3484	1560	1259	1623	3928	2191	1165	1177	745	1427	917	2654	2161	4336	1641	431	2812
CREBBP	10410	7618	13056	8809	7103	5993	8896	10892	9835	13483	7291	4220	3221	23200	6862	9184	9748	15828	16832	8092	6429	8865	7819	2030	18565	5854	9400	4583	3290	10737
BZRAP1	462	297	770	231	238	1434	236	820	235	858	248	470	95	1013	156	533	281	1081	513	147	35	814	61	80	990	1224	556	283	118	253
MPO	16	11	4	3	1	12	3	20	13	21	11	0	15	16	44	6	43	12	24	4	20	14	10	4	18	0	3	2	3	4
PON1	4	0	97	7	2	63	3	0	224	33	35	8	223	11	14	214	1	395	14	31	6	0	4	6	1	21	93	6	10	0
GCFC2	521	819	2297	1470	818	1794	1457	1235	1303	1744	1598	827	1181	1491	560	749	457	2224	2130	732	781	822	874	574	1135	2020	1411	1891	386	1430
WDR54	636	167	1169	375	641	586	417	379	246	633	512	454	510	434	444	778	540	381	1409	279	3441	225	1182	111	431	204	786	389	209	474
CROT	342	235	1265	909	784	602	1262	374	1573	1725	987	305	1349	1158	216	544	451	418	1062	481	242	434	644	146	986	479	880	685	205	847
ABCB4	57	32	66	70	13	103	141	74	44	507	74	46	101	144	279	33	159	89	120	81	23	68	720	24	517	21	52	41	22	30
KMT2E	4717	3615	9554	5717	8477	6019	7907	7403	9836	12331	15370	4081	3479	19979	4452	4522	4413	18284	8102	5758	4026	6159	3725	2550	13105	6128	10678	5317	2108	9754
