TCGA.BR.6457.01A	TCGA.BR.6802.01A	TCGA.BR.8289.01A	TCGA.RD.A7BT.01A	TCGA.D7.A74A.01A	TCGA.BR.A4CS.01A	TCGA.3M.AB47.01A	TCGA.BR.8081.01A	TCGA.HU.A4GC.01A	TCGA.HU.A4HB.01A	TCGA.VQ.A8DT.01A	TCGA.CG.4443.01A	TCGA.BR.4279.01A	TCGA.BR.8484.01A	TCGA.BR.6453.01A	TCGA.D7.6527.01A	TCGA.D7.6522.01A	TCGA.VQ.A925.01A	TCGA.D7.A6F0.01A	TCGA.HU.8238.01A	TCGA.CG.5724.01A	TCGA.BR.8060.11A	TCGA.CD.5799.01A	TCGA.R5.A7ZI.01A	TCGA.D7.8574.01A	TCGA.KB.A93H.01A	TCGA.VQ.AA6D.01A	TCGA.BR.7704.01A	TCGA.SW.A7EB.01A	TCGA.D7.A4YX.01A
ENSG00000082929.7	0	3	1	0	0	2	3	0	0	8	1	0	0	2	5	3	1	1	2	0	0	3	0	0	2	0	0	16	0	0
ENSG00000083622.8	0	1	1	8	4	46	102	1	3	23	5	2	4	4	52	1	1	2	0	5	0	0	0	0	27	4	3	3	1	2
ENSG00000093100.13	17	4	13	15	6	8	8	7	20	35	6	6	0	12	24	0	13	30	14	5	3	10	7	1	39	15	18	16	6	21
ENSG00000099869.7	2	7	11	1	0	1	18	4	4	7	1	5	1	0	1	0	9	1	1	17	5	1	6	1	0	0	3	2	0	1
ENSG00000100181.20	240	91	204	88	48	149	151	287	177	185	160	34	320	198	179	200	312	153	1859	87	68	487	77	11	488	16	80	43	932	52
ENSG00000115934.11	0	0	1	0	0	2	0	0	1	0	2	0	0	1	0	0	0	0	0	2	0	0	1	1	1	0	0	1	0	0
ENSG00000116652.6	8	9	38	14	8	59	23	28	78	29	29	17	10	66	7	7	6	43	23	27	7	7	7	1	38	27	31	9	5	30
ENSG00000116883.8	35	181	105	2	176	65	99	428	111	174	105	191	5	75	65	49	57	497	251	57	78	16	81	21	108	21	179	32	27	28
ENSG00000117242.7	337	184	547	262	300	417	433	550	401	430	435	166	121	420	267	317	307	1102	818	81	341	213	702	117	626	241	565	240	115	489
ENSG00000120055.7	36	69	246	87	448	344	135	202	157	97	106	162	55	102	135	102	193	325	130	79	259	29	80	29	131	85	25	34	39	194
ENSG00000120664.9	1	0	0	1	1	0	2	2	13	8	7	3	5	0	1	2	6	9	9	0	1	4	0	1	6	0	6	2	3	1
ENSG00000122043.9	1	0	1	0	0	3	4	4	0	2	3	1	0	3	5	0	2	2	2	4	1	0	0	1	7	0	0	4	0	2
ENSG00000122548.5	5	1	1	0	0	0	11	7	4	5	3	11	1	3	4	0	6	1	0	4	1	2	0	1	17	0	0	2	1	1
ENSG00000124835.2	1	1	3	1	0	5	2	4	7	9	1	1	1	3	1	1	0	0	0	1	0	1	3	0	3	3	0	1	1	5
ENSG00000124915.9	3	12	30	35	13	139	14	15	8	27	19	19	6	45	18	35	13	408	24	11	9	10	27	97	30	29	20	62	6	41
ENSG00000125514.8	1	2	0	0	0	1	1	0	1	1	0	0	0	1	3	0	0	0	3	0	0	0	0	0	0	4	0	0	6	2
ENSG00000125804.12	0	1	2	0	0	43	0	5	3	0	6	2	5	4	0	4	1	24	22	0	1	3	8	3	4	1	1	2	1	14
ENSG00000125899.7	0	0	1	0	0	0	0	0	0	0	3	0	0	1	0	0	0	0	0	2	0	1	0	0	0	0	0	0	0	0
ENSG00000126005.14	3032	1409	6268	2467	3066	16584	2843	2247	6097	3863	3470	3049	1427	5776	3929	5246	3745	8103	5033	3019	5188	1936	4516	766	1724	2630	3893	7194	1429	2987
ENSG00000128254.12	7	13	11	17	3	18	6	7	8	7	11	2	11	12	5	8	5	13	40	7	10	5	14	5	10	5	23	6	1	26
ENSG00000129816.5	0	0	0	0	0	0	1	0	0	0	0	0	0	0	0	0	0	0	0	0	0	0	0	0	0	0	0	0	0	0
ENSG00000129845.5	0	0	0	0	0	0	0	0	0	0	0	0	0	0	0	0	0	0	0	0	0	0	0	0	0	0	0	0	0	0
ENSG00000130600.14	3210	1142	1342	12431	265	2115	1126	2404	516	210	32	376	699	622	786	612	1597	133	168666	119	719	669	5024	61	560	1747	8552	1113	16557	213
ENSG00000131007.8	0	0	0	1	0	4	0	0	0	0	0	0	0	0	0	0	1	0	0	0	0	0	0	0	0	0	0	1	0	0
ENSG00000131484.4	3	0	4	5	9	65	1	1	11	11	0	2	0	4	2	1	0	5	0	6	0	2	7	6	11	5	0	3	0	2
ENSG00000131538.7	0	0	0	0	0	0	0	0	0	0	0	0	0	0	0	0	0	0	0	0	0	0	0	0	0	0	0	0	0	0
ENSG00000131548.7	0	0	0	0	0	0	0	0	0	0	0	0	0	0	0	0	0	0	0	0	0	0	0	0	0	0	0	0	0	0
ENSG00000132204.12	0	2	10	235	3	1	369	0	6	92	8	10	0	4	0	7	2	1	858	150	7	13	1	2	5	9	186	15	9	5
ENSG00000132832.8	14	45	114	5	38	5	9	248	14	119	45	3	14	29	31	1	35	36	27	2	250	8	2	15	58	9	6	19	8	462
ENSG00000136275.9	4	4	3	0	1	11	4	1	1	4	0	1	8	10	1	0	12	0	3	0	1	0	8	2	5	0	0	2	1	6
ENSG00000136315.4	7	1	3	0	0	1	0	4	3	4	1	0	8	0	0	1	7	0	0	9	3	0	1	9	0	4	1	0	1	1
ENSG00000137808.12	0	0	0	0	0	0	0	0	0	0	0	0	0	0	0	0	0	0	0	0	0	0	0	0	0	0	0	0	0	0
ENSG00000142396.9	355	508	1121	1166	1260	810	819	1221	871	1427	643	734	392	1439	430	355	405	1013	1228	508	525	437	710	737	1039	1886	584	755	423	1862
ENSG00000145063.13	0	2	25	2	0	32	2	4	7	14	14	23	0	3	4	3	8	19	11	6	6	0	3	1	14	10	54	3	7	1
ENSG00000146521.8	10	3	29	89	36	10	116	120	286	48	32	162	45	46	33	138	73	30	14	18	12	25	28	3	82	325	45	260	32	7
ENSG00000146666.5	17	9	6	11	3	41	18	22	32	15	11	12	8	27	8	9	11	23	7	18	87	1	9	0	83	10	13	16	0	45
ENSG00000147753.8	0	0	0	0	0	0	0	0	1	0	0	0	0	0	0	0	0	0	0	0	0	0	0	0	0	0	0	0	0	0
ENSG00000147761.7	0	0	0	0	0	0	0	0	0	0	0	0	0	0	0	0	0	0	0	1	0	0	0	0	0	0	0	0	0	0
ENSG00000149443.6	3	0	0	0	1	0	2	0	1	5	0	0	2	1	0	0	1	2	5	3	1	0	0	0	0	0	0	0	0	0
ENSG00000149656.7	1	0	4	4	0	0	2	1	1	5	0	20	0	0	0	0	0	0	2	3	4	1	0	0	8	0	4	0	0	1
ENSG00000151303.11	2	0	30	3	6	0	10	7	6	9	20	2	0	11	0	2	1	41	4	10	1	6	0	2	25	3	2	3	2	0
ENSG00000152931.7	757	70	445	48	17	332	57	63	333	127	261	30	411	38	87	6	11	72	23	46	6	776	61	9	61	95	87	261	73	8
ENSG00000153363.11	184	321	721	420	600	1091	1034	616	2873	959	1139	463	512	704	250	693	249	541	1871	379	313	298	535	248	341	474	920	557	133	592
ENSG00000157306.13	22	7	98	33	40	65	42	89	79	124	72	51	12	53	18	8	7	152	61	44	14	30	18	45	113	64	45	78	22	43
ENSG00000162888.4	6	19	45	27	21	20	13	30	4	58	16	9	4	52	14	27	19	35	66	18	7	2	5	10	92	15	89	16	4	32
ENSG00000162947.4	4	0	6	0	3	14	6	9	2	8	12	11	6	2	3	1	0	3	1	19	2	2	1	1	0	4	0	0	2	3
ENSG00000163009.7	7	10	191	62	18	156	8	20	37	67	42	19	10	47	22	29	9	301	383	6	38	4	11	15	5	79	132	76	8	38
ENSG00000163364.8	78	17	99	7	154	102	129	92	87	88	37	20	101	37	130	37	174	51	38	37	35	71	30	11	89	6	261	43	29	13
ENSG00000163597.13	1058	967	12640	2117	3613	1379	2198	5044	2039	1829	2611	2857	1494	2997	838	2312	890	5376	7478	1160	3145	1774	1820	719	2195	1305	2121	513	651	7099
ENSG00000163915.6	9	7	4	31	31	59	21	4	53	63	29	16	10	109	12	1	4	37	103	36	18	9	17	7	2	98	52	10	28	28
ENSG00000164621.5	3	0	2	10	8	36	20	3	5	0	0	2	8	12	4	1	0	7	7	1	0	3	6	2	1	5	9	1	1	12
ENSG00000165511.6	139	36	159	215	97	148	178	96	200	126	103	46	160	218	80	91	95	266	205	203	334	78	81	12	138	101	247	27	40	106
ENSG00000166770.9	497	83	337	43	58	194	591	298	175	183	85	88	765	228	407	152	398	145	2409	94	51	577	118	37	525	36	42	131	289	70
ENSG00000166917.8	0	0	1	0	0	9	0	3	2	0	0	4	1	0	4	0	3	0	17	16	5	2	0	0	1	3	0	0	3	1
ENSG00000167046.4	20	40	260	57	10	93	94	13	1	24	22	60	9	53	34	21	4	41	1	14	12	8	43	23	37	24	7	1355	4	24
ENSG00000167117.7	58	147	827	320	1861	1378	1149	1315	1508	2217	809	54	1101	97	336	300	276	412	703	1811	16	96	811	3	763	527	215	64	162	145
ENSG00000167355.6	0	0	417	0	0	0	3	0	5	1	3	8	0	0	0	0	1	3	75	1	2	0	0	2	1	2	3	0	3	32
ENSG00000167459.15	0	0	0	0	0	0	0	1	0	0	5	0	0	0	0	0	0	1	0	6	1	1	0	0	0	0	1	0	0	0
ENSG00000167912.5	68	34	65	35	25	8	218	39	63	350	157	4	190	59	228	175	106	461	79	51	10	212	4	34	197	37	13	90	40	31
ENSG00000168367.8	0	0	0	0	0	0	0	0	0	0	1	0	3	0	0	0	0	0	0	2	1	1	0	0	0	1	0	0	0	0
ENSG00000170161.6	27	16	37	75	12	24	48	59	68	86	83	25	22	50	38	24	19	81	57	33	89	16	26	27	57	86	53	138	13	11
ENSG00000170590.7	1	0	0	1	0	0	0	0	0	0	0	1	0	2	0	0	0	1	1	2	0	0	0	0	0	0	0	0	1	0
ENSG00000170846.14	473	454	1069	828	233	615	739	736	830	754	1149	513	620	1667	597	665	615	929	2271	257	1010	670	1103	164	710	533	1162	1321	200	962
ENSG00000170919.14	384	282	2594	5032	862	783	865	657	1187	1017	772	407	535	596	640	636	457	1346	1537	411	899	580	716	300	1796	2287	599	1766	546	664
ENSG00000170983.3	0	0	2	0	0	0	0	1	0	0	27	0	0	0	0	0	0	0	0	0	4	0	0	0	0	0	0	0	0	0
ENSG00000171671.6	22	0	6	6	0	5	0	1	43	5	5	3	0	4	5	5	0	4	0	2	6	0	0	3	7	6	8	1	8	4
ENSG00000171889.3	2	92	15	21	2	15	28	81	23	44	61	5	92	42	3	0	6	67	11	14	200	22	26	1	45	29	6	1	12	70
ENSG00000172250.13	5	9	33	13	14	12	58	45	12	28	9	27	10	2	37	19	5	32	70	12	1	42	22	12	65	8	445	13	13	15
ENSG00000172965.13	791	997	2101	1126	1323	2166	1320	1377	1533	1082	989	509	1534	1176	401	494	855	1385	1077	1219	5519	140	1215	1610	846	1522	847	2258	189	3552
ENSG00000173727.10	75	24	102	15	36	374	495	88	122	187	73	160	53	81	96	47	71	301	148	294	143	43	40	36	160	143	337	136	39	25
ENSG00000173811.9	5	3	13	2	6	11	22	7	9	24	17	15	8	5	12	5	4	9	68	1	8	4	1	0	15	9	7	14	1	4
ENSG00000173862.3	1	1	5	0	3	3	2	0	1	0	3	1	0	2	0	0	4	2	4	0	1	0	0	0	14	0	2	2	2	1
ENSG00000173867.8	1	3	6	5	2	24	12	4	37	35	8	16	15	25	8	1	2	43	14	23	1	9	5	2	25	25	2	9	3	10
ENSG00000174171.5	8	16	13	19	0	339	25	16	11	141	25	58	0	24	24	2	16	39	13	13	12	35	0	5	435	69	10	25	18	12
ENSG00000174365.18	312	189	970	1385	841	907	520	411	1104	716	527	610	298	931	332	445	261	773	1754	319	762	194	594	493	314	713	1271	1262	308	748
ENSG00000174403.14	137	10	67	0	0	1	18	2	3	15	11	3	8	7	12	16	3	34	1	21	6	203	5	0	56	0	1	6	5	0
ENSG00000174407.10	3	0	2	0	0	1	2	1	1	0	0	3	1	0	0	0	0	0	0	0	0	3	0	1	0	0	0	0	0	0
ENSG00000174680.8	0	1	0	1	0	0	4	2	0	8	5	6	3	2	0	2	0	3	0	0	3	1	2	1	0	5	5	3	1	0
ENSG00000175061.16	4495	3269	9326	15698	35534	7040	13396	23525	13162	8729	12590	5006	28734	9822	8593	10897	8040	10261	16163	5468	15067	5553	9165	6030	12634	10676	6311	3553	6182	21905
ENSG00000175147.10	170	149	484	519	187	281	332	86	220	458	506	99	35	792	71	279	56	1185	708	194	52	200	546	73	260	375	125	254	130	262
ENSG00000175604.2	5	4	29	1	7	17	12	46	17	72	17	11	8	12	8	16	6	164	27	8	6	13	4	4	87	7	7	6	8	6
ENSG00000175611.10	141	71	463	376	197	219	344	206	254	384	336	485	124	142	197	189	216	367	218	221	60	517	152	92	589	259	156	245	81	152
ENSG00000175699.11	0	0	0	0	1	0	1	0	1	0	0	0	0	0	1	0	1	2	1	0	3	0	0	6	3	0	0	0	1	0
ENSG00000175746.6	4	1	10	4	0	42	3	12	4	2	9	4	14	3	1	2	4	3	6	14	3	1	0	1	0	5	4	2	1	6
ENSG00000175772.10	50	81	336	601	249	122	147	166	337	301	185	99	43	443	141	152	33	299	403	107	136	33	239	66	107	84	101	721	51	189
ENSG00000175773.11	5	22	17	26	11	14	20	15	27	25	40	35	11	15	16	46	3	27	73	14	7	23	11	5	14	17	15	32	23	10
ENSG00000175967.3	2	0	1	4	1	1	8	0	2	2	6	1	0	6	0	0	0	2	1	5	1	2	0	0	3	15	2	2	3	1
ENSG00000176075.7	0	0	0	0	1	0	0	0	0	0	1	0	0	0	0	0	0	0	0	0	1	0	0	0	0	0	0	0	0	0
ENSG00000176236.6	6	6	38	31	20	8	18	21	27	16	55	90	7	38	10	17	14	32	18	17	16	4	51	3	16	24	14	38	27	25
ENSG00000176320.2	7	3	4	12	8	1	5	6	2	11	24	23	0	23	6	0	14	1	4	50	2	5	0	1	42	3	1	16	1	9
ENSG00000176349.10	19	5	15	3	3	26	0	4	4	8	4	1	0	4	9	1	10	31	8	5	13	1	4	4	32	3	6	1	12	13
ENSG00000176515.1	8	0	13	6	3	3	3	1	398	7	98	5	5	47	0	84	0	137	6	12	1	9	2	1	4	1	2	6	2	0
ENSG00000176593.6	69	32	58	55	201	337	249	125	70	334	46	543	71	383	78	102	77	102	901	56	13	76	42	22	513	10	16	132	211	171
ENSG00000176659.7	3	1	7	0	4	5	32	10	4	11	6	6	4	10	8	0	7	4	2	4	12	2	1	0	37	2	3	14	8	5
ENSG00000176728.6	58	92	36	21	1	12	147	0	443	118	18	213	230	24	87	13	46	410	2	33	13	1	163	0	114	2	0	1	43	37
ENSG00000176753.5	17	7	55	41	6	61	11	17	53	5	19	6	12	29	9	17	9	42	130	11	65	24	21	26	12	73	51	6	14	0
ENSG00000176754.11	0	0	1	3	1	3	7	6	9	4	2	22	0	4	0	2	3	0	3	9	1	2	0	0	0	2	0	1	0	0
ENSG00000176840.10	0	0	4	18	6	0	6	0	4	9	12	0	0	43	8	0	1	15	4	6	5	1	12	0	2	8	0	190	5	1
ENSG00000176868.2	0	0	0	0	0	0	0	0	0	0	0	0	0	0	0	0	0	0	0	0	0	0	0	0	0	0	0	0	0	0
ENSG00000176912.3	29	162	43	315	340	216	153	110	247	157	292	553	29	99	113	89	126	66	583	63	89	10	231	232	56	163	210	234	38	362
