TCGA.4K.AA1H.01A	TCGA.2G.AAFG.05A	TCGA.2G.AAFZ.01A	TCGA.YU.A90Y.01A	TCGA.XE.A8H4.01A	TCGA.ZM.AA06.01A	TCGA.2G.AAFM.01A	TCGA.2G.AAGG.01A	TCGA.YU.A94D.01A	TCGA.XE.AAOD.01A	TCGA.W4.A7U3.01A	TCGA.VF.A8A9.01A	TCGA.YU.A90Q.01A	TCGA.2G.AAG0.01A	TCGA.2G.AALP.01A	TCGA.YU.A912.01A	TCGA.YU.AA61.01A	TCGA.W4.A7U4.01A	TCGA.2G.AAGF.01A	TCGA.2G.AAKG.01A	TCGA.2G.AAG8.01A	TCGA.2G.AALW.01A	TCGA.2G.AAFN.01A	TCGA.2G.AAKM.01A	TCGA.2G.AAHT.01A	TCGA.YU.A90W.01A	TCGA.2G.AAGS.01A	TCGA.WZ.A7V4.01A	TCGA.YU.A90P.01A	TCGA.2G.AAGI.05A
ENSG00000000003.13	2646	3123	5194	3523	2857	1638	2349	8586	4281	3131	6383	3343	4847	2148	4259	6070	4312	3685	2398	2178	3487	3750	1793	2020	3525	2952	4441	5456	6414	4277
ENSG00000000005.5	10	2	18	17	4	0	11	102	13	10	256	28	21	2	30	10	20	12	13	5	5	25	45	5	1	18	513	1	60	15
ENSG00000000419.11	1150	2672	1687	2284	2099	251	1925	1517	1263	1710	1997	2162	925	2308	1944	1272	1636	3336	1851	1287	3281	1070	1037	2171	878	1999	1852	1263	2459	1684
ENSG00000000457.12	816	684	730	467	822	607	366	1019	893	782	869	1233	548	538	483	784	480	578	434	226	485	593	268	335	968	1268	723	761	636	1263
ENSG00000000460.15	499	747	630	527	1108	239	509	591	824	822	867	1523	833	638	872	1096	569	780	561	258	481	366	450	318	1764	1367	1537	1025	716	1375
ENSG00000000938.11	3267	2314	154	791	3138	944	666	410	123	1283	590	1180	100	788	223	1287	427	499	282	499	898	480	213	595	1580	332	171	1005	1350	1602
ENSG00000000971.14	5822	980	2375	2382	1326	193	1518	3438	632	2631	5493	1293	303	861	303	463	4235	765	2164	677	1457	2459	265	2210	1272	852	1029	1346	800	2278
ENSG00000001036.12	2413	1794	2519	2210	1587	916	1905	5507	2410	1894	4639	1949	375	1682	1706	1217	3832	1227	2047	1878	2370	2846	1040	1561	840	885	2001	876	1664	1188
ENSG00000001084.9	2017	1509	1667	2078	1492	858	1012	2469	1388	1270	2345	1212	654	2523	1836	931	2207	2369	1096	930	1807	1690	975	1447	1102	985	1724	1570	1734	1404
ENSG00000001167.13	1896	2459	1961	2038	2347	2491	1226	1676	3190	1819	2304	2295	2547	2194	1973	2348	2671	2239	1385	992	2512	1668	970	1526	3702	2779	2526	3013	2419	3251
ENSG00000001460.16	409	326	446	355	553	437	366	430	313	429	485	409	491	682	476	572	282	567	629	337	814	240	436	430	601	600	392	579	1107	592
ENSG00000001461.15	1143	694	795	1016	1112	491	768	618	678	864	630	757	763	1265	567	971	576	1003	3240	767	1902	430	474	1776	804	708	742	1223	4715	1311
ENSG00000001497.15	3166	4496	2921	4172	6402	2810	6803	3793	2698	4588	5047	5966	3507	4837	4947	4811	3667	7819	3883	3355	7236	2570	4511	4361	5049	4150	4028	4737	7227	6179
ENSG00000001561.6	807	323	472	205	525	215	120	726	435	365	341	362	889	312	98	498	250	355	96	118	283	284	55	163	740	226	313	907	281	905
ENSG00000001617.10	437	671	2706	731	658	1043	800	1934	5167	531	4119	424	619	1085	2542	461	2037	986	1673	662	739	1576	1656	677	1098	563	3014	439	615	607
ENSG00000001626.13	3	0	2844	143	1	2	8	2125	117	5	469	2	3	12	34	0	720	9	53	99	8	2828	21	2	1	8	97	5	6	18
ENSG00000001629.8	2310	3472	4708	2380	3380	1369	1015	2522	2232	2734	2984	2440	2298	3507	1638	2097	2022	3974	939	910	2149	1786	1059	2383	3230	3438	2929	2582	3018	4509
ENSG00000001630.14	187	201	297	174	200	25	42	91	93	180	76	61	252	193	88	208	86	304	42	39	167	69	25	173	185	171	201	257	239	322
ENSG00000001631.13	1640	3330	3438	1829	2749	1053	1049	1613	1648	2706	1933	1829	2860	3046	1615	1864	1413	3510	862	684	2159	1333	707	1667	4213	2985	1965	2624	3039	4159
ENSG00000002016.15	348	1116	1400	1921	1983	1884	813	1253	1864	1013	1406	794	948	1827	1690	1921	685	1660	1212	1105	1347	1098	892	1271	1362	1191	1579	1284	3405	1262
ENSG00000002330.12	869	661	967	770	480	310	1075	813	1451	777	1437	682	203	664	766	557	746	673	780	546	1191	904	777	630	374	408	526	381	844	736
ENSG00000002549.11	10955	6118	2789	4950	6955	775	5786	4436	2217	6536	5397	4702	1385	7099	3629	4629	4823	7325	2980	2754	6348	2316	2656	4743	4666	3078	5226	4030	8357	6726
ENSG00000002586.16	8970	4284	8206	8815	4009	2600	5955	14148	10466	6118	22867	3524	882	2431	8187	1865	18765	1591	7169	8826	7831	11169	2979	4663	2542	1633	8937	3554	3175	3596
ENSG00000002587.8	167	29	197	160	33	11	115	249	1375	213	277	74	25	128	60	11	422	48	119	143	115	190	71	151	21	34	247	51	53	113
ENSG00000002726.18	49	25	3376	145	42	43	87	7178	20	41	291	13	28	41	194	25	96	83	18	159	57	1264	59	5	129	20	11	14	41	15
ENSG00000002745.11	33	9	54	82	6	18	12	55	1	15	220	12	3	28	9	5	31	50	17	29	121	23	5	8	4	8	34	10	16	31
ENSG00000002746.13	21	6	263	8	27	7	32	38	32	12	110	47	16	43	53	72	27	11	20	19	49	15	33	18	3	65	151	37	26	18
ENSG00000002822.14	2231	3455	3255	2517	1968	2607	2394	1483	2020	2071	2826	4950	1464	2242	3065	2441	1584	3514	2028	1072	3577	1142	2760	1721	1536	2158	2481	2826	3164	2700
ENSG00000002834.16	14678	13879	16517	24343	16043	8231	13100	16134	14830	14194	25742	14035	8218	19104	21210	12972	17572	28844	18263	11897	29023	15292	12720	17667	12561	10863	20663	15395	16347	18821
ENSG00000002919.13	1589	1689	940	1576	1602	922	1576	945	838	1476	1416	1311	885	1455	1215	1475	1045	1504	1100	915	2423	728	1035	1299	1128	1168	945	1354	1797	2234
ENSG00000002933.6	4161	2137	2778	1293	2539	547	2299	3949	173	1739	3421	1172	209	1245	603	1222	777	970	310	970	1096	2196	405	1871	2330	458	223	1572	1377	1334
ENSG00000003056.6	4876	10072	7965	8059	12651	2080	2204	4583	4589	5286	7642	4687	4611	5556	7583	11123	4268	8203	5101	3178	5138	3930	2607	6576	6458	10494	8720	4803	12409	9371
ENSG00000003096.12	161	114	406	101	52	10	72	719	334	204	941	407	351	60	17	107	277	129	92	23	93	1062	36	52	854	150	194	360	71	309
ENSG00000003137.7	211	313	210	109	396	91	17	305	562	121	638	86	120	23	86	44	122	31	112	21	206	137	55	21	852	133	1396	250	166	187
ENSG00000003147.16	490	227	1140	389	208	412	680	1562	134	311	536	464	102	628	372	132	537	656	479	356	1102	645	386	366	238	400	826	183	761	332
ENSG00000003249.12	135	124	2065	635	274	243	2284	1010	1874	326	1587	948	426	2396	4687	507	725	3534	1107	680	1548	245	3230	834	220	905	1545	162	1368	540
ENSG00000003393.13	1346	1302	2557	1837	2908	601	618	1319	2272	1454	2149	1703	1414	1112	1137	2158	1748	1301	786	601	1617	1256	487	1024	4110	2062	1481	3968	3226	2184
ENSG00000003400.13	1566	1230	665	1110	1771	1337	801	1375	269	1570	1097	1513	827	773	772	1524	983	1167	306	718	1145	879	556	779	1317	1520	269	1933	830	1923
ENSG00000003402.18	9553	7976	4764	6921	15199	4128	4907	4269	5086	8607	7121	6584	3325	5959	3914	6846	5911	8768	3577	2741	8944	4236	3421	5639	7532	7397	2021	8644	9088	8972
ENSG00000003436.13	1779	365	2419	2424	271	275	1309	2280	9440	855	4473	438	133	1008	2159	102	3928	792	1886	3401	1525	3114	1116	1813	449	281	2549	288	811	716
ENSG00000003509.14	672	974	1251	1947	1797	910	2275	775	1399	420	1294	1539	359	2266	1375	987	850	2942	1857	861	2850	689	1276	1852	984	1606	1153	1122	2863	1753
ENSG00000003756.15	5058	7279	5853	5620	8769	5333	3961	5638	12109	6207	7233	6229	6075	5319	4985	6304	5147	5913	5103	4237	5739	5731	3170	4537	9276	8715	4704	8649	4597	11300
ENSG00000003987.12	139	267	288	215	232	419	72	83	306	313	83	500	303	185	102	472	153	207	103	88	179	63	35	125	293	862	274	355	620	731
ENSG00000003989.15	1744	961	2302	3596	834	918	1170	873	1387	1166	1408	275	1505	1408	1415	1909	1000	3139	735	827	2528	992	817	2009	1378	405	2770	1673	3834	932
ENSG00000004059.9	7023	9743	6858	6164	11087	4994	11294	7620	4884	8576	7823	14976	6472	6814	10661	8269	5442	8150	5378	3687	15596	5018	6321	6796	9562	11158	3246	9346	8978	15450
ENSG00000004139.12	264	199	814	191	228	28	56	347	955	225	429	203	70	90	57	112	279	101	94	64	148	321	20	74	91	277	194	236	141	264
ENSG00000004142.10	3729	5302	6383	6591	5435	1919	6432	5725	4202	4842	6332	7242	2643	6583	6862	3329	4448	8719	5881	4272	13986	3463	5412	5562	3193	3251	5280	4086	7881	6127
ENSG00000004399.11	7025	8525	6598	23278	6967	2662	8275	6695	9350	5242	15274	3657	2662	8201	6787	3431	9207	24196	12963	8191	11079	11010	4953	12355	5669	4196	6710	3801	5353	6261
ENSG00000004455.15	3646	3317	3089	4345	3585	1903	5899	5270	4040	3421	4677	2908	1167	7617	4774	2847	2751	6497	5527	4453	6163	2808	5007	4401	1850	1435	4646	2104	6106	3120
ENSG00000004468.11	4037	2363	67	716	3028	1095	1045	298	67	4795	1209	4421	887	789	264	2712	573	571	107	293	642	309	196	121	3227	3684	55	3109	977	5407
ENSG00000004478.7	7735	27882	32795	61476	54307	11551	60490	11685	19635	15126	6440	28858	19729	56463	59149	68076	6634	76416	53196	33419	80540	6224	65044	57553	43099	50053	67180	20658	88518	22964
ENSG00000004487.14	5063	10278	7348	7086	10462	5275	9166	7039	7779	7818	7545	9442	8854	13302	12476	10636	4647	12701	13933	10824	13097	3656	11390	9477	13980	11717	12365	10163	13131	9951
ENSG00000004534.13	4885	8473	4163	6150	11206	6604	5460	4826	6887	6452	7370	7655	5095	6371	6927	4992	5297	5568	6101	4272	5681	5567	4030	4992	6676	8010	4879	7431	7639	10567
ENSG00000004660.13	439	384	285	443	283	272	446	508	617	454	483	226	166	767	206	191	289	476	454	295	510	401	219	424	309	211	490	319	550	355
ENSG00000004700.14	1618	1740	2250	2852	4195	113	387	1262	1724	5870	4051	1491	813	1844	1702	2581	2038	2386	1429	590	1503	1782	353	2073	2263	2983	2849	1656	8421	2791
ENSG00000004766.14	1126	1478	1718	717	1401	428	458	1107	991	1628	954	1267	1350	947	626	1018	770	996	358	290	733	763	252	675	2040	1477	779	1514	987	2249
ENSG00000004776.10	2070	518	769	488	142	228	553	1880	239	2356	1766	460	89	229	296	56	936	186	1395	163	1095	1433	233	689	199	361	561	494	147	342
ENSG00000004777.17	1043	2279	1125	2042	1859	1670	3572	1200	2132	1203	1155	1621	1809	3772	2135	2715	301	5864	2572	1256	1963	654	3443	4296	3523	2225	1708	1866	2224	2857
ENSG00000004779.8	4048	9573	2107	10476	10440	1779	12242	2875	1991	11360	2866	14863	6040	10956	7336	9215	2242	19842	9306	5405	14680	1707	10033	8562	9093	11415	3909	7523	11597	13302
ENSG00000004799.7	1061	363	1550	443	188	125	156	942	1554	1673	1253	139	93	253	93	459	784	199	277	302	368	725	105	367	959	321	946	506	56	713
ENSG00000004809.12	6	4	5	8	17	2	8	10	14	1	8	11	0	12	2	11	2	5	17	10	95	4	6	7	7	4	9	1	14	7
ENSG00000004838.12	69	26	301	18	31	17	30	423	73	52	51	32	41	43	50	20	43	24	41	24	1114	80	33	18	228	29	25	47	18	140
ENSG00000004846.15	57	527	9	18	140	200	9	3	6	361	9	239	75	13	9	37	15	8	20	5	12	10	3	4	200	311	12	127	13	58
ENSG00000004848.6	718	3	194	411	49	22	539	102	38	444	152	46	4	955	26	16	108	1306	521	336	871	15	477	874	15	35	34	122	731	72
ENSG00000004864.12	1688	2656	4708	2754	3659	1065	2050	2896	2376	4411	4483	2914	3126	4642	3530	2771	3818	4564	1989	1413	3049	2015	1379	2759	3649	5868	3178	4174	4680	4874
ENSG00000004866.17	874	757	1082	1320	1068	900	1250	1039	824	910	999	658	779	979	883	999	853	1330	895	417	2129	717	505	1293	984	1003	470	926	2335	1453
ENSG00000004897.10	2802	2720	3168	3912	2920	1343	1769	2479	3604	2858	4085	3920	1957	2769	2412	3048	2973	3770	2369	1960	3673	2207	1467	2736	3744	2724	3534	2826	4391	5199
ENSG00000004939.12	21	10	7	80	36	124	31	8	8	10	6	24	10	35	34	16	19	94	139	19	51	5	20	19	28	30	8	113	25	91
ENSG00000004948.12	5	4	89	15	9	1	72	117	11	16	235	12	2	49	7	4	43	24	41	33	20	25	25	8	2	24	212	1	12	34
ENSG00000004961.13	831	1629	832	1749	1099	324	1718	1310	656	1115	1633	1070	369	2742	2479	739	1411	3871	1614	926	2694	766	1843	1783	950	1175	1822	802	3331	1153
ENSG00000004975.10	2019	3571	3660	4025	2183	1391	2876	2827	3621	3343	3884	3374	2549	3819	4141	2860	2249	7269	3219	2904	5401	2437	2605	4924	1966	1806	4452	2863	4265	2682
ENSG00000005001.8	29	54	236	104	20	81	107	288	4	19	106	7	10	145	552	25	38	134	163	118	64	343	78	29	54	7	249	94	63	19
ENSG00000005007.11	6484	7865	7994	11360	9658	4132	5973	6378	6669	6406	9910	8781	5925	8038	7518	8454	7743	12871	7218	4830	14619	4154	4568	9267	7833	11086	7119	6401	15825	11287
ENSG00000005020.11	2126	1415	882	664	1533	184	276	1342	169	732	955	1824	1417	515	795	1503	729	345	269	283	515	749	150	333	3695	1024	728	1977	573	1751
ENSG00000005022.5	9070	16615	7610	14076	12839	1608	25641	13326	5670	14646	15028	13150	5554	23049	15431	11440	9646	35544	19225	10234	28477	9167	18138	20197	5553	11204	20900	10398	25579	18434
ENSG00000005059.14	1440	729	495	981	536	396	1233	490	562	804	530	1043	127	1064	658	261	416	1222	886	652	1418	371	775	700	302	389	529	350	849	829
ENSG00000005073.5	4	125	265	353	4	0	1	464	1	0	1542	0	7	34	269	1	359	14	125	139	14	463	118	50	2	0	453	0	48	0
ENSG00000005075.14	2174	2169	1587	1769	2169	2652	4775	1582	1144	1834	1602	3562	1368	2112	3919	1563	1169	2836	1834	1129	3991	909	2943	1785	2060	1816	972	1673	2055	3064
ENSG00000005100.11	3072	7588	3038	3742	5600	3103	2616	1791	2296	4965	2327	5667	5301	5043	1877	5197	2080	6083	2592	1726	3962	1123	2353	3422	4983	4540	5780	7350	4776	5113
ENSG00000005102.11	588	261	71	172	460	117	382	320	632	462	346	206	58	265	34	69	470	82	302	65	316	293	64	40	74	92	487	267	115	306
ENSG00000005108.14	182	46	862	325	57	9	51	404	2154	102	835	40	73	103	64	67	654	135	71	51	97	613	28	25	63	57	451	50	175	90
ENSG00000005156.10	1509	1478	3339	5118	2301	942	2983	1964	2546	2076	4075	1561	2441	5058	4206	4174	2812	6681	3403	2712	6816	1570	2497	4252	3859	1937	3652	2801	7489	4009
ENSG00000005175.8	1584	1449	2221	2732	1553	803	1429	1597	1636	1840	2003	1818	1261	2961	2562	1846	1797	2960	1776	1356	2823	1220	1415	1824	1733	1637	2143	1243	2909	2400
ENSG00000005187.10	559	105	544	113	247	202	274	812	113	1884	325	95	70	126	124	81	377	19	57	67	1034	680	31	14	102	55	99	246	73	241
ENSG00000005189.18	341	532	371	354	729	175	225	466	218	448	542	629	542	233	306	383	113	272	306	158	2226	461	184	195	597	601	396	640	444	479
ENSG00000005194.13	1888	2589	2459	4855	3383	1314	3620	2781	3113	2370	3948	3569	1832	4577	5895	3150	2123	5104	3622	2299	5901	1444	3927	3095	2663	2600	3531	3256	5183	3814
ENSG00000005206.15	1622	1438	2477	2516	1880	4042	2150	3740	3286	2456	3437	2441	1253	1943	2791	1371	1790	1621	1594	1112	2538	2111	1656	1279	1652	1690	1840	2049	2989	3131
ENSG00000005238.18	2655	2896	626	2396	2792	3078	2915	687	1212	2531	1203	5505	3463	1599	962	1483	1326	2291	2050	873	3263	917	1429	1799	7338	4648	682	5077	1882	5210
ENSG00000005243.8	360	240	576	642	80	114	354	827	332	364	887	141	43	135	122	49	574	52	452	173	432	595	94	692	53	89	410	151	170	122
ENSG00000005249.11	2084	1783	1996	915	2165	656	1142	1198	751	2208	2054	2554	1086	3412	1894	1898	534	2111	616	651	1992	2068	1974	1386	1695	2484	1671	1338	2271	2629
ENSG00000005302.16	2398	1669	929	1688	2086	965	1895	1542	1412	1923	2187	1494	784	2660	1849	1401	1755	2547	1717	1126	1521	1564	1159	1638	3046	1742	1601	2668	3200	1855
ENSG00000005339.11	6180	4135	7700	7872	6810	4220	2076	6173	8893	6127	10034	6340	8410	5589	4942	8279	4682	8166	3009	2432	5016	6369	2296	4104	8498	9432	6540	8296	10348	9664
ENSG00000005379.14	884	419	794	493	579	202	281	890	3691	370	676	407	132	272	397	266	280	234	216	264	251	404	91	73	281	188	205	710	227	557
ENSG00000005381.7	79	22	7	28	108	23	25	24	3	42	24	40	77	30	17	324	18	13	12	4	35	5	11	6	164	28	12	95	22	145
ENSG00000005421.7	7	23	26	1	2	14	3	8	4	20	5	44	5	3	2	5	12	7	4	2	7	10	16	0	49	112	10	9	4	96
ENSG00000005436.12	1213	1026	526	903	1911	1085	759	827	2165	1339	1377	1331	925	727	991	1343	811	1023	713	531	1190	768	657	693	2041	1866	916	1619	997	1847
ENSG00000005448.15	1012	1396	1419	1409	1604	1235	1691	1180	2208	1508	1218	1424	677	1136	2102	1476	471	1208	1533	887	1353	773	988	835	1536	844	2338	1766	1852	2124
ENSG00000005469.10	530	380	1942	333	360	383	217	1761	1569	407	1064	376	219	347	406	293	537	277	245	166	351	1124	147	311	400	246	521	553	355	649
ENSG00000005471.14	112	62	221	41	136	67	58	62	30	43	199	159	31	82	84	67	37	97	74	58	71	79	65	47	32	40	141	46	92	117
ENSG00000005483.18	4470	1967	4841	1811	2587	954	509	3502	5001	2278	3808	2347	2755	1605	1781	1824	2805	1701	667	879	1420	2856	465	1874	3710	2462	2451	3384	1697	4176
