TCGA.4K.AA1H.01A	TCGA.2G.AAFG.05A	TCGA.2G.AAFZ.01A	TCGA.YU.A90Y.01A	TCGA.XE.A8H4.01A	TCGA.ZM.AA06.01A	TCGA.2G.AAFM.01A	TCGA.2G.AAGG.01A	TCGA.YU.A94D.01A	TCGA.XE.AAOD.01A	TCGA.W4.A7U3.01A	TCGA.VF.A8A9.01A	TCGA.YU.A90Q.01A	TCGA.2G.AAG0.01A	TCGA.2G.AALP.01A	TCGA.YU.A912.01A	TCGA.YU.AA61.01A	TCGA.W4.A7U4.01A	TCGA.2G.AAGF.01A	TCGA.2G.AAKG.01A	TCGA.2G.AAG8.01A	TCGA.2G.AALW.01A	TCGA.2G.AAFN.01A	TCGA.2G.AAKM.01A	TCGA.2G.AAHT.01A	TCGA.YU.A90W.01A	TCGA.2G.AAGS.01A	TCGA.WZ.A7V4.01A	TCGA.YU.A90P.01A	TCGA.2G.AAGI.05A
LINC01587	5	0	2	3	2	0	7	0	9	1	0	1	0	1	2	0	0	2	0	2	11	2	1	0	1	1	1	6	0	3
AC000111.6	0	0	3	0	0	0	0	2	0	0	4	0	0	0	0	0	0	0	1	0	0	4	0	0	0	0	1	0	0	0
XXbac-B461K10.4	1	3	10	8	13	2	0	11	20	2	5	14	4	3	3	5	13	2	0	1	2	4	1	4	8	17	11	11	9	21
IGF2-AS	9	2	144	12	0	0	15	80	145	2	22	0	1	8	92	2	2	6	54	13	6	412	10	30	0	1	9	4	4	4
TPTEP1	1403	7757	642	1898	5851	1698	2038	347	167	6808	430	9846	4157	2198	583	4681	2221	3024	1264	1159	4462	353	446	2033	2923	12324	1172	3512	958	10737
RP11-153K16.2	0	0	0	0	0	0	0	1	1	0	1	0	0	0	0	5	1	0	0	0	0	2	0	0	0	2	3	0	2	1
DLEU2L	10	3	22	2	16	0	1	10	20	10	19	11	5	7	4	19	8	8	0	5	5	20	0	3	10	14	15	23	3	24
RP11-268J15.5	561	1276	150	566	1202	3686	587	767	520	1668	194	1062	665	652	580	1386	188	970	543	310	1663	280	236	833	559	577	252	1232	1068	1951
PINK1-AS	169	119	281	306	143	118	113	193	453	151	350	149	82	217	205	138	174	208	306	135	260	224	96	103	140	139	152	189	396	200
C10orf95	44	248	26	226	157	57	402	27	14	190	47	345	82	133	61	26	43	694	218	124	318	26	85	187	94	209	38	68	215	209
SPG20-AS1	3	3	12	4	4	3	7	13	18	1	13	0	2	10	7	2	18	3	2	3	12	8	6	7	2	3	6	4	1	1
LINC00544	3	2	0	0	1	0	2	0	0	1	0	2	0	0	0	1	3	2	0	0	2	0	0	0	2	0	0	1	0	3
KIAA0087	2	2	5	4	0	0	1	5	14	1	0	3	1	1	0	0	1	1	0	0	2	4	0	0	1	3	2	1	0	5
AC105760.3	1	0	1	0	5	3	0	1	1	3	1	0	6	0	1	2	0	0	0	0	1	0	0	0	0	4	0	2	0	1
DKFZP434K028	2	0	2	0	0	0	0	4	2	1	3	0	0	1	1	1	0	1	0	0	8	6	0	1	0	1	0	0	2	0
LINC00029	0	0	1	8	0	0	8	0	2	0	1	0	1	16	2	0	0	30	2	11	20	0	5	4	0	0	3	0	4	0
FAM182A	25	12	4	5	134	92	10	3	26	15	1	29	59	11	3	49	7	12	1	13	24	7	19	8	24	98	4	79	4	132
C20orf187	0	0	0	0	0	0	0	0	0	0	0	0	0	0	0	0	0	0	0	0	1	0	0	0	0	0	0	0	0	0
MMP24-AS1	1657	1411	960	1070	1988	1547	1578	2077	934	1192	1568	1875	1189	843	1417	1504	836	1395	1326	1135	1454	692	581	1136	3525	2594	821	1912	1174	2018
C22orf24	18	7	40	36	34	8	7	15	16	5	33	14	9	9	12	9	12	22	3	8	18	15	4	11	17	48	9	40	21	20
TTTY1B	0	0	0	0	0	0	0	0	0	0	0	0	0	0	0	0	0	0	0	0	0	0	0	0	0	0	0	0	0	0
TTTY1	0	0	0	0	0	0	0	0	0	0	0	0	0	0	0	0	0	0	0	0	0	0	0	0	0	0	0	0	0	0
H19	995	1644	14771	44807	368	856	1949	17924	55365	2205	53917	556	271	1257	5107	601	39501	1345	73985	21117	3123	14670	13368	8040	1051	433	43267	636	1171	1043
TTTY9B	0	0	0	0	0	0	0	0	0	0	0	0	0	0	0	0	0	0	0	0	0	0	0	0	0	0	0	0	0	0
RP11-798G7.5	1	0	0	0	0	2	0	2	0	0	3	0	0	1	1	1	0	1	0	1	2	1	0	0	0	1	0	1	0	2
TTTY6	0	0	0	0	0	0	0	0	0	0	0	0	0	0	0	0	0	0	0	0	0	0	0	0	0	0	0	0	0	0
TTTY6B	0	0	0	0	0	0	0	0	0	0	0	0	0	0	0	0	0	0	0	0	0	0	0	0	0	0	0	0	0	0
LINC00470	48	94	138	106	71	114	74	60	19	54	455	72	137	90	49	89	227	47	96	58	83	331	114	29	100	97	13	48	204	322
LINC01260	107	57	3	15	49	35	53	12	14	42	23	42	8	22	1	17	12	10	6	13	13	5	16	6	18	9	2	43	25	11
C7orf69	0	1	0	3	1	3	1	0	0	0	1	1	0	1	1	3	0	0	1	0	1	0	0	1	0	5	0	0	0	2
RP11-84C10.2	1	2	2	2	0	0	3	1	0	0	2	0	0	0	1	0	1	0	1	2	0	1	0	1	0	0	3	1	1	0
RP11-809H16.2	0	0	0	0	0	0	0	0	0	0	0	0	0	0	0	0	0	0	0	0	0	0	0	0	0	0	0	0	0	0
ERVK3-1	549	697	466	621	857	255	381	453	794	605	751	718	342	442	339	555	888	435	436	236	651	441	279	366	530	753	364	583	663	908
AC062028.1	19	24	7	5	66	28	10	4	2	57	3	33	36	10	13	36	7	16	5	3	7	6	7	7	49	27	4	52	8	41
LINC01558	19	34	2	19	3	0	3	39	11	24	23	4	36	4	4	20	17	6	3	5	13	8	1	4	18	2	2	16	0	4
LINC00525	2	14	11	5	15	14	1	15	0	2	1	7	8	4	3	5	6	5	2	0	11	7	1	0	2	24	0	12	4	37
TTTY7	0	0	0	0	0	0	0	0	0	0	0	0	0	0	0	0	0	0	0	0	0	0	0	0	0	0	0	2	0	0
TTTY7B	0	0	0	0	0	0	0	0	0	0	0	0	0	0	0	0	0	0	0	0	0	0	0	0	0	0	0	0	0	0
C20orf78	0	0	2	0	5	0	0	1	1	0	1	0	0	0	0	0	1	0	0	0	12	0	0	0	0	0	0	0	0	1
LINC00266-1	0	0	2	2	1	0	0	0	2	3	1	0	0	2	0	0	0	2	0	0	0	0	1	1	0	3	0	1	1	1
RP11-96C23.13	5	0	3	1	4	17	3	2	11	8	1	1	2	2	3	0	2	1	5	0	2	4	0	0	5	5	1	0	1	1
PART1	1	1	42	4	1	1	1	17	6	2	34	2	0	2	3	1	16	1	16	6	0	24	2	0	1	0	7	1	2	1
LINC00467	636	572	707	1145	676	479	4373	919	329	675	620	580	509	3368	3076	376	312	3508	1934	1448	3833	276	2879	1449	1346	813	655	782	2733	741
RP11-66N24.4	32	59	11	49	41	75	73	28	63	36	30	39	14	46	53	47	29	27	41	27	56	18	25	23	19	19	30	33	45	96
C1orf147	31	12	9	10	23	1	5	19	6	13	14	16	0	4	2	10	6	7	5	1	4	8	3	4	14	4	7	24	7	28
AC007364.1	0	0	0	0	0	0	0	1	0	0	0	0	0	0	2	0	0	0	1	1	1	0	1	0	0	0	0	0	1	0
C2orf48	39	25	108	86	68	97	27	192	89	32	89	49	14	81	90	19	17	48	46	42	55	123	31	47	7	11	46	32	112	30
LINC01116	285	39	22	69	73	35	188	122	32	140	89	61	28	56	9	18	84	38	48	29	235	56	53	43	27	41	50	52	67	72
SNHG16	1057	2807	1014	2307	2133	242	996	693	2298	4443	1170	1429	2920	1500	1601	2475	1391	2323	2159	1056	3188	1025	689	2116	3774	2108	1684	1987	2049	4628
IGF2BP2-AS1	3	2	3	14	4	3	7	4	6	1	1	3	1	5	9	0	3	6	7	3	15	6	5	6	0	11	3	4	15	1
SMAD5-AS1	3	0	4	3	7	1	5	2	4	1	2	3	1	2	4	5	1	4	0	1	3	4	6	2	5	2	1	1	2	4
C10orf25	99	86	231	82	119	145	43	89	493	58	239	53	209	31	75	120	117	49	70	52	81	119	23	32	261	228	69	109	40	191
ZNF667-AS1	431	856	799	513	553	276	647	575	1241	732	793	1148	520	521	680	478	646	531	765	377	462	353	226	447	531	950	350	453	434	843
MIR202HG	261	18	2	2	168	4	244	3	1	763	0	35	8	41	6	7	0	2	13	0	2187	1	9	6	4	9	7	185	8	88
RP11-93B14.6	7	1	6	3	4	1	1	6	0	2	0	11	0	1	2	3	0	2	0	4	2	0	3	1	1	3	0	6	4	2
LINC00483	10	5	71	11	0	33	1	626	0	10	3	3	27	1	1	26	14	1	1	0	8	154	2	0	51	2	4	16	2	31
AC104389.28	271	12	101	79	197	30	9	12	0	10	89	99	186	55	18	62	141	1	5	20	18	79	13	16	8	245	6	95	3	1252
LINC00905	0	1	1	0	0	0	0	0	0	1	0	0	0	0	0	1	0	0	0	0	31	0	0	0	0	0	0	0	0	0
RP11-25K19.1	224	206	269	67	123	56	56	110	237	102	203	253	80	37	37	112	34	98	51	58	76	75	86	36	151	106	117	155	48	230
LINC00917	4	0	1	10	7	1	3	4	0	8	7	0	0	4	24	8	1	16	4	9	154	1	3	0	0	1	2	3	2	0
RP11-262H14.4	29	15	38	27	19	2	18	21	85	26	56	31	11	18	10	9	23	24	10	9	32	53	21	8	21	31	12	40	6	37
LINC00266-3	0	0	0	0	0	0	0	0	0	0	0	0	0	0	0	1	0	0	0	0	0	0	0	0	0	0	0	0	0	1
AC093323.3	798	807	661	669	689	423	944	793	1133	792	572	741	432	649	682	317	428	887	369	466	920	641	674	565	600	622	619	618	698	1008
TPT1-AS1	448	384	437	323	503	869	223	674	1113	491	460	385	343	155	222	400	317	124	246	147	413	587	141	140	332	279	278	716	242	559
LINC00208	0	0	0	0	0	0	0	0	0	0	1	0	0	0	0	0	0	0	0	0	0	0	0	0	0	0	0	0	0	0
SHANK2-AS3	0	0	0	0	0	0	0	0	0	0	0	0	0	0	1	0	0	0	0	0	0	0	1	0	0	0	0	0	1	3
MIR31HG	2	1	15	8	1	1	41	2	32	1	12	1	1	22	0	0	8	14	55	3	14	5	52	4	1	1	0	0	53	0
SERHL	28	30	49	33	32	26	51	15	58	48	84	39	10	41	36	22	50	46	52	12	60	38	52	45	50	28	13	34	24	56
MIR4435-1HG	674	340	407	1275	404	400	1868	368	551	467	723	402	130	721	1206	242	677	646	1886	716	2340	539	865	1160	235	121	772	273	561	326
CMB9-22P13.1	44	34	52	40	33	44	26	40	201	43	95	48	6	29	35	15	16	30	38	31	21	53	16	36	13	19	10	24	29	44
CCDC13-AS1	12	7	10	4	8	4	5	4	11	7	5	3	5	3	3	1	4	2	1	10	5	7	2	2	3	2	2	6	3	8
RP11-89N17.1	1	2	8	6	11	0	0	4	2	3	9	7	0	1	2	2	2	1	2	2	3	5	0	1	1	10	1	13	1	8
RP11-97O12.7	8	7	7	24	4	8	6	21	20	3	9	1	11	12	0	5	5	12	4	1	5	14	4	3	3	3	5	6	6	13
RP11-23P13.6	207	65	3	16	47	46	42	18	18	127	40	73	4	9	18	16	12	13	4	6	8	11	7	6	13	32	3	86	25	65
SNHG11	361	679	600	715	588	609	701	607	530	672	665	644	330	391	760	474	411	443	442	409	1041	455	249	580	522	576	398	480	666	663
C20orf166-AS1	3	8	42	38	2	0	1324	132	198	7	90	0	0	703	477	0	4	43	334	41	5	65	1340	10	0	0	856	2	76	3
MIR1-1HG	0	0	1	0	1	0	42	6	10	0	1	0	0	27	7	0	0	2	8	0	1	4	20	1	0	0	42	0	7	0
GRIK1-AS1	3	2	2	1	1	6	0	4	1	5	3	3	0	2	1	3	3	0	3	0	0	0	0	0	1	5	0	2	2	1
LRRC75A-AS1	7950	18170	23256	20351	8492	1491	14871	13017	23405	14757	13103	14209	6103	13093	14265	4095	12385	22851	18855	11203	31420	10283	12772	14449	5003	8174	17346	7003	12979	11113
TMEM51-AS1	213	996	174	266	708	1475	541	327	40	457	118	268	939	808	716	981	119	2518	250	159	265	186	352	162	424	929	80	1493	514	1570
RP11-276H1.3	1	2	0	3	8	0	0	0	3	6	0	8	6	0	4	9	0	1	1	0	3	2	0	2	8	3	0	9	1	5
LINC00476	133	139	104	98	151	60	83	98	177	108	150	151	51	81	92	53	121	85	37	29	117	153	68	32	58	156	68	141	47	106
LINC00521	8	1	0	0	0	0	0	2	0	2	5	0	0	0	3	1	0	1	0	1	18	4	0	0	0	0	0	1	3	2
C15orf54	1	0	4	5	0	0	0	4	5	4	2	2	2	5	3	0	13	3	2	3	1	4	2	5	1	1	6	0	1	2
LINC01106	9	3	18	5	35	54	11	128	0	3	15	8	2	4	7	3	8	9	6	10	7	30	6	5	0	21	2	4	5	4
RP11-121M22.1	67	29	8	17	37	55	6	51	11	13	10	12	51	4	9	30	3	8	1	2	33	10	4	1	47	15	2	84	7	87
RP11-544L8__B.4	5	1	3	13	5	0	0	9	52	2	7	4	1	0	1	0	3	1	1	0	1	12	0	2	0	1	11	0	2	1
LINC00302	0	0	0	0	0	0	0	0	0	0	0	0	0	0	0	0	0	0	0	0	0	0	0	0	0	0	0	0	0	0
C10orf111	8	42	27	22	35	5	30	12	38	41	22	52	34	11	21	30	14	25	25	16	29	4	9	14	32	53	16	32	34	33
RP11-404O13.5	6	3	0	5	5	0	4	0	1	1	0	2	0	3	5	1	3	2	2	2	8	6	1	1	1	1	0	2	2	0
AC110781.3	0	4	0	3	4	1	0	1	2	4	1	3	4	3	6	3	0	2	0	2	3	1	1	1	5	19	2	4	4	5
RP5-856G1.2	0	0	3	0	0	0	0	2	0	0	3	0	0	0	0	0	2	0	0	0	2	1	0	0	0	0	0	0	0	1
CTD-2368P22.1	162	220	307	159	370	69	103	261	613	253	361	216	210	179	156	194	227	113	129	89	142	326	100	100	201	394	158	282	213	347
C20orf197	22	20	23	7	22	3	4	13	25	6	90	3	0	5	2	2	10	5	3	4	11	13	2	2	10	3	7	17	16	3
TTTY14	108	74	1	190	76	194	226	123	38	25	58	976	43	144	196	178	31	225	137	182	234	6	109	71	256	75	89	220	258	50
C15orf56	43	18	49	13	41	16	8	14	2	37	7	162	24	7	14	50	11	28	3	5	49	14	9	9	439	69	7	103	18	30
LINC00303	15	6	0	2	11	5	1	3	3	2	2	2	7	1	2	5	14	4	8	12	8	0	3	0	23	7	3	29	0	15
MIR7-3HG	1	0	27	10	1	3	4	22	3	0	0	1	1	3	18	1	0	1	20	2	18	0	97	4	2	0	209	0	14	0
RP11-334J6.7	0	0	0	0	0	0	0	0	0	0	0	0	0	0	0	0	0	0	0	0	0	0	0	0	0	0	0	0	0	0
TYMSOS	44	165	89	46	40	22	52	108	50	116	211	227	19	48	166	58	49	62	41	36	95	67	49	42	57	95	28	111	67	58
