TCGA.EL.A3GQ.01A	TCGA.MK.A4N9.01A	TCGA.EL.A4JW.01A	TCGA.BJ.A45G.01A	TCGA.KS.A4I5.01A	TCGA.ET.A4KN.01A	TCGA.DJ.A2PZ.01A	TCGA.J8.A3YD.01A	TCGA.FE.A235.01A	TCGA.EL.A3H8.01A	TCGA.EL.A4K1.01A	TCGA.EM.A3FO.01A	TCGA.EM.A2P3.01A	TCGA.EL.A3H5.01A	TCGA.FY.A3TY.01A	TCGA.BJ.A28S.01A	TCGA.EL.A3T2.11A	TCGA.EM.A3O7.01A	TCGA.EL.A4JX.01A	TCGA.DJ.A4UT.01A	TCGA.EM.A1CV.11A	TCGA.E8.A2JQ.01A	TCGA.ET.A39I.01A	TCGA.EM.A3OA.01A	TCGA.BJ.A28X.11A	TCGA.FY.A76V.01A	TCGA.DJ.A3VL.01A	TCGA.ET.A39S.01A	TCGA.EL.A4JV.01A	TCGA.H2.A421.01A
ENSG00000000003.13	4531	4200	2764	2908	3763	573	2880	3599	5634	3900	2237	6350	4632	2061	2862	2446	4567	6307	1605	1826	4423	2799	3801	3940	2925	2349	1841	5184	2524	4436
ENSG00000000005.5	16	2	1	3	0	0	5	4	1	4	1	0	4	28	12	4	12	7	7	5	2	0	1	0	3	11	5	1	0	0
ENSG00000000419.11	1771	1493	1900	2248	1306	312	1674	2163	2274	1585	1444	1895	1653	1312	1525	1320	2173	1999	972	1278	1666	1392	1974	5867	1908	1200	1692	2019	1467	2200
ENSG00000000457.12	1839	959	695	1279	533	140	922	1174	396	1188	602	891	1299	690	722	1008	1903	1478	601	680	1374	697	1337	1532	1633	667	775	992	997	1104
ENSG00000000460.15	361	207	263	207	203	6	199	259	152	238	133	182	321	156	231	144	294	267	231	214	183	286	128	243	345	171	103	185	154	262
ENSG00000000938.11	864	420	614	423	212	120	597	384	566	262	869	317	394	474	831	165	212	473	944	877	89	901	137	452	2341	542	619	531	326	1199
ENSG00000000971.14	13415	3902	13290	3090	5712	3385	5159	4607	5940	8318	4419	8866	11249	9552	15857	278	10353	1084	9150	9280	2382	9907	615	719	13220	1586	2548	8680	631	8581
ENSG00000001036.12	3179	3200	3445	4427	2829	1520	3389	3708	4033	3492	2468	5304	3855	2679	3043	2828	3302	3715	2614	2845	3276	3604	4938	8117	2920	3523	3847	4025	3230	4714
ENSG00000001084.9	2247	2297	2864	3325	1485	387	2259	2582	1038	1671	1670	1839	1978	1193	1728	1394	5231	2227	1192	1606	4263	1185	4456	4143	2670	1882	1724	2178	3607	2396
ENSG00000001167.13	3355	1834	2825	2234	1804	354	1611	2236	1932	2578	1184	3096	2687	1103	1759	1756	4154	2533	1256	1952	2621	1582	2187	3376	3629	1517	976	2123	1932	2197
ENSG00000001460.16	905	903	997	1068	955	268	636	1096	895	771	671	1366	923	467	585	871	774	1221	427	770	963	515	1218	1453	736	887	974	1193	1146	1023
ENSG00000001461.15	10799	8397	9044	9053	7600	1631	8125	9677	9276	11101	5363	10572	11587	3661	3967	8535	7535	9763	3444	6517	7478	5316	15536	10950	6615	8318	5760	11109	10286	8993
ENSG00000001497.15	2899	2722	2285	2900	2224	2003	2278	2689	3173	2232	2469	2700	3079	1237	1964	2435	3396	3495	1359	2020	2293	1739	2836	4617	3595	1948	2284	3258	2365	3485
ENSG00000001561.6	1984	1259	1458	2066	694	108	2115	1847	1051	2072	1061	1637	1610	766	1174	1669	2450	1607	685	1184	2349	875	2914	2849	1926	2128	1596	1515	1222	1327
ENSG00000001617.10	7371	6925	7974	4699	8015	1987	3076	4639	11165	6114	4516	12797	5058	3504	2567	5087	2094	11602	1354	5354	2239	3524	7508	7514	2553	6502	3410	6689	4298	5685
ENSG00000001626.13	106	49	21	19	11	19	58	53	20	122	61	25	53	29	132	4	65	131	132	13	29	38	2	19	29	9	2	31	18	73
ENSG00000001629.8	2626	1910	3450	2736	1639	243	2268	3384	1502	2734	1737	2817	2772	1748	2458	2735	4396	2870	1833	2444	4344	2495	3743	6650	4661	2176	1484	2046	2535	3036
ENSG00000001630.14	155	162	387	281	99	75	257	212	186	332	91	44	379	68	148	124	346	323	92	174	406	71	457	536	193	226	90	286	239	164
ENSG00000001631.13	2449	2198	1848	3115	1242	54	1719	3092	1151	2658	1174	1921	2401	1225	1796	2722	3691	2897	1072	1761	2929	969	3268	6559	3590	2011	1945	2045	2543	2746
ENSG00000002016.15	1380	1052	504	736	545	58	332	972	1839	624	465	1217	631	347	510	606	988	1110	343	501	674	376	643	1070	1033	666	321	685	632	1028
ENSG00000002330.12	927	1937	2774	3626	2734	4615	2143	3037	4578	1391	2585	2499	2211	872	1222	3218	2348	2950	1243	2288	3043	1953	4055	10342	1691	1885	3759	2913	3280	3285
ENSG00000002549.11	4664	2671	6019	3157	5668	2577	3737	4192	4425	3811	2355	1543	4841	3257	4749	2736	4071	5226	7967	5377	3485	11283	4617	9674	9027	2792	3232	4632	3047	8303
ENSG00000002586.16	3692	3063	5501	5616	3846	4598	4982	4604	6310	2916	5329	10407	5518	9324	6600	5115	6152	2147	3627	7809	4516	5278	3978	10249	6829	6927	8528	4435	3998	7431
ENSG00000002587.8	248	149	971	226	235	122	183	129	131	264	534	588	340	371	208	76	90	62	295	305	73	287	36	121	402	117	245	249	85	364
ENSG00000002726.18	24	95	15	200	23	75	43	40	1395	43	78	277	149	95	439	118	25	8	440	91	3	143	50	5	243	708	183	72	688	66
ENSG00000002745.11	5	11	7	1	3	4	10	4	4	11	11	158	9	27	11	4	1	4	73	7	1	8	1	2	54	2	6	2	6	37
ENSG00000002746.13	27	3	37	38	4	11	21	66	7	15	2	2	63	11	129	4	109	6	3	14	58	17	28	2	169	35	2	39	7	12
ENSG00000002822.14	1139	1463	2038	1786	2055	3093	2096	1513	3076	1315	1870	3348	2257	1071	1166	1757	1352	1533	1548	1951	1447	2038	1781	2208	2103	1135	1757	1906	1579	2783
ENSG00000002834.16	15417	15611	16430	9054	15452	2668	9623	10348	16110	15795	11168	19518	15944	10398	10063	10395	8579	20144	8267	13346	8192	11779	12064	11955	14848	11128	8182	15889	9134	17072
ENSG00000002919.13	1649	1096	1402	2379	1079	1063	1604	2335	2385	1472	1073	956	1973	632	1266	1912	2620	2258	770	1100	2805	1425	3164	5367	2550	1173	1860	2132	2248	1826
ENSG00000002933.6	981	636	923	309	840	1883	243	524	2038	319	875	1221	394	638	2178	162	148	362	2304	1758	161	3437	59	121	2098	500	864	578	477	2370
ENSG00000003056.6	6911	3488	5118	5720	2065	164	5973	5698	3735	6495	1745	1850	6582	2251	3985	4220	7252	7295	3003	3127	5498	3413	7333	10079	7389	3573	1950	6190	4318	5011
ENSG00000003096.12	81	28	807	34	98	6	48	70	48	158	41	379	94	267	171	24	142	23	238	188	46	148	18	27	119	35	14	107	15	161
ENSG00000003137.7	610	165	455	568	243	0	92	358	468	197	39	618	97	145	189	278	916	77	48	426	1089	200	854	23	1123	1286	1123	820	366	426
ENSG00000003147.16	1109	1044	1507	1760	1068	440	799	1324	1091	1092	764	1550	1010	1023	951	883	942	1117	709	977	927	960	1632	4480	1150	794	976	1232	1112	1463
ENSG00000003249.12	813	1140	1017	1099	1095	674	900	874	1299	721	1620	1327	1177	544	634	1472	792	1160	624	1278	889	1049	1169	563	726	831	988	980	1065	1419
ENSG00000003393.13	2034	1136	1676	1440	887	163	1096	1514	710	1384	819	996	1608	757	1311	1135	2119	1709	796	1155	1560	948	1484	2822	1745	1011	689	1152	1259	1472
ENSG00000003400.13	2142	1274	1086	1436	1614	609	886	1059	1294	1062	869	1306	1066	1017	917	1047	918	873	1450	1496	630	1594	1728	1671	2152	1598	1397	1376	1306	2053
ENSG00000003402.18	16760	18309	10114	7379	10739	7723	6003	11721	14289	12339	7732	11715	10108	5962	7332	5800	22384	9797	8695	11281	13513	9854	8098	12263	16999	10113	7806	9554	6244	15144
ENSG00000003436.13	1883	384	573	523	439	98	330	731	591	457	483	116	460	1323	1968	496	1239	398	244	992	1079	587	367	619	2533	715	617	836	423	419
ENSG00000003509.14	919	962	608	749	620	161	508	757	671	664	580	1230	707	524	563	613	746	822	414	575	461	643	621	1522	864	501	677	736	642	1079
ENSG00000003756.15	9238	8798	5689	7921	4799	1216	4133	8044	5638	5574	4468	9150	6433	2632	5743	7320	9857	9648	3656	6177	4681	4692	4549	9998	10562	6241	5345	5659	6224	10462
ENSG00000003987.12	357	552	350	465	336	25	329	624	348	657	204	791	448	187	233	149	137	314	128	434	117	423	965	719	213	643	231	292	395	520
ENSG00000003989.15	15424	10996	17469	7073	14628	536	8571	7664	6313	25070	4614	38149	16062	4560	4308	9770	5100	15841	2827	6085	1915	6576	33070	32298	3049	6560	2957	7392	6803	6334
ENSG00000004059.9	3593	6488	5955	6278	7588	4078	5186	6171	12831	4576	7296	10811	7029	4264	4552	5111	5239	7802	3208	5695	5353	5527	6043	13345	5594	3398	5732	6909	5190	8123
ENSG00000004139.12	669	611	474	717	399	23	490	650	450	489	257	319	584	278	398	551	984	582	221	382	812	310	752	981	996	449	332	550	584	652
ENSG00000004142.10	3924	3844	5725	6261	4323	3098	4794	6542	5714	4101	4689	4398	5086	2977	3478	5124	6126	5126	3058	3824	5636	4435	7083	16885	5297	3340	4873	4826	5262	6403
ENSG00000004399.11	12100	11542	12260	8388	11103	4828	7732	9710	14288	10089	9263	11940	12397	11257	9776	8270	4289	12759	5340	12085	2322	6311	10058	11813	7353	13970	5426	12208	10170	17405
ENSG00000004455.15	7013	6462	5407	10309	5537	2985	5689	8210	7281	5118	5845	6664	6792	4222	4964	8420	7956	8757	3323	4797	6850	5072	13385	15217	7692	5747	8721	6656	9748	7489
ENSG00000004468.11	93	17	139	108	35	266	28	230	127	55	32	93	32	138	146	24	88	203	1247	378	93	1391	125	302	2399	10	375	58	128	826
ENSG00000004478.7	6057	3835	6846	8364	4490	4613	6344	9255	7180	5974	4121	4999	5773	1857	4698	7210	7725	5667	2991	4315	9209	4300	10727	18078	7909	4225	6079	8165	7277	6053
ENSG00000004487.14	5412	4287	4158	4576	3590	1921	3824	5059	4786	4519	3145	5814	4888	2944	3558	4609	4985	5759	1895	3292	4149	3163	4650	8700	4735	3136	3659	4739	4265	5503
ENSG00000004534.13	8958	6389	3553	5496	4373	1783	2473	5619	4110	2969	3403	6466	4667	2480	5163	5701	5913	6703	3891	5667	3893	3759	3615	6935	9238	4904	5948	3743	6425	10725
ENSG00000004660.13	1429	2098	1465	1823	973	768	2014	2314	641	1329	1174	2109	2145	583	934	2818	1537	1997	579	1167	1218	620	3585	3091	1001	1794	954	1529	1451	1646
ENSG00000004700.14	2014	744	1419	897	367	12	916	1085	397	1259	508	382	1473	1190	1233	635	1426	1077	762	1065	1027	926	1204	1253	2158	887	390	944	764	1018
ENSG00000004766.14	1204	1019	1054	1472	764	127	1283	1557	732	1213	771	908	1540	715	1199	1180	1798	1531	623	1048	1523	933	1646	2837	2036	1049	953	1257	1118	1466
ENSG00000004776.10	437	117	411	697	187	80	134	395	318	90	538	87	229	599	963	145	869	170	22	346	446	175	156	62	629	81	538	642	111	86
ENSG00000004777.17	460	948	340	832	497	102	127	565	514	296	242	629	439	189	411	732	1737	802	332	635	437	427	212	662	1434	557	410	493	1090	1060
ENSG00000004779.8	1562	2131	2658	3204	1931	2433	2587	2534	3430	1839	2784	2943	2597	1156	1599	1583	1434	3693	1169	1826	1517	2749	2808	8315	1552	1833	3763	2390	2679	3637
ENSG00000004799.7	34964	116425	18234	56146	30319	349	1566	8938	54519	51637	1907	8181	3235	7282	7535	19887	29940	3700	795	2596	28381	1273	23777	37158	19040	13182	13502	48117	44583	7292
ENSG00000004809.12	0	5	2	0	0	0	4	2	0	0	4	4	5	1	11	0	0	1	0	2	1	2	0	0	8	12	3	6	0	3
ENSG00000004838.12	358	188	123	285	311	315	361	282	1097	259	223	211	469	111	239	329	357	560	123	131	512	151	361	748	180	199	148	258	328	413
ENSG00000004846.15	1	1	0	4	0	0	1	0	4	1	0	4	1	7	9	0	0	0	1	0	0	0	1	0	1	0	0	0	0	1
ENSG00000004848.6	9	1	493	2	3	1	58	54	8	2	3	187	9	1	43	0	0	0	114	335	8	62	4	44	13	108	9	4	3	26
ENSG00000004864.12	1466	1437	2137	2015	722	276	1376	1836	1102	1397	1070	1120	1617	948	1346	1459	1785	2160	775	1120	1618	932	2241	4211	1302	1601	1012	1349	1192	1523
ENSG00000004866.17	2324	1600	1875	3338	1390	461	1870	2954	972	1734	1693	1877	1959	1319	1518	2491	3778	2074	907	1319	2961	1131	3398	7495	2460	1701	1795	2674	2330	1808
ENSG00000004897.10	10140	4235	7677	6298	5706	1155	4592	7069	3306	6633	3445	4893	6033	3578	4854	3607	6881	6643	3079	4524	9024	4225	6727	8160	6384	3772	3197	5623	4044	5593
ENSG00000004939.12	3	0	2	10	1	9	0	4	3	5	12	0	0	6	10	6	3	1	2	7	5	5	0	6	12	2	1	12	1	3
ENSG00000004948.12	9	7	19	4	9	3	4	4	4	6	4	9	4	12	13	5	7	4	13	5	1	4	2	5	37	6	47	6	1	10
ENSG00000004961.13	928	743	1276	1140	760	281	886	1248	1003	767	681	1056	1040	647	839	622	1167	1080	499	709	924	830	1145	2874	1194	635	918	893	752	1193
ENSG00000004975.10	2609	2872	2845	2482	2258	626	2339	2463	2472	2450	1806	2212	2910	1285	1998	2494	3854	3738	1503	1838	2985	1900	2027	5523	2909	1703	1629	2766	2321	3591
ENSG00000005001.8	369	1040	1004	497	949	203	930	631	1700	914	931	1579	1002	296	498	289	491	1207	420	561	281	841	345	11	215	176	310	592	389	1941
ENSG00000005007.11	9624	11135	9419	11773	8607	3101	8363	10828	12522	10261	8373	12223	12112	3267	5217	8278	9791	15686	5179	8975	9818	6819	13798	14523	10496	8280	7002	11723	9424	12522
ENSG00000005020.11	1490	1117	1262	583	564	146	1612	756	865	1488	970	875	1696	1811	1345	351	1391	1773	871	1187	1520	1187	911	2259	2622	620	867	1024	476	1265
ENSG00000005022.5	4758	3278	14662	8442	2968	2458	7275	10300	7236	4720	4444	5428	5693	4664	6554	5221	8128	4417	4597	6103	7107	8796	9308	29913	9839	4557	6697	6531	6440	8215
ENSG00000005059.14	483	666	1399	221	1308	517	474	646	986	905	678	3294	828	1326	853	150	216	391	1057	1043	99	2158	171	608	1547	345	597	808	290	2046
ENSG00000005073.5	7	2	2	0	2	0	1	0	0	5	5	3	41	27	5	0	0	0	0	5	0	3	1	0	0	3	0	5	3	10
ENSG00000005075.14	675	1996	1658	2403	2243	3971	1565	1962	2796	1372	2822	3798	1929	1687	1396	1996	1952	2520	936	1700	1814	1627	1749	6053	1917	1058	3561	2087	2051	3106
ENSG00000005100.11	1347	852	1251	1180	604	517	861	1334	561	982	685	970	1075	602	829	838	1686	1175	530	705	1138	706	1198	2011	1573	734	595	942	1055	1244
ENSG00000005102.11	113	45	131	64	82	29	100	50	71	28	55	90	38	267	552	27	28	19	95	175	23	98	42	8	736	37	88	214	8	162
ENSG00000005108.14	708	156	391	317	193	102	548	328	182	503	391	83	435	770	383	2452	684	124	265	294	945	216	1308	325	851	1261	1199	305	822	803
ENSG00000005156.10	1879	1519	1594	1979	1075	273	1255	1608	1338	1842	1003	1112	1741	829	1202	1134	2167	1811	1035	1116	1891	878	2042	2152	1983	1494	906	1771	1378	1540
ENSG00000005175.8	2286	1520	1837	1648	1033	459	1530	1712	1155	1704	1087	1698	1801	1237	1326	1087	1725	2215	844	1099	1521	1233	1873	3842	2047	1160	1033	1582	1164	1760
ENSG00000005187.10	623	218	120	217	437	13	150	159	243	314	115	132	360	235	319	206	188	165	91	204	200	166	155	310	308	248	111	200	269	218
ENSG00000005189.18	188	103	100	117	96	43	143	107	208	108	94	115	196	105	144	102	131	161	70	117	88	219	103	186	163	124	88	126	137	181
ENSG00000005194.13	1605	996	2713	1666	1374	659	1297	2050	2200	1339	1026	1596	1717	760	1592	1451	1986	1869	881	1308	1646	1830	1674	6032	1915	1078	1165	1452	1515	1953
ENSG00000005206.15	1698	2727	1938	2808	2568	1792	1193	2735	1817	1316	1837	3122	1632	671	1313	2473	2229	3029	1427	2327	2246	1770	1722	3614	3107	2017	2492	1791	3023	3916
ENSG00000005238.18	1535	1233	1805	1461	1456	1538	1193	1397	1906	1337	1326	1631	1364	1243	1404	1090	1415	1672	946	1559	1337	1194	1750	2182	1434	1375	1289	1761	1240	2064
ENSG00000005243.8	454	281	994	1336	280	1240	601	1357	763	340	707	375	994	1048	1130	757	1403	413	195	529	1146	318	1486	6544	913	603	1382	811	1333	512
ENSG00000005249.11	376	263	335	165	170	47	272	348	196	249	199	220	378	659	628	84	452	239	296	342	401	557	167	461	885	129	382	253	147	382
ENSG00000005302.16	2086	1473	1486	1334	1351	382	1177	1281	2104	1442	1125	1556	1649	1069	1275	1173	1300	2003	1179	1474	1251	1814	1193	2467	3589	1128	1131	1202	1080	2081
ENSG00000005339.11	10627	6564	7452	7288	4787	864	5027	7060	4259	9183	3600	6390	8502	3668	5704	7497	12605	9302	3242	5559	9707	3865	8266	9131	12721	6005	4227	6591	7032	6943
ENSG00000005379.14	1628	1355	1125	2534	904	284	1210	2161	1758	1103	951	1063	2039	310	1440	3067	5926	2170	754	1002	2580	743	1362	2381	4675	852	891	1528	2008	3183
ENSG00000005381.7	12	0	5	5	0	0	8	8	4	2	5	2	6	15	27	5	7	28	4	10	9	5	0	0	10	4	1	4	2	6
ENSG00000005421.7	4	25	4	3	14	4	2	2	14	4	2	7	0	6	0	0	2	12	6	16	6	2	2	3	1	0	6	3	2	4
ENSG00000005436.12	1592	1183	1242	1653	918	298	1350	1366	836	990	1123	1254	1440	853	986	1423	1895	1511	594	928	1675	637	1903	2806	1563	1039	1684	1183	1410	1164
ENSG00000005448.15	633	1044	552	615	901	1658	671	731	2036	575	634	1417	936	378	586	597	710	1046	421	552	563	843	691	1555	809	472	579	996	536	1548
ENSG00000005469.10	1825	3357	3711	5341	3159	320	3278	5304	2294	3474	2205	5147	3800	1708	1722	2651	6912	4094	2273	2787	6969	1775	5514	9419	3491	2742	4539	4444	4070	3747
ENSG00000005471.14	57	42	62	50	51	17	51	52	76	41	44	46	91	172	93	28	58	83	26	78	24	48	61	86	447	49	50	40	64	54
ENSG00000005483.18	6306	5330	4426	5306	3695	438	4011	5612	2273	7511	3440	6026	7177	4061	4278	5551	8128	6792	2860	4912	5679	3003	6252	6575	9728	5293	3531	4659	5037	6507
