TCGA.EL.A3GQ.01A	TCGA.MK.A4N9.01A	TCGA.EL.A4JW.01A	TCGA.BJ.A45G.01A	TCGA.KS.A4I5.01A	TCGA.ET.A4KN.01A	TCGA.DJ.A2PZ.01A	TCGA.J8.A3YD.01A	TCGA.FE.A235.01A	TCGA.EL.A3H8.01A	TCGA.EL.A4K1.01A	TCGA.EM.A3FO.01A	TCGA.EM.A2P3.01A	TCGA.EL.A3H5.01A	TCGA.FY.A3TY.01A	TCGA.BJ.A28S.01A	TCGA.EL.A3T2.11A	TCGA.EM.A3O7.01A	TCGA.EL.A4JX.01A	TCGA.DJ.A4UT.01A	TCGA.EM.A1CV.11A	TCGA.E8.A2JQ.01A	TCGA.ET.A39I.01A	TCGA.EM.A3OA.01A	TCGA.BJ.A28X.11A	TCGA.FY.A76V.01A	TCGA.DJ.A3VL.01A	TCGA.ET.A39S.01A	TCGA.EL.A4JV.01A	TCGA.H2.A421.01A
LINC01587	4	2	2	4	1	0	0	6	0	3	0	3	0	0	2	5	1	0	1	0	4	0	2	1	5	5	0	2	8	1
AC000111.6	0	0	0	0	0	0	0	0	0	0	0	0	0	0	0	0	0	0	0	0	0	0	0	0	0	0	0	0	0	0
XXbac-B461K10.4	25	16	8	12	14	2	0	14	3	2	2	7	3	5	12	10	16	26	1	13	21	1	1	1	29	12	3	3	10	7
IGF2-AS	5	0	1	1	0	23	3	1	36	3	3	5	21	8	3	0	7	3	0	2	3	0	0	0	2	0	0	1	0	4
TPTEP1	2117	1896	2898	4210	1132	1079	1978	2132	2572	2325	2311	1263	2917	532	535	1917	1830	3238	1073	2374	2563	756	3843	3997	1820	361	1445	2897	2986	1868
RP11-153K16.2	0	1	0	0	0	0	0	0	0	1	0	0	0	0	0	0	0	0	0	0	0	0	0	0	0	0	0	0	0	0
DLEU2L	44	63	19	44	13	0	12	31	2	21	13	20	12	19	21	35	37	46	15	15	20	8	18	14	58	29	4	8	30	46
RP11-268J15.5	808	1788	223	605	1015	45	111	650	1430	612	264	2736	452	82	293	733	742	515	111	915	249	633	391	54	655	821	2640	722	976	1321
PINK1-AS	626	357	405	566	317	173	341	490	415	341	214	507	309	235	236	455	702	409	238	299	806	246	625	1036	631	369	257	466	520	414
C10orf95	68	259	476	322	214	49	247	92	66	278	40	776	230	17	89	270	51	176	231	424	195	304	162	304	128	98	333	283	328	454
SPG20-AS1	27	25	16	33	10	2	12	33	5	22	16	58	13	0	16	62	45	42	12	21	38	14	11	109	33	8	28	27	34	24
LINC00544	3	0	1	0	1	0	1	0	2	2	0	2	0	3	2	0	0	0	2	7	2	7	0	1	15	2	7	1	2	4
KIAA0087	3	2	2	0	0	8	1	0	0	0	0	0	0	0	1	0	0	1	0	0	0	0	0	1	3	0	2	0	1	2
AC105760.3	0	2	0	1	2	0	2	0	0	0	0	1	0	0	0	0	0	0	0	1	0	0	0	0	0	0	0	0	0	0
DKFZP434K028	2	0	1	1	1	0	0	0	0	0	0	0	0	0	0	0	0	0	0	1	1	0	0	0	0	0	0	0	0	0
LINC00029	0	0	0	0	0	4	0	0	0	0	1	0	0	1	0	0	0	0	0	0	0	1	0	0	0	0	0	0	0	2
FAM182A	7	8	11	6	9	0	9	4	6	2	0	3	3	1	6	7	20	5	3	7	34	9	32	29	17	6	8	12	0	18
C20orf187	0	0	0	0	0	0	0	0	0	0	0	0	0	0	0	0	0	0	0	0	0	0	0	0	0	0	0	0	0	0
MMP24-AS1	1846	2706	2715	3410	2729	4807	2266	2699	3548	1789	3580	3288	2427	2212	1599	2595	2473	2729	1228	2526	2037	2284	2961	5995	2176	2403	2726	3132	2607	3226
C22orf24	2	4	10	3	4	5	0	4	9	2	2	1	1	0	2	2	4	4	2	5	3	9	3	10	6	5	2	0	4	2
TTTY1B	0	0	0	0	0	0	0	0	0	0	0	0	0	0	0	0	0	0	0	0	0	0	0	0	0	0	0	0	0	0
TTTY1	0	0	0	0	0	0	0	0	0	0	0	0	0	0	0	0	0	0	0	0	0	0	0	0	0	0	0	0	0	0
H19	266	620	202	41	105	132	210	182	559	117	386	11706	2062	2478	1089	74	598	42	195	658	551	243	3	14	61	46	172	194	16	950
TTTY9B	0	0	0	0	0	0	0	0	0	0	0	0	0	0	0	0	0	0	0	0	0	0	0	0	0	0	0	0	0	0
RP11-798G7.5	2	0	2	3	1	0	1	1	0	1	0	0	2	1	0	0	3	0	2	1	0	0	0	3	2	0	0	2	0	0
TTTY6	0	0	0	0	0	0	0	0	0	0	0	0	0	0	0	0	0	0	0	0	0	0	0	0	0	0	0	0	0	0
TTTY6B	0	0	0	0	0	0	0	0	0	0	0	0	0	0	0	0	0	0	0	0	0	0	0	0	0	0	0	0	0	0
LINC00470	0	0	0	1	0	0	0	10	0	2	0	0	1	0	0	0	2	0	2	0	5	5	0	0	2	1	0	2	0	3
LINC01260	5	13	1	3	2	19	6	5	2	4	3	0	7	25	9	3	5	15	18	18	3	20	4	10	34	8	11	3	3	30
C7orf69	0	1	1	0	0	1	0	1	0	0	0	0	1	0	0	0	0	0	0	0	0	1	0	0	2	0	0	0	0	6
RP11-84C10.2	1	0	0	0	2	0	3	0	1	0	6	2	2	0	2	0	0	1	2	4	0	1	0	0	1	2	2	1	0	2
RP11-809H16.2	0	0	0	0	0	0	0	0	0	0	0	0	0	0	0	0	0	0	0	0	0	0	0	0	0	0	0	0	0	1
ERVK3-1	1225	985	698	1107	703	143	533	1159	956	705	680	934	792	453	612	936	1153	1329	489	695	926	627	769	1986	1536	839	640	668	899	1385
AC062028.1	2	4	0	4	0	8	7	0	7	7	9	6	1	0	3	0	3	2	2	3	8	2	5	3	14	0	0	2	1	3
LINC01558	42	69	47	19	37	2	20	37	27	49	69	24	32	34	29	16	23	59	13	27	17	25	25	20	52	11	11	73	17	60
LINC00525	27	10	4	0	5	7	1	2	0	3	0	6	3	6	1	0	1	32	93	3	1	22	4	1	27	1	6	1	3	22
TTTY7	0	0	0	0	0	0	0	0	0	0	0	0	0	0	0	0	0	0	0	0	0	0	0	0	0	0	0	0	0	0
TTTY7B	0	0	0	0	0	0	0	0	0	0	0	0	0	0	0	0	0	0	0	0	0	0	0	0	0	0	0	0	0	0
C20orf78	0	0	0	0	0	0	0	0	0	0	0	0	0	0	0	0	0	0	0	0	0	0	0	0	2	0	1	0	0	1
LINC00266-1	0	1	3	2	0	0	0	2	0	1	4	0	0	0	4	1	1	1	0	2	0	1	2	3	3	0	0	2	3	4
RP11-96C23.13	16	7	5	24	15	0	4	30	0	9	11	174	5	0	14	3	10	5	2	18	9	6	11	4	35	15	2	17	9	13
PART1	27	1	10	1	6	1	3	110	3	3	4	43	7	4	24	0	30	0	5	1	90	1	24	4	6	234	48	9	2	14
LINC00467	582	536	404	1196	275	409	429	866	601	429	481	412	620	245	338	698	743	768	262	309	946	340	1107	2180	668	573	834	610	1047	561
RP11-66N24.4	101	96	30	63	31	79	31	78	40	45	30	62	28	25	37	81	73	81	41	37	33	21	14	117	158	65	39	20	76	122
C1orf147	18	23	4	23	10	0	7	15	7	12	4	12	7	8	8	20	13	46	16	20	4	16	15	21	44	17	4	5	45	21
AC007364.1	0	0	0	0	0	7	0	0	0	0	0	0	1	0	0	0	1	0	0	0	0	0	0	1	0	0	0	0	0	1
C2orf48	2	1	1	0	0	7	0	4	2	0	2	2	1	0	0	1	0	6	6	3	0	17	0	0	10	3	1	2	1	5
LINC01116	75	40	32	24	35	53	52	27	54	43	104	16	150	252	136	35	28	14	7	65	24	37	26	7	49	63	103	38	14	56
SNHG16	1231	606	996	728	531	422	990	734	683	969	506	782	947	871	956	526	844	646	419	433	1450	650	803	1608	1163	496	463	992	738	983
IGF2BP2-AS1	17	2	4	1	4	11	1	2	2	4	1	15	3	2	1	5	3	9	2	4	2	2	0	0	3	0	3	3	0	5
SMAD5-AS1	3	1	1	7	7	8	1	2	1	2	2	2	2	0	6	5	7	4	2	1	6	4	11	13	6	6	11	3	9	2
C10orf25	213	120	94	157	133	57	119	155	151	165	112	97	172	115	101	106	198	235	59	81	178	103	116	59	164	120	94	152	118	138
ZNF667-AS1	2682	2338	1991	2461	1639	227	1696	2205	2187	2002	1501	2931	2515	828	1318	1909	2504	2760	616	1298	2690	1222	2286	8981	1837	1371	1893	2089	1967	2041
MIR202HG	0	0	0	1	0	0	0	0	2	0	0	0	1	0	0	0	1	1	0	0	0	0	0	1	0	0	0	2	1	0
RP11-93B14.6	7	1	6	5	5	3	0	8	8	1	3	8	3	3	2	7	2	3	11	4	0	3	6	3	12	8	4	2	1	10
LINC00483	0	0	0	0	0	0	0	1	0	0	0	2	1	0	1	0	1	1	0	0	1	0	0	1	1	0	2	0	0	0
AC104389.28	1	7	5	7	6	0	5	3	15	3	5	2	8	6	1	7	7	11	3	5	2	2	5	10	8	0	1	2	4	13
LINC00905	0	0	0	0	1	5	0	0	0	0	0	0	0	0	0	0	0	0	0	0	0	0	0	0	0	0	0	0	0	0
RP11-25K19.1	33	13	29	42	24	9	23	48	37	13	23	203	25	61	85	4	145	12	57	51	125	86	18	34	223	11	47	34	27	76
LINC00917	0	0	0	0	0	0	4	0	0	0	0	0	0	0	0	0	0	0	0	0	0	0	0	0	0	0	0	0	0	0
RP11-262H14.4	56	53	44	70	46	58	56	55	28	29	52	86	39	25	25	48	68	50	33	16	45	32	66	365	48	38	50	59	54	46
LINC00266-3	0	0	0	0	0	0	0	0	0	0	0	1	0	1	0	0	1	0	0	0	3	0	0	0	0	0	0	1	2	1
AC093323.3	1142	1225	801	1122	1039	554	1140	966	1415	1243	988	2536	1307	685	804	992	1038	1684	437	685	810	964	1377	1484	1173	727	1004	1318	1004	1366
TPT1-AS1	1257	1688	735	1081	1004	368	535	1045	391	760	905	1357	732	385	535	647	938	1693	376	763	658	583	302	1470	1089	957	634	707	633	1490
LINC00208	0	0	0	0	0	0	0	0	0	0	0	0	0	1	0	0	0	0	0	0	0	0	0	0	0	0	0	0	0	0
SHANK2-AS3	0	0	0	0	0	0	1	0	0	0	0	0	0	0	0	4	0	1	0	0	1	0	0	5	0	0	0	0	0	0
MIR31HG	165	315	118	33	135	10	48	70	88	184	70	274	57	73	70	1	33	203	56	138	10	69	55	3	41	73	98	310	7	151
SERHL	35	51	25	31	26	2	15	38	51	46	12	16	53	10	38	38	63	29	3	17	7	15	38	35	49	20	9	56	21	28
MIR4435-1HG	1215	1112	3086	1574	1842	4677	1321	1165	4059	1210	1456	1643	1633	1792	1125	786	344	1907	806	1426	390	1695	1492	1198	721	1299	525	1775	1903	3465
CMB9-22P13.1	182	138	123	222	162	168	60	356	276	190	128	410	110	112	136	177	181	156	118	120	252	148	156	426	295	126	210	180	193	352
CCDC13-AS1	51	45	10	95	28	0	29	154	58	27	25	69	22	19	57	109	104	74	11	13	104	16	113	193	79	30	74	85	71	67
RP11-89N17.1	9	8	4	7	5	0	2	13	4	2	3	6	4	4	5	8	6	8	1	5	1	4	1	4	2	5	3	2	4	6
RP11-97O12.7	39	32	5	19	16	0	15	37	24	16	14	19	23	26	12	15	33	41	5	10	22	11	15	30	34	10	12	16	29	31
RP11-23P13.6	82	421	863	802	181	368	133	498	110	152	503	492	172	84	161	287	114	305	383	311	49	231	314	5897	432	699	397	83	663	727
SNHG11	483	562	570	790	535	749	496	768	737	502	497	882	624	295	498	632	787	883	360	488	688	596	700	1652	772	440	922	654	617	798
C20orf166-AS1	4	0	7	0	2	0	0	4	0	1	2	0	3	1	8	2	12	3	0	5	3	5	4	0	8	1	1	3	2	11
MIR1-1HG	0	0	0	0	0	0	0	0	0	0	0	0	0	0	1	0	0	0	0	0	0	0	0	0	0	0	0	0	0	0
GRIK1-AS1	6	2	1	1	0	11	0	1	3	0	0	2	0	4	3	0	1	1	3	1	3	2	1	0	19	2	6	2	2	8
LRRC75A-AS1	22068	14850	26046	26791	16650	3189	24865	23036	28555	22997	12943	34237	23633	15784	17487	25352	30096	21146	7247	12209	23964	16471	26574	65465	25753	10439	21118	21548	22457	30744
TMEM51-AS1	25	29	25	39	39	45	44	32	20	30	36	75	35	37	54	31	28	21	63	89	16	149	45	58	69	31	33	30	32	88
RP11-276H1.3	0	0	2	1	0	0	5	0	1	0	7	0	1	0	4	1	1	4	0	2	1	3	3	1	0	4	2	2	2	1
LINC00476	287	466	197	441	188	236	241	487	291	259	183	270	289	109	188	238	489	325	134	251	441	227	464	1131	421	220	354	428	370	465
LINC00521	0	2	0	1	1	4	2	2	2	14	4	0	2	5	0	3	0	2	5	0	1	0	0	0	1	1	1	1	1	0
C15orf54	16	7	7	0	2	0	14	3	3	3	2	3	22	8	9	8	2	4	4	11	2	10	10	2	5	12	6	10	7	10
LINC01106	231	158	74	159	59	6	79	108	94	64	76	103	71	42	103	159	84	223	26	82	82	24	154	28	102	5	135	98	120	46
RP11-121M22.1	27	57	10	60	21	41	33	54	27	30	38	58	39	6	15	68	69	45	6	11	56	11	46	50	77	34	50	39	65	52
RP11-544L8__B.4	0	0	1	3	0	0	1	2	0	0	0	0	3	0	0	1	4	2	0	7	0	2	0	1	19	1	0	0	4	2
LINC00302	0	0	2	0	6	0	0	1	0	0	0	0	0	3	0	0	0	0	3	0	0	0	0	0	0	0	0	1	0	1
C10orf111	26	41	22	36	25	11	5	30	23	12	18	24	14	0	13	31	73	26	15	13	37	32	16	480	30	47	45	37	68	50
RP11-404O13.5	17	2	4	4	1	1	0	2	0	3	11	0	12	6	6	2	1	1	4	9	2	2	0	0	30	5	0	3	1	1
AC110781.3	2	2	1	0	0	0	0	0	1	1	0	1	1	0	0	0	0	1	2	0	1	1	0	2	3	0	0	0	0	0
RP5-856G1.2	11	0	5	4	1	0	1	10	3	0	0	0	11	0	3	5	2	3	3	4	4	1	12	0	12	2	0	2	9	5
CTD-2368P22.1	982	859	194	848	309	55	164	751	354	332	250	556	326	125	326	694	483	788	171	329	459	236	423	2997	841	572	353	317	788	650
C20orf197	14	12	18	13	11	1	10	12	8	2	9	21	12	12	19	4	3	26	16	25	3	15	10	7	32	42	15	6	9	27
TTTY14	1	0	0	0	0	0	195	1	1	0	0	467	0	0	0	274	0	1	0	0	1	1	0	0	0	249	482	0	0	0
C15orf56	153	147	73	430	113	33	165	242	280	142	130	166	146	60	93	422	201	289	53	110	276	85	458	603	131	228	497	162	564	191
LINC00303	1	0	1	0	0	0	0	3	2	0	1	0	0	0	2	0	2	0	0	1	0	2	1	1	0	0	0	4	0	3
MIR7-3HG	3	5	0	1	3	0	1	1	6	0	2	0	0	3	0	4	1	1	0	0	0	0	1	0	0	0	1	4	0	6
RP11-334J6.7	0	0	0	0	0	0	0	0	0	0	0	0	0	0	0	0	0	0	0	0	0	0	0	0	0	0	0	0	0	0
TYMSOS	5	24	59	40	38	128	30	12	67	11	21	80	32	2	16	16	4	16	43	20	4	47	7	112	9	29	36	12	38	74
