TCGA.XU.A92X.01A	TCGA.XM.A8R8.01A	TCGA.ZB.A96H.01A	TCGA.XM.A8R9.01A	TCGA.ZB.A96E.01A	TCGA.XM.A8RG.01A	TCGA.XU.A932.01A	TCGA.XU.A92W.01A	TCGA.X7.A8DB.01A	TCGA.3S.A8YW.01A	TCGA.ZB.A96A.01A	TCGA.X7.A8DJ.01A	TCGA.X7.A8D7.01A	TCGA.ZB.A961.01A	TCGA.ZB.A96R.01A	TCGA.XM.A8RL.01A	TCGA.ZB.A96V.01A	TCGA.4V.A9QU.01A	TCGA.X7.A8DF.01A	TCGA.4V.A9QX.01A	TCGA.XM.AAZ2.01A	TCGA.ZB.A966.01A	TCGA.XU.A92V.01A	TCGA.4V.A9QM.01A	TCGA.YT.A95F.01A	TCGA.X7.A8M0.01A	TCGA.XU.A92O.01A	TCGA.ZT.A8OM.01A	TCGA.ZC.AAAH.01A	TCGA.4V.A9QN.01A
LINC01587	0	2	22	1	1	2	0	0	0	15	2	0	1	0	0	2	0	1	0	3	9	1	4	1	2	2	0	1	1	1
AC000111.6	0	0	0	0	0	0	0	0	0	0	0	0	0	0	0	0	0	0	0	0	0	0	0	0	0	0	0	0	0	0
XXbac-B461K10.4	1	1	10	2	5	14	4	6	4	3	0	11	3	6	1	5	11	15	5	7	11	9	69	9	35	28	1	0	0	1
IGF2-AS	1	8	2	0	1	3	0	0	0	1	70	1	0	0	0	0	0	0	1	4	9	0	5	9	4	3	0	2	0	1
TPTEP1	3148	95	3708	838	2349	3979	953	2416	654	1530	2025	1598	1504	194	392	732	59	1075	1207	1175	3199	1940	2436	2915	3058	2399	1518	833	827	1190
RP11-153K16.2	0	0	1	5	1	1	0	0	0	0	2	0	1	5	0	3	0	0	0	1	3	0	1	1	3	3	0	0	0	2
DLEU2L	2	19	12	9	7	47	1	8	2	9	2	41	15	11	4	25	4	5	1	12	15	2	25	16	57	18	1	0	4	12
RP11-268J15.5	88	26	356	66	39	178	43	73	16	52	45	58	25	159	35	28	82	115	29	86	153	353	250	351	325	170	126	31	50	132
PINK1-AS	216	136	645	176	349	959	148	170	116	156	311	378	243	196	178	255	205	212	173	374	623	194	369	294	453	734	435	205	150	121
C10orf95	38	18	63	40	24	38	13	33	14	67	26	33	21	23	16	25	47	7	17	24	33	40	32	29	22	72	26	23	11	42
SPG20-AS1	12	3	23	11	7	35	7	29	4	5	11	8	4	12	4	9	3	33	21	20	42	5	48	37	45	17	18	15	7	10
LINC00544	6	4	2	5	1	2	5	1	2	1	0	7	7	3	1	5	2	0	0	2	1	8	1	4	0	53	0	0	0	0
KIAA0087	12	6	6	41	15	0	9	95	124	0	29	106	730	2	101	503	1	44	18	37	8	0	26	14	23	44	5	12	22	0
AC105760.3	0	0	0	2	0	0	0	0	0	0	0	0	0	1	0	0	0	0	0	0	0	1	2	0	1	0	0	0	0	0
DKFZP434K028	1	0	1	0	0	0	0	0	1	1	0	0	0	0	0	0	0	1	0	0	1	0	0	0	0	0	0	1	1	0
LINC00029	47	1	0	12	53	0	181	60	83	0	214	128	96	5	85	32	0	219	43	219	7	1	10	58	63	1	23	288	175	0
FAM182A	4	2	127	9	101	66	1	1	0	1	30	13	4	3	1	2	1	9	1	19	76	3	1	9	37	28	7	6	2	1
C20orf187	1	0	0	0	0	0	0	0	0	0	0	0	0	0	0	0	0	0	0	0	0	0	0	0	0	0	0	0	0	0
MMP24-AS1	2601	761	2367	1410	1960	1542	1642	2539	2267	1222	2946	1890	2182	2335	2155	2056	1743	1452	2256	2137	2462	1616	1585	2654	1500	3203	2913	1967	2426	1864
C22orf24	8	4	12	6	27	14	19	50	38	2	33	68	86	6	31	66	3	20	21	22	11	2	22	32	59	20	9	37	28	3
TTTY1B	0	0	0	0	0	0	0	0	0	0	0	0	0	0	0	0	0	0	0	0	0	0	0	0	0	0	0	0	0	0
TTTY1	0	0	0	0	0	0	0	0	0	0	0	0	0	0	0	0	0	0	0	0	0	0	0	0	0	0	0	0	0	0
H19	340	2563	1035	62	161	1507	76	212	368	413	712	1117	301	1138	84	949	575	312	2337	1753	50	95	376	1192	610	730	195	322	184	502
TTTY9B	0	0	0	0	0	0	0	0	0	0	0	0	0	0	0	0	0	0	0	0	0	0	0	0	0	0	0	0	0	0
RP11-798G7.5	1	1	0	4	4	1	1	2	1	1	0	0	1	0	0	1	0	0	1	0	1	0	0	3	1	2	0	0	0	0
TTTY6	0	0	0	0	0	0	0	0	0	0	0	0	0	0	0	0	0	0	0	0	0	0	0	0	0	0	0	0	0	0
TTTY6B	0	0	0	0	0	0	0	0	0	0	0	0	0	0	0	0	0	0	0	0	0	0	0	0	0	0	0	0	0	0
LINC00470	7	2	0	0	0	8	0	1	0	3	11	22	0	22	20	1	1	2	5	3	0	0	22	16	0	5	0	7	3	0
LINC01260	268	68	16	261	491	12	597	315	1044	64	1245	929	773	70	977	2044	115	490	609	786	98	54	136	334	517	67	214	585	1157	20
C7orf69	0	1	0	0	0	0	0	1	0	0	0	0	0	0	0	0	1	0	0	1	0	0	1	1	0	0	0	0	0	0
RP11-84C10.2	3	1	1	2	0	1	2	0	1	2	0	0	3	1	0	0	1	0	0	2	2	0	2	1	2	1	0	1	5	0
RP11-809H16.2	0	0	0	0	0	0	0	0	0	0	0	0	0	0	0	0	0	0	0	0	0	0	0	0	0	0	0	0	0	0
ERVK3-1	876	796	878	767	1128	1529	1003	1033	648	574	882	1280	1327	751	1096	1332	605	540	749	1166	992	709	812	1137	1091	2112	1180	363	778	740
AC062028.1	4	3	10	5	1	9	2	11	6	0	3	3	12	7	5	10	0	4	0	7	8	0	2	5	8	17	5	3	10	0
LINC01558	9	3	15	12	1	2	0	7	1	2	0	2	5	2	3	1	6	5	2	2	2	4	4	9	4	24	3	0	1	4
LINC00525	6	23	1	3	3	6	6	1	0	4	0	1	2	6	30	0	0	1	0	2	1	1	1	0	0	8	0	0	0	62
TTTY7	0	0	0	0	0	0	0	0	0	0	0	0	0	0	0	0	0	0	0	0	0	0	0	0	0	0	0	0	0	0
TTTY7B	0	0	0	0	0	0	0	0	0	0	0	0	0	0	0	0	0	0	0	0	0	0	0	0	0	0	0	0	0	0
C20orf78	0	0	0	0	1	0	0	0	0	0	0	0	0	0	1	0	1	0	0	0	0	0	0	0	0	0	0	0	0	0
LINC00266-1	0	4	7	2	1	3	1	1	0	0	1	1	1	0	0	6	0	1	0	2	1	0	2	0	0	0	0	0	1	0
RP11-96C23.13	2	2	20	3	1	7	0	0	0	7	3	9	2	1	1	0	0	6	2	13	10	0	21	22	25	14	9	2	4	0
PART1	3176	9	662	146	508	169	1867	1327	2079	57	51	5	907	2835	6399	542	13	32	1	8	139	1	162	38	68	322	314	29	1248	562
LINC00467	516	326	1242	335	657	893	572	283	301	1292	410	398	456	965	370	246	471	264	276	408	503	288	458	411	383	1179	636	231	434	406
RP11-66N24.4	134	110	71	62	52	92	40	90	38	89	60	101	79	98	60	93	71	48	48	86	50	326	71	75	140	137	52	217	127	65
C1orf147	8	42	24	20	8	6	7	10	7	5	7	27	25	12	9	23	26	2	6	7	5	19	11	14	15	35	7	1	3	4
AC007364.1	0	1	0	0	0	0	0	0	0	0	0	1	0	0	1	0	0	0	0	1	0	0	0	0	0	1	0	3	2	0
C2orf48	102	48	19	73	92	8	132	247	263	47	261	170	458	7	182	371	49	191	175	374	31	49	69	149	171	26	42	338	170	5
LINC01116	32	115	40	39	10	30	2	20	5	763	23	8	9	10	20	5	120	4	15	20	38	69	20	22	10	138	35	13	31	13
SNHG16	270	748	1092	285	663	1331	438	419	258	2962	475	532	464	443	263	484	1396	237	332	442	893	1670	659	870	586	1168	380	190	294	362
IGF2BP2-AS1	0	1	2	0	0	1	0	0	0	3	0	0	3	0	0	2	0	1	2	0	3	0	3	2	2	0	0	3	3	0
SMAD5-AS1	51	4	12	23	30	18	28	16	5	5	11	18	6	13	137	3	1	7	22	21	56	1	15	28	12	56	42	48	32	127
C10orf25	165	51	135	104	218	130	288	313	349	284	408	425	425	35	354	607	63	279	275	547	237	135	245	412	330	2341	126	242	248	31
ZNF667-AS1	672	121	2334	589	1044	1251	515	652	409	491	684	859	625	901	559	699	119	577	612	1191	1676	28	1161	1847	1184	1552	1171	337	831	1386
MIR202HG	19	0	0	1	0	4	0	0	0	0	3	0	1	3	0	1	0	2	0	0	2	0	0	0	1	1	14	2	5	0
RP11-93B14.6	4	9	5	2	3	0	2	1	1	8	5	11	6	13	7	3	3	7	6	7	4	9	14	31	14	14	5	4	2	7
LINC00483	0	0	0	0	0	1	0	1	1	3	1	0	0	0	0	2	1	1	1	2	0	1	0	1	0	2	0	1	1	2
AC104389.28	0	1	13	0	1	5	0	2	0	0	1	2	1	4	0	0	0	1	5	1	1	0	4	11	2	0	2	1	0	1
LINC00905	0	0	0	0	0	0	0	0	0	0	0	0	0	0	0	0	0	0	0	0	0	0	0	0	0	0	0	0	0	0
RP11-25K19.1	273	138	163	334	474	271	640	1024	983	24	947	1099	1297	158	1028	1751	263	1093	815	1717	285	75	460	706	810	239	417	168	544	21
LINC00917	1	0	0	0	22	0	1	0	1	7	0	1	0	0	0	0	0	0	7	0	2	0	0	0	8	2	0	23	8	20
RP11-262H14.4	28	14	57	25	28	100	26	24	20	43	70	39	24	57	21	27	47	15	20	38	34	26	51	52	73	40	54	33	45	53
LINC00266-3	0	0	12	0	0	0	0	0	0	0	0	0	0	0	0	0	0	0	0	0	0	0	1	0	0	0	0	0	0	0
AC093323.3	972	703	1538	776	1535	1756	1192	997	844	2249	2341	892	1194	809	971	1359	820	988	1397	1599	2039	1124	1399	2121	1300	2309	1353	912	1532	1435
TPT1-AS1	465	421	1830	520	713	1525	285	667	400	198	697	930	658	382	341	681	295	727	609	889	896	365	1232	1301	1432	918	907	660	376	309
LINC00208	0	0	0	0	0	0	0	0	0	0	0	0	1	0	0	0	1	0	0	0	0	0	0	0	0	0	0	0	0	0
SHANK2-AS3	0	1	0	0	0	0	0	0	0	0	0	0	0	0	0	0	0	0	0	0	0	0	0	0	0	0	0	0	0	0
MIR31HG	1	5	61	15	44	63	0	0	0	10	8	8	1	0	0	0	17	4	10	4	46	65	51	51	119	34	10	3	0	4
SERHL	52	23	82	28	142	70	69	49	33	78	46	119	43	27	39	45	92	27	76	75	58	97	45	100	44	75	37	11	47	5
MIR4435-1HG	347	729	311	290	248	178	214	140	220	459	317	332	268	187	288	150	576	243	267	420	187	488	336	293	250	728	118	398	351	279
CMB9-22P13.1	78	118	106	45	48	74	84	147	41	150	73	65	78	258	76	77	68	61	55	71	64	51	144	91	83	119	48	35	103	71
CCDC13-AS1	3	5	5	8	7	21	7	8	8	3	21	7	8	8	6	17	5	2	7	11	27	7	30	50	14	13	6	5	3	5
RP11-89N17.1	3	0	6	3	0	4	0	1	0	1	2	3	1	2	1	2	2	1	2	0	2	1	5	1	0	5	1	0	0	1
RP11-97O12.7	16	18	68	9	29	39	1	26	7	6	9	33	10	13	12	20	1	13	9	10	46	9	28	38	54	40	25	3	9	9
RP11-23P13.6	143	1246	33	265	8	16	7	1	0	41	3	6	12	38	5	5	42	0	9	8	9	97	64	49	7	472	23	6	23	14
SNHG11	1485	253	958	384	834	796	693	649	460	1308	801	787	611	634	690	543	659	390	836	690	1252	649	669	882	532	1157	1001	978	739	892
C20orf166-AS1	0	4	1	13	4	1	2	5	3	2	6	9	4	1	0	2	0	7	11	26	11	3	11	11	4	18	4	3	4	0
MIR1-1HG	0	0	0	0	0	0	0	0	0	1	0	0	0	0	0	0	1	0	0	0	0	0	1	1	0	0	0	1	0	0
GRIK1-AS1	42	7	59	6	2	2	0	3	0	0	37	5	5	12	1	10	2	4	0	2	4	14	6	7	5	4	1	2	5	1
LRRC75A-AS1	10005	7887	33057	11428	27253	15877	18253	24399	16758	80432	23335	21544	20210	6365	17221	22132	36763	17305	24288	24570	30118	59690	20921	25065	22240	22822	28468	5882	15655	7637
TMEM51-AS1	32	24	181	16	34	29	7	24	1	27	80	14	5	46	0	5	154	33	7	73	135	673	34	33	33	50	47	22	2	17
RP11-276H1.3	4	4	3	1	1	1	0	0	2	1	4	2	4	2	1	2	0	1	1	3	1	0	1	6	3	3	2	1	2	3
LINC00476	637	154	359	145	178	549	325	364	265	46	310	442	535	180	352	358	154	206	281	364	357	192	309	363	454	694	224	366	342	155
LINC00521	0	0	2	1	0	0	0	0	3	1	0	9	5	0	2	4	0	0	0	0	0	0	0	0	1	1	4	0	0	0
C15orf54	3	0	0	4	3	1	0	0	0	1	0	1	0	0	1	0	1	1	1	1	0	0	1	2	1	2	0	0	5	3
LINC01106	29	7	33	6	14	12	10	3	9	43	8	17	4	14	5	10	24	12	7	12	6	90	9	14	12	45	13	3	2	27
RP11-121M22.1	22	4	96	27	41	62	31	28	30	57	57	21	29	29	19	27	11	27	25	37	55	27	51	22	35	47	61	36	18	18
RP11-544L8__B.4	1	2	3	1	0	13	0	0	0	0	0	1	1	0	0	0	0	0	0	0	4	1	3	0	8	3	1	0	1	0
LINC00302	0	0	0	0	0	0	0	0	0	0	0	0	0	0	0	0	0	0	0	0	0	0	0	0	0	0	0	0	0	0
C10orf111	26	8	112	9	39	43	15	11	19	13	29	23	15	24	16	41	18	23	32	39	66	27	27	25	28	59	38	10	26	26
RP11-404O13.5	10	0	6	62	164	7	20	137	65	0	49	428	135	3	53	381	0	95	24	69	7	0	72	133	519	10	20	21	41	0
AC110781.3	12	0	3	85	24	50	0	3	0	4	4	5	8	1	13	2	0	2	48	0	27	0	252	21	19	196	21	115	0	8
RP5-856G1.2	0	0	1	1	0	0	0	1	0	3	0	0	1	2	12	0	2	0	0	0	2	0	0	0	1	10	0	0	0	3
CTD-2368P22.1	301	270	1284	463	609	1076	128	573	159	152	552	670	499	443	195	426	87	335	343	753	871	375	978	594	1040	1113	567	135	153	208
C20orf197	82	17	135	83	129	251	102	160	41	15	76	271	238	108	86	132	15	80	104	120	118	9	150	154	189	774	69	30	49	83
TTTY14	147	0	384	0	166	204	123	224	0	26	426	174	0	107	143	250	25	0	214	1	232	0	0	275	0	0	224	0	267	0
C15orf56	113	2	269	52	223	273	16	67	13	70	169	51	31	69	24	6	3	69	51	118	264	18	208	124	125	268	149	19	5	138
LINC00303	2	4	7	1	6	0	1	0	0	59	4	2	0	0	0	1	11	0	1	0	1	111	1	3	2	2	6	1	2	0
MIR7-3HG	0	2	2	1	2	4	0	1	0	1	2	0	1	0	1	1	1	1	0	0	1	14	2	2	1	0	6	1	6	1
RP11-334J6.7	0	0	0	0	0	0	0	0	0	0	0	0	0	0	0	0	0	0	0	0	0	0	0	0	0	0	0	0	0	0
TYMSOS	143	23	47	76	119	29	223	240	299	73	197	212	221	25	172	268	92	203	294	345	147	66	77	71	102	129	142	329	200	57
