TCGA.XU.A92X.01A	TCGA.XM.A8R8.01A	TCGA.ZB.A96H.01A	TCGA.XM.A8R9.01A	TCGA.ZB.A96E.01A	TCGA.XM.A8RG.01A	TCGA.XU.A932.01A	TCGA.XU.A92W.01A	TCGA.X7.A8DB.01A	TCGA.3S.A8YW.01A	TCGA.ZB.A96A.01A	TCGA.X7.A8DJ.01A	TCGA.X7.A8D7.01A	TCGA.ZB.A961.01A	TCGA.ZB.A96R.01A	TCGA.XM.A8RL.01A	TCGA.ZB.A96V.01A	TCGA.4V.A9QU.01A	TCGA.X7.A8DF.01A	TCGA.4V.A9QX.01A	TCGA.XM.AAZ2.01A	TCGA.ZB.A966.01A	TCGA.XU.A92V.01A	TCGA.4V.A9QM.01A	TCGA.YT.A95F.01A	TCGA.X7.A8M0.01A	TCGA.XU.A92O.01A	TCGA.ZT.A8OM.01A	TCGA.ZC.AAAH.01A	TCGA.4V.A9QN.01A
ENSG00000000003.13	1292	287	6168	1036	2202	4741	457	983	250	1342	2016	1453	454	909	524	394	1031	1040	1344	2010	5314	877	3363	3319	2880	3116	2598	324	661	1816
ENSG00000000005.5	10	7	40	1	6	19	2	23	15	0	23	5	11	40	5	17	2	10	24	8	7	0	15	38	16	15	104	28	2	1
ENSG00000000419.11	1470	1021	1767	1096	2129	2484	1263	2224	1559	2212	1770	2093	1874	1588	1848	2276	1763	952	1647	2166	2755	1288	2037	2502	2031	3391	1943	261	1238	2916
ENSG00000000457.12	390	735	1628	495	769	1531	736	953	852	1285	777	1148	1590	1226	786	1188	855	451	541	951	1175	680	993	1141	1342	1867	748	129	382	1281
ENSG00000000460.15	198	319	335	201	507	397	1224	907	1042	819	617	997	1342	776	786	1560	706	450	499	891	286	415	389	722	832	396	292	116	480	685
ENSG00000000938.11	411	1611	441	931	307	304	947	299	382	631	617	721	783	800	425	677	2735	426	453	524	403	478	581	934	398	3613	412	135	320	193
ENSG00000000971.14	483	7107	20695	1058	4018	17013	1650	2480	112	2176	2015	4237	973	4612	479	237	1784	1509	752	1768	1521	1070	6895	13633	13288	3975	8800	379	674	129
ENSG00000001036.12	308	1581	992	479	412	390	367	387	364	1213	526	888	362	771	369	364	1133	433	518	689	783	948	1349	1706	1689	1561	316	296	331	662
ENSG00000001084.9	395	1135	1659	670	840	2055	569	675	747	2282	785	1535	970	2146	779	1062	1808	580	707	1169	1771	2496	1820	2054	2054	1967	438	283	578	618
ENSG00000001167.13	918	975	2508	1095	2183	3622	1288	3563	2263	1034	2064	3594	3859	939	2199	5209	1391	2095	1493	3555	2103	1488	2300	2802	4377	2882	1221	447	1207	763
ENSG00000001460.16	653	204	1111	384	734	990	333	526	234	434	292	674	630	631	477	349	378	323	430	640	1508	339	960	1112	893	1077	824	179	274	697
ENSG00000001461.15	1162	1395	4477	1250	3111	6704	1233	1536	752	1650	1223	2606	2044	2244	1213	2212	2569	1165	1560	1954	4766	1372	3966	3933	3381	5094	2580	586	1124	2302
ENSG00000001497.15	4652	1651	3734	1781	3345	4424	3245	3824	2854	4031	4664	4294	4034	2481	4715	4206	3495	3042	3521	4456	4291	2784	3681	5046	4034	5707	3622	3391	3459	3938
ENSG00000001561.6	331	673	1220	588	677	2626	364	491	464	689	352	947	866	1574	527	831	955	445	411	745	811	505	764	1403	1429	1501	550	92	324	1325
ENSG00000001617.10	7119	870	29923	2800	13020	24801	4147	11108	1165	5751	12063	4325	2589	8240	3350	407	4397	5020	6222	9648	21999	2338	11641	23080	18965	14865	13417	1893	4633	9166
ENSG00000001626.13	4	1	129	25	206	64	1	9	0	3	215	120	3	4	0	1	2	19	22	14	10	3	36	9	20	5	11	31	0	1
ENSG00000001629.8	807	1680	2891	1275	2005	4091	671	1675	961	833	1243	2745	1713	1336	920	2278	1248	1600	854	2604	3136	913	2734	2965	3382	3153	928	205	595	1263
ENSG00000001630.14	17	55	171	20	81	625	24	36	7	36	22	101	32	42	5	31	89	12	38	30	180	34	152	180	208	211	25	7	19	56
ENSG00000001631.13	1024	1084	3243	1165	2027	5010	643	1795	944	776	903	2055	1658	1930	1018	1911	1132	1232	856	2023	2752	843	2672	2693	3008	2992	1176	122	297	1305
ENSG00000002016.15	307	387	1427	418	865	2292	486	437	428	1204	532	982	835	312	535	899	454	675	397	788	1056	514	977	1199	1501	825	861	396	394	294
ENSG00000002330.12	2894	907	2058	916	1773	1505	3261	2484	1710	2954	3517	1923	2650	1609	2400	2448	2924	1841	3118	3259	3270	2539	1805	3189	1579	2776	2488	4337	2982	2444
ENSG00000002549.11	1818	7786	2836	2132	2460	4847	2759	1873	1457	13883	1809	5068	3141	3897	2541	3075	12391	550	3335	1757	3522	10651	2736	5363	2817	10535	2075	798	2005	5897
ENSG00000002586.16	26316	7408	32502	14132	35800	13216	62160	57227	67259	4403	79224	60126	114803	6832	66390	80031	12371	50022	55720	79947	19108	7184	20991	51988	37116	19530	45341	37129	80762	10352
ENSG00000002587.8	1059	224	1424	207	302	2566	270	3822	412	328	446	330	790	1711	265	719	304	208	265	693	1676	88	268	618	476	617	279	74	485	400
ENSG00000002726.18	19	46	94	115	23	95	80	3	4	149	45	70	253	8	13	16	1224	3	18	39	43	14	14	18	19	551	11	72	45	38
ENSG00000002745.11	1	173	28	20	1	2	2	2	3	5	2	2	3	4	1	2	5	4	2	5	1	3	2	8	6	67	0	0	13	2
ENSG00000002746.13	3	10	40	25	67	29	5	5	20	79	26	26	4	5	22	4	4	8	7	27	55	7	77	20	25	40	8	15	11	8
ENSG00000002822.14	5883	1638	2773	2870	3302	3010	4195	3414	3754	2583	4265	4002	4834	2995	7248	4393	2462	2943	5142	5149	4353	2082	3507	5004	2636	6471	4401	7138	3314	9757
ENSG00000002834.16	4163	7354	11186	5254	8316	7690	6849	8873	9383	4890	11240	16518	16523	4788	11005	17374	7977	8018	8642	14680	9092	7144	15196	20145	17644	15076	6418	2718	6566	3951
ENSG00000002919.13	820	1111	1604	759	1200	1567	1291	730	1106	2430	1290	1650	1446	823	1403	1675	1200	808	1244	1449	1943	1231	1201	2144	1016	2672	1416	920	1473	2199
ENSG00000002933.6	354	3320	1468	1271	299	283	199	130	470	690	944	1137	363	1172	490	294	2137	604	1181	1015	1786	10240	2257	1720	1114	3695	160	367	1185	322
ENSG00000003056.6	440	3074	3209	1269	2265	5928	998	1459	1117	3343	758	3127	3082	1232	1851	3344	3167	458	1089	1416	3327	1760	3100	4321	3848	5943	1199	135	382	1728
ENSG00000003096.12	182	41	1078	53	408	214	81	255	87	153	308	770	369	446	284	402	92	616	196	755	2057	45	1042	1608	1855	275	187	42	147	254
ENSG00000003137.7	4500	418	5321	4777	4519	11202	1881	133	1781	4	685	2767	6033	12010	3717	1034	128	796	1685	2045	12734	83	2887	2795	1253	18908	5380	408	609	6512
ENSG00000003147.16	534	435	1210	478	691	526	174	136	266	1611	892	459	252	615	237	166	633	330	494	651	912	1416	660	875	352	1804	945	143	178	224
ENSG00000003249.12	725	50	1980	406	834	591	215	235	696	57	549	602	243	165	359	300	37	625	564	1842	2628	406	423	625	385	1166	1396	151	477	2112
ENSG00000003393.13	501	447	1852	448	1067	2403	506	829	564	941	660	1365	699	631	500	1148	658	554	561	1134	1646	960	1633	1978	2215	1798	697	228	369	1133
ENSG00000003400.13	747	1724	1140	1102	1018	1567	1241	838	879	1139	1056	2052	1490	844	1109	1730	427	1126	1120	1770	873	303	1516	1755	2060	2372	974	657	831	1612
ENSG00000003402.18	3420	10649	8468	4726	4517	13544	3478	3081	2501	6911	3799	5545	3724	7057	2670	4394	7520	2857	3024	5241	5589	6679	7904	7878	7195	16618	3808	2449	2670	6543
ENSG00000003436.13	342	1409	446	566	176	335	267	266	202	1456	278	639	345	194	282	424	850	205	268	540	174	289	817	1494	2060	2015	253	164	255	77
ENSG00000003509.14	619	593	786	653	667	707	616	891	726	799	894	945	923	686	667	1119	661	869	621	1269	692	705	793	1135	974	1184	605	306	684	1076
ENSG00000003756.15	6057	5957	9512	5454	6402	9638	5334	6608	5780	3292	6721	9407	9450	5666	6700	10350	5718	4808	5633	7682	8648	2784	8577	10776	11787	11473	6742	2702	4419	3564
ENSG00000003987.12	75	31	66	45	37	107	44	45	67	118	53	83	93	345	147	86	66	53	57	89	64	30	62	72	93	97	41	27	22	32
ENSG00000003989.15	619	379	806	133	124	3017	149	2003	574	2052	143	686	191	69	3342	54	832	215	284	362	912	23	1343	1823	2017	1108	141	39	175	224
ENSG00000004059.9	13728	3635	6293	4268	6407	4738	9987	9354	7983	6330	10657	6860	10370	5257	9554	8550	9195	6985	8301	11628	7528	7071	5508	8247	4646	8501	6079	5349	10146	16408
ENSG00000004139.12	363	272	1206	320	438	1420	194	426	135	348	187	380	358	393	338	258	371	157	149	325	1020	364	488	631	635	1186	311	64	117	573
ENSG00000004142.10	4962	2146	6105	2997	6813	7803	6585	6277	5449	13474	7783	6449	7658	3180	6281	6649	5631	4537	6114	7855	8369	4729	5550	7426	5103	8557	6319	3795	6784	11765
ENSG00000004399.11	4375	4500	3013	2404	3831	3210	9526	9732	9936	1580	8328	9315	14250	3018	10324	12488	4055	6967	6358	10871	3434	3449	4600	9333	8606	9313	2697	7370	7529	1918
ENSG00000004455.15	4769	3083	5054	3073	5282	4869	6781	4705	4347	7664	6784	6529	6666	5036	4973	6575	6424	3541	4723	6486	5744	8229	4926	7992	5672	7455	3634	3495	5770	3977
ENSG00000004468.11	2333	4515	89	1898	3826	53	2991	12741	12392	424	10240	8348	15627	456	10431	19878	1566	7683	6515	14250	491	912	2257	3960	10348	686	2158	3448	6628	18
ENSG00000004478.7	4010	2766	4768	3163	5113	11504	5813	3881	3100	33585	8252	5531	4914	1617	6039	7298	10123	3272	5288	7576	8679	13609	4546	10791	5859	9361	6610	7575	8895	14327
ENSG00000004487.14	5352	2046	5798	2501	5867	5854	6015	7353	6665	8542	7641	9267	10086	3526	7999	10751	6812	4713	7110	8459	7095	9269	5778	8110	7385	6634	5428	5655	9134	3102
ENSG00000004534.13	6561	6856	7349	5813	5064	5977	5109	6285	4769	3826	8284	9703	9174	3387	6095	9528	4728	4820	5291	8001	5298	2992	7108	8855	10763	10942	6332	5478	7435	2500
ENSG00000004660.13	1368	867	657	905	615	1513	1534	551	1345	13427	312	548	2124	1294	2878	864	8137	491	970	328	848	3218	1809	1237	654	4154	1678	314	951	8998
ENSG00000004700.14	97	1332	1439	492	878	2170	250	747	422	829	174	1583	1209	461	517	1684	852	201	279	483	1067	480	1048	1487	1545	2123	349	23	142	353
ENSG00000004766.14	795	740	1330	681	888	1953	459	882	594	687	614	1155	860	908	681	1246	785	561	549	964	1220	591	1115	1427	1462	1760	624	116	339	992
ENSG00000004776.10	321	871	76	129	34	21	17	79	9	795	22	12	12	30	28	20	114	37	11	18	28	35	7	15	10	353	53	60	42	19
ENSG00000004777.17	1371	503	729	1225	1975	558	1358	4370	2392	168	2305	3181	4163	814	2188	4853	678	2388	1938	4701	490	890	1458	2325	2715	816	766	2086	2021	294
ENSG00000004779.8	2873	1264	2241	1157	2424	1614	3745	2523	2519	5959	5085	2671	2933	2326	2857	3126	3384	1428	3230	3218	2646	2823	1830	3573	2073	3497	2488	2760	5008	6442
ENSG00000004799.7	5412	1371	1412	673	1062	3522	3958	1566	341	1421	952	799	672	13725	1868	417	221	799	590	1521	2308	154	2059	5344	3655	4654	1050	260	300	1752
ENSG00000004809.12	21	25	18	15	19	0	151	82	96	80	51	115	118	22	65	84	24	116	32	162	26	2	39	132	122	3	32	38	109	1
ENSG00000004838.12	36	84	155	47	74	56	44	61	66	59	135	73	77	29	69	79	21	54	81	81	42	27	71	52	63	92	69	292	94	93
ENSG00000004846.15	6	6	3	8	0	0	0	1	0	0	2	1	2	0	0	16	0	2	0	1	1	0	6	3	1	8	5	0	1	1
ENSG00000004848.6	3	7	6	2	3	0	0	0	0	5	6	0	0	1	0	0	193	1	0	0	1	1	0	0	1	3	0	1	0	0
ENSG00000004864.12	521	473	1275	345	537	1498	403	452	238	749	470	878	391	494	316	417	921	355	475	568	1144	480	959	1514	1641	1254	436	168	301	563
ENSG00000004866.17	1703	606	1235	590	798	1257	720	1648	766	1698	837	959	1128	2104	881	605	710	420	672	1083	1408	663	1587	1706	1414	1293	674	333	725	1601
ENSG00000004897.10	1116	1934	3106	1472	2293	5288	1595	3010	1812	2196	2226	3402	3342	2102	1955	3974	2445	1992	1829	3845	2595	1804	2937	4061	4004	3245	1403	827	2088	2643
ENSG00000004939.12	36	19	0	1	1	1	2	1	1	0	21	1	3	0	0	35	0	1	0	3	2	2	2	9	0	14	1	7	3	0
ENSG00000004948.12	1	13	32	2	6	17	2	0	0	5	1	19	1	3	1	2	5	15	8	1	52	3	210	117	92	22	7	2	8	3
ENSG00000004961.13	733	609	1323	568	884	1264	849	836	689	810	936	1047	1026	901	1186	1181	1309	526	773	1072	1480	805	1014	1360	998	1712	905	406	816	2097
ENSG00000004975.10	1851	1126	4079	1266	3839	2317	2345	3005	1999	2965	2601	3533	3658	1299	2434	3464	2654	1952	2699	3702	5006	2444	3635	4808	3878	4421	2879	1557	2234	4142
ENSG00000005001.8	47	25	1185	9	61	1151	22	30	11	497	270	4	37	135	1	3	44	12	9	9	318	45	25	10	4	97	167	9	6	162
ENSG00000005007.11	14042	5028	19064	4999	13917	25380	7559	9707	5187	10558	8344	12994	10621	8922	8455	10563	8268	6105	8461	13499	23248	6393	12147	20986	14439	22266	12240	4062	4860	9097
ENSG00000005020.11	250	1773	476	1005	517	850	564	655	619	764	664	1243	1332	587	844	1791	1110	422	657	1210	1394	1424	982	1539	1157	3668	396	86	617	183
ENSG00000005022.5	11229	6195	11421	5832	20545	9029	29480	20264	24272	16316	20460	25692	32039	12743	31248	34920	16522	8140	22945	20244	17926	11238	10657	20486	16882	16430	14917	9317	27259	31474
ENSG00000005059.14	1110	2005	730	1201	1146	159	1959	3094	2818	449	4091	2733	4120	703	2536	4363	992	2138	2244	4735	564	310	918	2506	1791	2289	891	992	2985	549
ENSG00000005073.5	0	0	8	0	1	1	0	0	0	1	0	0	0	0	0	1	31	1	1	0	1	40	0	0	0	2	0	0	1	0
ENSG00000005075.14	4824	896	2684	1521	2128	1387	3572	3019	2917	1581	5019	2217	3286	1586	3095	3047	1683	3409	3074	5094	2089	1476	1644	2729	1463	2587	2151	5286	5055	4320
ENSG00000005100.11	475	704	1170	622	769	1032	531	894	479	1558	778	1332	1086	444	558	1218	1681	899	610	1159	1109	1548	941	1230	1407	1384	577	486	548	1088
ENSG00000005102.11	247	754	51	365	27	117	56	58	62	2090	7	132	82	178	82	54	815	74	80	107	473	30	161	86	128	1663	129	32	128	23
ENSG00000005108.14	63	166	239	61	60	1461	12	50	12	21	16	128	25	45	19	34	46	37	89	52	97	20	1515	759	2382	141	26	9	22	29
ENSG00000005156.10	1012	890	2418	630	1841	8097	1326	2049	1253	2220	1728	2192	2454	1352	1410	2407	1389	914	1269	1863	2609	1812	1499	2845	2474	2579	1569	565	1101	1154
ENSG00000005175.8	665	1397	1723	870	1309	1805	1013	1510	1218	2470	1528	2188	2086	615	1382	2557	1503	1112	1231	2384	1884	1290	1732	2443	2242	2231	881	479	1219	1330
ENSG00000005187.10	292	112	616	200	163	1079	208	333	560	514	191	230	133	420	115	126	140	127	79	224	216	100	212	226	166	590	287	28	49	508
ENSG00000005189.18	323	100	238	192	541	339	734	1084	967	1362	1191	1248	1777	156	907	1566	453	621	848	1139	174	165	461	637	802	280	507	588	772	110
ENSG00000005194.13	2050	929	2187	866	2259	1748	4222	2339	2782	2984	3610	3194	3363	1485	2966	3467	1637	1449	2604	2917	3348	1320	1855	3380	2065	3943	2203	1466	2889	4324
ENSG00000005206.15	4251	3034	3226	2410	3756	1847	3686	4762	3304	3675	4248	5567	5918	1970	4216	5606	2672	3845	4358	5908	3575	4450	2862	3895	4205	5210	3824	6114	3234	4113
ENSG00000005238.18	727	603	857	440	566	565	709	425	406	539	669	728	831	743	537	673	735	503	507	686	641	639	779	1183	704	1340	584	667	818	1991
ENSG00000005243.8	1739	386	1707	183	397	416	83	244	330	116	294	378	153	127	429	64	337	439	421	452	1144	310	893	2436	1012	758	923	134	972	3114
ENSG00000005249.11	82	396	792	401	452	435	200	485	250	55	469	798	411	162	263	541	1111	491	443	992	713	584	1120	872	845	984	244	102	233	67
ENSG00000005302.16	1417	3408	1680	1831	1874	1481	1602	2651	2684	890	2689	3826	5090	1565	2995	6191	1294	2115	2407	3885	1718	1426	1714	3393	2473	4431	1517	935	2450	828
ENSG00000005339.11	3313	4219	10640	2561	6301	19415	2716	5836	3476	5416	4782	7417	7376	4089	3943	8032	3413	3987	3388	7357	11058	3144	9928	12326	12306	9614	4430	1456	3135	3161
ENSG00000005379.14	2120	686	2105	1297	851	1818	922	2504	1355	1690	1615	2497	3133	1351	1879	3499	696	1858	1415	3808	1596	1269	1803	3160	4063	2139	1075	1108	1323	842
ENSG00000005381.7	185	24	17	79	13	6	316	5	53	16	26	37	165	170	49	303	28	9	15	6	6	5	35	107	27	115	53	5	180	0
ENSG00000005421.7	277	8	26	199	21	5	664	866	1117	11	609	1001	1041	365	1996	643	2	592	1569	569	113	1	338	426	124	17	176	412	738	412
ENSG00000005436.12	904	656	1539	722	1000	2170	786	1374	756	1101	1239	1427	1346	824	766	1342	1355	1066	1025	1553	1546	900	1348	1369	1889	1706	775	499	752	930
ENSG00000005448.15	674	632	668	524	990	346	1701	1249	1723	2178	3200	1424	2226	403	1938	2710	671	1071	1794	1969	831	858	700	1267	855	1225	878	3058	3525	1489
ENSG00000005469.10	1435	449	2492	1247	2872	3330	724	1694	539	665	983	1355	1111	2538	783	710	1151	859	611	1520	3444	387	1680	1707	1887	2356	1172	174	451	3170
ENSG00000005471.14	30	224	91	147	22	37	12	9	28	18	16	55	25	50	30	20	75	19	33	53	72	16	60	86	48	429	23	11	35	36
ENSG00000005483.18	1745	3948	5963	2330	3522	11707	1334	4984	1726	1386	1631	5000	3907	2917	2013	4529	2164	2840	1530	4654	5066	1403	7845	6766	8587	5939	1761	438	1322	1992
