TCGA.AJ.A3NH.11A	TCGA.BK.A26L.01A	TCGA.D1.A0ZZ.01A	TCGA.PG.A7D5.01A	TCGA.5S.A9Q8.01A	TCGA.A5.A3LP.01A	TCGA.AX.A2HA.01A	TCGA.A5.A1OF.01A	TCGA.AJ.A2QN.01A	TCGA.PG.A914.01A	TCGA.AP.A1DO.01A	TCGA.EY.A1GP.01A	TCGA.EO.A3AZ.01A	TCGA.B5.A0JV.01A	TCGA.EY.A1GC.01A	TCGA.BG.A186.01A	TCGA.EY.A1GR.01A	TCGA.D1.A16D.01A	TCGA.AP.A0LV.01A	TCGA.AP.A1E4.01A	TCGA.BG.A0W1.01A	TCGA.B5.A11H.01A	TCGA.BS.A0TA.01A	TCGA.AX.A2HJ.01A	TCGA.A5.A1OK.01A	TCGA.FI.A2EX.01A	TCGA.KP.A3W1.01A	TCGA.AX.A1CN.01A	TCGA.A5.A0R8.01A	TCGA.EO.A3B1.01A
LINC01587	37	3	0	0	1	6	0	0	19	3	3	1	0	1	4	8	1	5	3	2	4	13	0	0	6	5	0	2	10	5
AC000111.6	0	0	6	0	0	0	0	0	0	0	0	2	0	0	0	0	0	1	1	0	0	25	3	2	0	0	0	1	0	7
XXbac-B461K10.4	29	25	1	2	6	6	3	1	7	18	4	18	0	2	0	5	2	2	1	8	24	2	0	1	9	1	7	0	3	6
IGF2-AS	57	10	644	82	0	3	3	0	1	3	0	61	0	0	0	2	0	4	2	0	0	4	0	4	2	8	4	3	4	31
TPTEP1	806	25	20	77	5	11	7	12	15	11	0	66	31	8	7	45	2	28	1	19	22	15	5	27	22	539	62	15	7	33
RP11-153K16.2	1	3	0	0	0	0	0	0	0	0	0	0	0	0	0	0	0	0	0	0	0	0	0	0	0	0	0	0	0	0
DLEU2L	29	30	7	18	7	3	0	8	11	40	4	12	0	6	0	8	4	8	3	9	9	8	5	8	7	1	10	6	3	7
RP11-268J15.5	153	37	58	254	412	124	85	53	31	182	66	386	17	20	40	50	43	39	49	98	39	58	32	61	123	114	158	47	54	58
PINK1-AS	447	536	401	1239	152	281	141	83	309	412	113	395	125	271	105	289	478	219	376	298	146	385	150	611	282	65	201	219	204	705
C10orf95	1127	15	23	577	82	61	37	61	69	92	29	87	30	35	22	18	7	118	128	82	395	44	191	77	377	50	170	46	797	23
SPG20-AS1	69	9	1	52	4	2	6	6	8	12	1	9	0	9	1	14	2	8	6	11	13	4	6	26	9	4	2	1	12	8
LINC00544	2	3	0	0	0	0	0	4	1	0	0	1	0	0	0	0	0	0	0	1	1	0	7	0	0	0	5	0	0	0
KIAA0087	57	20	4	5	12	3	2	0	12	3	9	18	11	0	0	9	0	0	2	6	11	0	1	1	10	0	2	1	1	0
AC105760.3	0	20	0	0	1	0	0	0	0	3	0	0	0	1	0	1	1	0	0	0	2	0	1	0	0	0	0	0	0	1
DKFZP434K028	5	12	0	1	1	0	2	6	0	3	7	1	10	0	0	1	0	1	4	0	0	6	3	0	0	1	3	1	4	1
LINC00029	0	3	0	1	0	2	2	0	5	0	0	7	0	0	0	0	0	0	1	1	0	0	2	3	1	1	0	0	0	1
FAM182A	57	7	1	55	0	1	0	0	3	3	0	20	13	4	2	1	8	1	10	3	0	2	2	0	2	1	1	0	24	11
C20orf187	0	0	0	0	0	0	0	0	0	0	0	0	0	0	0	0	0	0	0	0	0	0	0	0	0	0	0	0	0	0
MMP24-AS1	1958	128	567	2480	579	1269	975	1916	3296	3287	2513	1300	2593	1447	1823	1589	1950	1469	1590	750	4673	2403	1140	290	2179	1686	2436	1538	2021	1236
C22orf24	12	6	4	27	1	15	9	6	13	23	0	4	16	2	1	3	2	4	3	3	3	2	6	6	2	8	4	4	3	4
TTTY1B	0	0	0	0	0	0	0	0	0	0	0	0	0	0	0	0	0	0	0	0	0	0	0	0	0	0	0	0	0	0
TTTY1	0	0	0	0	0	0	0	0	0	0	0	0	0	0	0	0	0	0	0	0	0	0	0	0	0	0	0	0	0	0
H19	1954	1475	187	55297	141	63	430	774	259	10136	139	114	5625	161	278	215	163	277	753	217	60	752	68	666	157	3248	1054	224	1052	364
TTTY9B	0	0	0	0	0	0	0	0	0	0	0	0	0	0	0	0	0	0	0	0	0	0	0	0	0	0	0	0	0	0
RP11-798G7.5	3	5	0	0	0	1	0	0	0	1	0	0	0	0	1	0	0	0	1	0	2	0	0	0	1	0	0	0	0	3
TTTY6	0	0	0	0	0	0	0	0	0	0	0	0	0	0	0	0	0	0	0	0	0	0	0	0	0	0	0	0	0	0
TTTY6B	0	0	0	0	0	0	0	0	0	0	0	0	0	0	0	0	0	0	0	0	0	0	0	0	0	0	0	0	0	0
LINC00470	3	290	1	3	0	1	5	0	81	52	0	1	0	1	1	0	36	0	0	2	0	1	0	1	4	83	0	44	56	2
LINC01260	77	4	0	6	0	13	4	6	10	12	17	13	5	3	31	27	10	2	1	2	6	4	23	7	16	2	14	0	7	14
C7orf69	0	4	0	0	0	0	1	0	1	0	0	0	0	0	0	0	0	1	0	0	0	2	2	0	0	0	0	4	0	0
RP11-84C10.2	0	3	3	1	0	0	0	4	0	2	0	0	20	0	1	1	2	3	0	0	0	0	5	0	1	1	2	0	3	1
RP11-809H16.2	0	0	0	0	0	0	0	0	0	0	0	0	0	0	0	0	0	0	0	0	0	0	0	0	0	0	0	0	0	0
ERVK3-1	519	391	411	886	228	553	229	231	164	838	194	1744	389	370	569	301	586	246	276	297	389	271	337	382	314	111	781	215	258	492
AC062028.1	4	8	4	19	2	1	1	3	4	29	0	8	20	2	8	0	7	7	1	0	6	4	4	1	1	3	1	1	2	14
LINC01558	183	13	3	128	0	0	1	6	0	46	1	4	37	1	0	3	0	2	1	1	0	0	0	1	5	9	41	0	5	60
LINC00525	2	7	0	2	0	0	0	3	2	2	0	7	2	0	1	2	1	2	1	0	0	12	1	0	0	6	9	3	0	0
TTTY7	0	0	0	0	0	0	0	0	0	0	0	0	0	0	0	0	0	0	0	0	0	0	0	0	0	0	0	0	0	0
TTTY7B	0	0	0	0	0	0	0	0	0	0	0	0	0	0	0	0	0	0	0	0	0	0	0	0	0	0	0	0	0	0
C20orf78	0	0	0	1	0	0	0	0	0	0	0	0	0	0	0	0	0	0	0	0	0	0	0	0	0	0	0	0	0	1
LINC00266-1	1	0	0	2	0	0	1	0	0	0	0	4	0	1	1	0	0	0	0	0	0	0	0	0	0	0	0	0	0	2
RP11-96C23.13	19	8	1	3	0	1	0	0	0	2	0	0	1	2	1	0	0	2	0	0	0	0	1	0	0	0	3	0	2	3
PART1	2464	88	1	675	634	6	160	21	250	656	190	301	0	67	66	117	247	120	138	6	85	827	3	87	170	3	19	107	367	40
LINC00467	768	93	178	654	243	294	219	185	167	743	1854	1281	389	272	258	298	147	270	257	631	457	275	273	281	614	270	270	198	276	501
RP11-66N24.4	86	23	33	38	67	42	31	18	2	42	8	83	28	13	39	32	31	8	9	22	27	17	30	24	26	20	30	18	11	34
C1orf147	8	14	1	9	0	13	15	4	4	25	5	4	0	2	8	8	5	2	2	3	15	12	5	3	13	5	7	7	3	3
AC007364.1	0	16	1	0	1	0	5	0	2	2	0	0	0	0	0	2	0	1	0	0	0	0	5	0	0	0	0	0	3	0
C2orf48	0	7	6	56	11	6	17	10	16	19	33	49	1	2	8	7	17	4	6	13	2	5	22	13	15	99	21	17	15	16
LINC01116	120	50	14	186	22	13	15	1	15	22	12	1317	106	7	6	8	24	40	16	254	11	23	10	12	28	194	1359	123	22	55
SNHG16	1579	1777	1337	4759	269	3017	383	884	548	2584	398	1020	966	957	500	946	549	649	518	571	360	520	354	819	1012	832	386	1838	379	851
IGF2BP2-AS1	6	99	9	5	0	0	7	0	2	5	0	3	2	1	0	0	0	0	0	0	0	0	2	0	1	10	1	0	0	4
SMAD5-AS1	3	14	3	7	1	0	1	0	0	2	2	6	6	1	2	0	0	0	0	0	1	1	2	0	1	1	4	1	1	2
C10orf25	166	94	90	547	22	90	10	28	27	148	70	177	106	14	43	16	108	61	45	110	19	28	23	90	44	78	92	15	35	236
ZNF667-AS1	1155	581	583	1905	18	1899	229	441	131	1595	432	1613	49	737	411	595	1027	610	450	708	461	267	34	455	437	188	129	182	71	849
MIR202HG	0	0	0	1	0	0	5	0	0	0	0	0	0	0	0	0	0	0	0	1	0	0	1	0	0	0	0	0	0	0
RP11-93B14.6	9	6	4	2	1	2	0	4	1	0	4	12	5	4	5	0	0	0	0	0	3	4	1	4	0	4	13	0	2	0
LINC00483	1	0	0	4	0	0	3	1	2	2	0	0	0	1	1	0	0	0	0	0	1	1	2	0	1	5	2	0	0	0
AC104389.28	15	2	0	1	2	0	3	0	3	1	0	6	0	2	0	2	0	0	0	1	0	5	0	0	1	0	0	0	0	2
LINC00905	0	4	0	1	0	0	3	0	0	1	0	0	1	0	0	0	0	0	0	0	0	0	3	0	0	0	0	0	0	0
RP11-25K19.1	41	44	182	269	8	13	26	32	73	86	11	58	113	6	16	48	356	40	116	239	1	29	95	61	55	16	59	18	52	61
LINC00917	0	9	0	2	4	0	2	0	1	0	0	0	0	0	4	0	0	0	0	0	1	0	0	0	0	0	0	0	0	0
RP11-262H14.4	71	5	9	197	11	4	20	7	6	52	6	186	49	6	0	6	4	5	14	16	7	5	10	22	13	7	7	30	16	33
LINC00266-3	0	0	0	0	0	0	0	0	0	0	0	0	0	0	0	0	0	0	0	0	0	0	0	0	1	0	0	0	0	0
AC093323.3	1440	187	1511	1653	405	1126	192	216	365	489	618	1189	799	750	791	320	358	421	449	473	448	559	737	782	475	200	400	979	459	837
TPT1-AS1	1023	267	474	636	207	190	181	152	415	388	328	375	327	252	150	488	247	190	247	515	696	420	177	270	268	272	282	204	187	745
LINC00208	0	1	0	0	0	0	1	1	0	0	0	0	0	0	0	0	0	2	0	0	0	0	0	0	0	0	0	0	0	0
SHANK2-AS3	0	5	1	0	0	0	0	0	1	0	0	0	0	0	0	0	1	1	0	0	0	1	0	1	5	0	0	0	0	1
MIR31HG	43	66	0	9	7	2	1	0	1	11	15	24	2	0	27	14	1	6	7	0	0	1	27	5	0	3	29	3	4	101
SERHL	96	27	18	25	20	40	38	24	17	66	34	22	39	20	28	6	23	26	15	37	34	47	14	24	34	7	57	26	12	38
MIR4435-1HG	215	425	112	1182	362	803	225	886	207	383	622	1595	3578	514	343	515	85	609	542	104	256	389	711	337	270	415	1789	550	568	615
CMB9-22P13.1	137	19	13	379	21	497	48	42	55	170	154	121	62	177	348	19	262	21	19	46	49	41	26	11	35	205	317	18	34	205
CCDC13-AS1	75	11	13	101	6	7	9	8	15	37	2	12	3	16	10	0	1	12	11	36	91	9	9	7	42	12	9	2	21	25
RP11-89N17.1	5	1	1	0	3	1	0	0	0	4	0	3	0	0	0	0	2	2	0	0	3	1	1	0	2	0	1	0	1	0
RP11-97O12.7	37	6	3	22	3	3	1	5	2	13	4	6	0	2	2	8	0	3	1	1	1	6	1	2	2	2	4	2	0	4
RP11-23P13.6	33	7	4	13	3	10	2	9	14	86	10	10	25	10	33	15	4	1	4	9	56	51	95	10	1	7	38	233	7	13
SNHG11	691	124	357	1148	240	242	103	163	298	1457	350	1061	1088	278	245	286	379	174	295	323	367	222	172	309	229	279	520	343	189	503
C20orf166-AS1	67	3	0	8	1	7	0	1	7	0	0	4	1	0	0	4	1	2	4	11	2	1	1	0	14	0	3	0	4	0
MIR1-1HG	1	2	0	1	0	0	0	0	0	0	0	1	0	0	0	0	0	0	0	0	0	0	0	0	0	0	0	0	0	0
GRIK1-AS1	8	2	2	10	2	0	7	0	26	0	0	3	0	4	25	6	41	6	12	2	3	8	0	16	4	0	2	0	5	3
LRRC75A-AS1	35829	3927	6292	35004	5157	8965	5275	4161	4452	24306	18383	18563	4685	11862	11292	10629	6797	4457	11118	30444	5578	8051	2227	15944	13504	2992	2811	9799	4313	12695
TMEM51-AS1	122	99	45	31	68	13	20	31	60	71	13	133	22	4	21	170	42	59	46	4	50	29	30	32	19	38	67	38	48	28
RP11-276H1.3	8	13	0	5	0	0	7	3	4	2	1	9	7	0	2	3	3	2	0	1	1	0	0	1	1	4	0	0	3	4
LINC00476	225	105	51	284	116	62	64	68	45	81	64	267	122	114	78	56	84	117	84	62	57	28	52	135	163	35	40	107	68	138
LINC00521	0	2	0	5	0	27	1	3	3	1	0	4	0	0	2	4	0	0	1	1	1	1	1	2	0	0	0	0	0	0
C15orf54	2	23	0	1	1	5	0	0	5	2	3	3	0	0	0	2	0	2	2	0	0	1	2	2	2	0	1	3	1	0
LINC01106	124	66	83	75	21	53	18	41	12	3	10	92	40	27	25	19	23	21	18	5	20	35	14	33	19	19	114	6	11	63
RP11-121M22.1	90	10	6	48	10	11	6	0	14	52	7	21	7	19	21	12	1	3	3	21	8	4	15	20	22	9	4	6	11	46
RP11-544L8__B.4	13	6	11	1	0	0	0	1	0	3	0	2	0	0	0	2	0	0	0	0	6	1	0	0	0	1	1	1	1	2
LINC00302	0	0	0	0	0	0	0	0	0	0	0	0	0	0	0	0	0	0	0	0	0	0	0	0	0	0	0	0	0	0
C10orf111	132	8	11	116	4	21	4	14	26	127	10	49	0	10	3	10	12	10	19	29	22	6	23	15	22	17	20	4	33	16
RP11-404O13.5	1	8	0	2	0	2	59	0	5	1	0	0	8	2	0	1	0	4	0	4	2	0	2	3	3	2	0	1	4	0
AC110781.3	0	11	2	0	0	0	0	0	0	0	0	3	0	0	0	1	1	0	0	2	0	1	1	0	0	0	0	1	0	0
RP5-856G1.2	2	4	0	2	0	0	0	0	1	2	3	1	0	1	0	1	0	0	0	0	1	3	0	0	2	0	0	2	0	1
CTD-2368P22.1	678	141	246	455	3	186	47	48	16	369	22	228	39	147	112	75	394	84	39	84	117	18	28	32	74	16	58	40	24	117
C20orf197	16	0	0	3	2	13	2	2	8	31	2	1	8	2	4	7	8	13	2	1	10	0	3	4	5	2	7	0	8	8
TTTY14	0	0	0	0	0	0	0	0	0	0	0	1	0	0	0	0	0	0	0	0	0	0	0	0	0	0	0	0	0	0
C15orf56	109	5	28	52	3	20	21	35	52	23	15	35	3	35	13	31	16	41	30	48	43	15	17	36	34	42	31	5	18	9
LINC00303	2	17	0	5	110	6	27	1	14	15	12	162	0	8	14	44	8	1	14	5	36	5	3	11	23	4	0	13	3	3
MIR7-3HG	0	0	0	1	0	0	23	1	3	1	0	0	0	0	0	0	0	0	0	1	2	0	0	0	0	2	1	2	0	1
RP11-334J6.7	0	0	0	0	0	0	0	0	0	0	0	0	0	0	0	0	0	0	0	0	0	0	0	0	0	0	0	0	0	0
TYMSOS	25	11	9	96	29	70	22	30	74	45	154	42	44	62	22	26	32	16	22	23	8	21	83	51	15	27	82	80	34	56
