TCGA.AJ.A3NH.11A	TCGA.BK.A26L.01A	TCGA.D1.A0ZZ.01A	TCGA.PG.A7D5.01A	TCGA.5S.A9Q8.01A	TCGA.A5.A3LP.01A	TCGA.AX.A2HA.01A	TCGA.A5.A1OF.01A	TCGA.AJ.A2QN.01A	TCGA.PG.A914.01A	TCGA.AP.A1DO.01A	TCGA.EY.A1GP.01A	TCGA.EO.A3AZ.01A	TCGA.B5.A0JV.01A	TCGA.EY.A1GC.01A	TCGA.BG.A186.01A	TCGA.EY.A1GR.01A	TCGA.D1.A16D.01A	TCGA.AP.A0LV.01A	TCGA.AP.A1E4.01A	TCGA.BG.A0W1.01A	TCGA.B5.A11H.01A	TCGA.BS.A0TA.01A	TCGA.AX.A2HJ.01A	TCGA.A5.A1OK.01A	TCGA.FI.A2EX.01A	TCGA.KP.A3W1.01A	TCGA.AX.A1CN.01A	TCGA.A5.A0R8.01A	TCGA.EO.A3B1.01A
ENSG00000000003.13	6626	4394	4253	8011	709	4045	867	657	3139	7215	1140	7891	1785	2049	2658	1597	1685	3723	3185	3196	1117	3255	1312	2389	2128	1865	2648	1814	3766	5548
ENSG00000000005.5	10	7	1	16	1	1	0	0	0	2	0	4	0	0	0	1	49	2	3	0	8	5	0	1	0	5	7	0	2	0
ENSG00000000419.11	1499	1084	341	3536	254	1772	394	373	686	2814	709	2265	519	756	828	410	1774	412	523	500	617	548	396	687	540	810	2047	707	346	1977
ENSG00000000457.12	949	535	487	1307	326	509	341	192	314	1048	683	1728	201	559	255	652	409	327	347	757	672	276	197	297	1383	305	453	550	233	424
ENSG00000000460.15	177	627	251	853	110	449	86	109	145	479	234	1021	90	248	208	163	498	59	164	228	172	168	145	225	238	300	412	620	54	331
ENSG00000000938.11	190	61	35	148	35	203	76	293	98	507	41	348	190	42	182	194	156	322	202	42	318	431	577	121	215	62	1030	39	314	630
ENSG00000000971.14	1195	1650	181	2765	945	419	758	170	182	398	540	2282	335	178	665	3479	2825	4619	2030	81	172	693	333	929	2961	125	1797	1167	285	803
ENSG00000001036.12	2463	1971	743	3875	894	6129	1280	1270	1779	3713	2158	5383	2220	2461	3049	1817	2467	1667	1863	851	2383	2170	1781	2316	1603	1663	4219	864	1878	2936
ENSG00000001084.9	20562	1126	852	1724	313	3172	558	3806	927	2505	403	2032	355	1483	2645	1721	1054	717	1235	580	565	936	404	1176	1034	949	1436	2742	1367	927
ENSG00000001167.13	923	2105	2675	3632	391	1397	876	946	485	3521	908	4199	717	800	461	725	1237	544	998	1126	728	1241	526	1017	958	1054	1963	1696	515	3767
ENSG00000001460.16	1967	137	230	1383	240	265	206	530	330	418	396	555	174	408	177	272	265	677	360	296	570	360	484	440	1080	172	543	256	1026	490
ENSG00000001461.15	3138	1041	2113	1719	418	1596	534	1295	705	1858	741	1342	672	1007	1394	888	1919	1666	605	960	1102	706	878	704	1360	607	960	1297	495	2461
ENSG00000001497.15	3029	672	1979	5720	645	2415	301	1016	1498	3311	1217	3056	5037	1202	2127	1130	2436	939	2288	1074	1297	1487	1886	1757	1209	2037	3878	1630	1689	4572
ENSG00000001561.6	1692	593	762	1628	212	1123	697	280	611	1117	746	1381	178	677	578	659	542	1008	314	301	1037	927	270	531	1188	288	168	1179	621	976
ENSG00000001617.10	1907	875	2593	8020	1423	9889	1081	1335	888	5853	1049	5458	2894	1408	2083	1835	3103	1428	2075	6437	4186	1916	835	1473	2357	742	2968	4333	1881	4048
ENSG00000001626.13	208	76	5606	3360	1527	14	11	17	22	25	7	70	0	71	3	29	40	89	1571	3	12	203	2529	17	22	630	51	77	13	107
ENSG00000001629.8	1728	2437	1752	3192	616	3481	758	698	1813	2955	833	4644	381	1207	597	1177	983	870	955	763	1567	1181	1161	1989	1444	1152	2904	1904	626	2383
ENSG00000001630.14	76	19	129	187	18	184	72	48	107	180	65	190	43	89	42	55	30	38	38	52	12	112	8	37	96	46	68	230	7	115
ENSG00000001631.13	1804	836	1039	2277	348	1324	274	454	751	2570	538	2560	91	600	236	555	314	350	500	465	651	458	438	941	696	508	1291	685	244	973
ENSG00000002016.15	671	288	504	438	404	410	88	179	156	1204	217	822	113	128	241	190	306	103	147	436	463	161	245	234	240	228	454	188	86	1179
ENSG00000002079.11	29	11	1	21	5	11	25	12	23	101	0	44	240	5	11	10	3	3	4	19	6	16	16	5	9	18	33	0	6	34
ENSG00000002330.12	2337	130	664	2715	526	1820	747	781	715	1340	2197	1969	3561	960	1191	920	1331	1146	1310	902	1228	1522	765	1205	922	599	819	1235	1681	2405
ENSG00000002549.11	4049	1608	4314	6034	745	2220	1053	6224	1186	15724	756	5666	7562	1733	4609	1610	2372	1279	1443	503	903	3023	3313	1776	2852	1341	3810	3296	967	4246
ENSG00000002586.16	7753	1245	1407	18943	2740	7342	2597	2876	3580	1235	4221	7788	7298	541	731	3533	6217	6940	5055	1926	2766	3924	4596	4288	3339	637	2407	2837	5001	5860
ENSG00000002587.8	220	183	103	366	532	852	673	63	1548	219	473	1300	548	1675	1763	1570	4175	628	1298	415	217	248	122	2717	1748	71	868	682	181	121
ENSG00000002726.18	54	377	25655	3506	0	696	92	64	299	643	5031	6775	428	289	632	55	24	5240	92	63	2381	2261	50	14	20	252561	54892	768	2644	8220
ENSG00000002745.11	22	64	714	35	34	0	3	0	3	19	0	100	4	1	1	2	5	2	53	4	5	6	6	4	1	1	17	136	5	2
ENSG00000002746.13	15	162	24	52	9	42	7	16	719	23	1	65	19	6	52	48	30	8	65	4	8	13	6	54	33	26	23	9	25	84
ENSG00000002822.14	1262	490	1975	2149	775	1002	337	881	662	2901	683	3036	2540	993	1664	1385	1497	724	1602	925	1599	1180	1325	555	824	789	2049	783	1119	1863
ENSG00000002834.16	7831	4776	5007	9992	7851	13885	2669	4441	2814	11665	4191	16148	4976	2597	3708	2401	5722	4218	5046	5993	2203	5804	4790	5046	4124	9592	8278	5158	3903	20140
ENSG00000002919.13	716	298	328	1394	387	1365	363	425	406	784	599	1966	1289	535	560	583	459	729	558	592	559	844	560	489	462	579	1056	682	592	1597
ENSG00000002933.6	1087	503	3985	1691	45	2963	222	693	195	491	737	2384	2278	143	2289	255	1037	1533	472	213	1290	978	1122	838	339	20865	1802	8764	226	2182
ENSG00000003056.6	2830	2350	1104	3100	373	4453	548	1480	912	5681	644	4631	260	2622	2690	1126	1725	1351	785	895	564	1402	570	1187	1632	963	1369	2040	339	3780
ENSG00000003096.12	1327	407	362	754	6	1019	171	97	515	26	44	414	59	271	361	33	1529	680	128	195	398	134	41	765	367	894	4325	105	338	220
ENSG00000003137.7	210	13	45	827	63	139	14	19	11	46	17	2050	9	32	73	7	82	36	38	22	5	42	68	13	22	33	59	591	76	86
ENSG00000003147.16	1914	678	951	1611	1865	938	1014	1011	933	2590	2132	3114	613	1933	164	2530	579	1024	1400	1259	1526	931	950	117	1674	382	1808	1138	902	1783
ENSG00000003249.12	1001	358	885	1442	966	2364	1655	1476	1656	2488	1921	2310	1656	1157	740	295	221	707	1687	2313	1373	1434	1779	1814	1390	1101	1661	1174	1135	1360
ENSG00000003393.13	1123	1948	1018	1839	373	1649	520	564	644	1434	479	3308	488	416	276	468	435	443	498	945	508	706	466	730	852	542	1248	920	497	2100
ENSG00000003400.13	819	1131	927	535	174	1569	125	697	137	615	116	1025	471	85	274	271	153	248	151	152	350	731	296	130	482	194	1266	63	499	1005
ENSG00000003402.18	4508	3040	2156	3035	1211	6096	1715	2039	1605	5182	2117	4891	5159	1208	1285	2422	1406	2340	1412	1575	2487	2225	2434	1729	3305	1541	7386	1240	1753	3935
ENSG00000003436.13	1088	292	128	292	77	349	97	72	137	127	2725	1158	144	69	61	153	61	487	197	138	97	255	77	186	136	3842	2569	193	203	391
ENSG00000003509.14	509	419	499	1327	199	531	359	322	255	894	264	822	449	246	253	291	349	171	296	301	436	310	353	323	247	302	1032	454	262	849
ENSG00000003756.15	8548	2638	3194	4313	2634	2950	701	1599	703	7746	3356	5246	1533	1663	2398	5312	2541	1621	1787	2929	13405	2388	2271	2128	3550	884	2945	2243	1496	5158
ENSG00000003987.12	73	153	8	83	16	85	39	10	56	35	62	243	12	9	11	23	76	22	20	48	33	15	16	45	22	11	65	22	24	16
ENSG00000003989.15	14737	1222	180	774	62	15450	361	57	63	2479	6517	208	23	1148	11	442	237	50	336	257	25	25	39	80	55	3116	3658	46	70	320
ENSG00000004059.9	6519	769	2705	6984	3331	7940	2322	2699	4392	8278	5233	12339	8797	5049	4090	3366	7491	3867	6130	4787	4463	5219	4473	10173	3526	6861	11741	5022	4800	7471
ENSG00000004139.12	984	92	94	332	123	291	80	162	313	206	177	335	89	248	74	232	130	112	133	175	258	170	115	257	355	53	58	67	76	352
ENSG00000004142.10	4273	1265	2649	5587	1513	7523	1579	3882	2525	4917	3460	7784	7104	3049	2926	2588	7023	2898	3425	2389	2458	4280	3177	4099	3469	7537	5698	3820	3219	7563
ENSG00000004399.11	3033	1171	5446	3459	602	7940	1133	1434	1506	6662	1941	7907	5908	806	2003	1543	1604	3753	2053	592	2030	1692	1224	3059	1956	3988	9342	1637	2133	5554
ENSG00000004455.15	4849	1933	3164	6664	1030	10794	1200	3595	1568	9032	2458	3006	3625	2460	3609	1585	3352	3918	2331	2413	2184	2745	3699	2497	2644	3623	5699	2508	2387	5557
ENSG00000004468.11	336	112	17	200	14	187	39	421	34	192	9	367	268	24	447	97	97	266	52	3	12	322	1642	48	184	45	759	132	702	118
ENSG00000004478.7	8788	3591	8150	11188	1688	12761	6296	4822	2766	46135	10439	13775	24824	3690	14900	3140	9163	2645	5481	3507	5848	7086	3711	6807	4159	4352	7836	6858	2576	18311
ENSG00000004487.14	5411	6805	6450	11674	2061	2514	1228	2852	3233	6802	2900	6453	3158	3606	5444	2712	6435	2488	5413	4189	2488	3652	3274	4954	4572	5214	5341	5622	2710	10196
ENSG00000004534.13	5567	1925	1709	5137	3377	2284	848	2300	929	9552	1357	7345	2546	1747	2174	3384	3995	1149	1467	1356	10990	1845	2218	1672	1737	1484	4973	1613	1865	4916
ENSG00000004660.13	371	198	278	741	103	1942	118	454	403	1230	362	1299	594	452	442	403	175	96	89	178	401	220	181	72	260	437	162	99	194	370
ENSG00000004700.14	443	1190	184	955	86	1289	147	253	294	795	106	1202	159	281	401	248	277	201	226	223	183	380	157	227	374	273	414	491	61	2413
ENSG00000004766.14	1059	606	681	1342	207	1332	199	421	487	1129	723	1541	160	406	311	552	339	429	314	256	719	445	325	662	648	514	1116	543	195	959
ENSG00000004776.10	5058	9	312	1520	106	117	36	187	210	3728	274	898	263	614	487	117	330	96	360	408	1416	55	112	650	350	67	112	41	207	188
ENSG00000004777.17	705	23	229	2200	220	701	323	349	361	808	263	1280	119	135	265	216	681	28	223	464	468	390	333	1023	262	1095	707	277	205	204
ENSG00000004779.8	2443	631	1197	4978	503	3817	488	1278	874	3928	2446	3423	3263	1064	3482	718	1936	1012	1100	877	857	914	1119	1140	1002	1406	1815	1765	1095	1394
ENSG00000004799.7	3790	635	197	982	101	1490	1330	165	435	438	293	3158	108	282	118	177	156	469	202	185	199	395	48	264	757	277	2576	679	263	694
ENSG00000004809.12	2	19	103	92	2	50	4	0	17	250	0	13	0	0	1226	7	409	2	66	1	17	31	12	14	10	19	7	2	6	17
ENSG00000004838.12	11891	47	42	4594	213	74	174	1170	809	251	161	67	737	535	94	38	30	1817	1429	52	3135	878	1828	94	4676	25	239	16	7555	317
ENSG00000004846.15	9	39	2	10	3	1	5	0	7	52	0	0	0	0	0	1	946	5	2	1	1	5	0	1	8	2	0	6	0	5
ENSG00000004848.6	58	1	2	4	2	4	3	0	5	0	11	18	0	1	0	0	0	1	0	0	3	0	10	66	3	3	0	1	0	3
ENSG00000004864.12	1563	1711	1945	2594	625	3235	371	494	1369	3397	854	3629	562	1271	964	1158	708	956	757	629	868	978	638	1460	1553	1253	3261	2099	634	1901
ENSG00000004866.17	1720	570	674	1579	518	963	473	426	1254	1103	1080	2174	535	613	487	1233	808	837	1099	412	644	1191	867	888	781	1367	2327	901	645	657
ENSG00000004897.10	2074	2152	898	4373	430	3921	654	473	879	1864	1153	2937	1119	741	650	757	856	1102	892	683	719	1436	992	1102	1047	1280	2494	1620	858	3514
ENSG00000004939.12	12	13	5	8	2	6	38	0	22	12	2	19	5	2	6	5	3	1	3	18	1	1	9	30	2	24	3	1	0	2
ENSG00000004948.12	3	22	8	4	0	19	2	0	5	3	0	93	5	0	3	4	19	2	7	2	3	4	5	17	3	4	3	3	0	4
ENSG00000004961.13	676	591	745	1775	209	1419	359	502	607	1534	591	1290	916	424	1237	311	705	429	416	238	355	529	460	491	457	1078	542	707	417	479
ENSG00000004975.10	2045	367	834	3005	605	2571	369	731	662	3934	1036	3686	981	1173	1490	744	897	540	825	1527	575	752	555	1349	1187	1427	1544	1235	434	2372
ENSG00000005001.8	489	291	400	1173	409	961	291	614	352	3659	453	1912	116	200	141	810	936	1431	439	74	676	273	260	37	469	1587	3002	391	690	576
ENSG00000005007.11	7227	1793	11477	8783	1888	5928	2363	3367	2930	8632	4235	6582	1548	3395	2663	3212	4791	4105	4224	3598	3095	5426	3097	4905	4844	3535	5114	5194	3321	10668
ENSG00000005020.11	2438	1750	230	1123	243	901	159	567	87	4862	1012	465	789	284	272	536	380	342	63	204	83	637	394	158	456	1375	2191	653	103	3122
ENSG00000005022.5	5326	4718	6999	14240	1430	15975	2130	5722	8649	17159	6644	12825	8908	6855	13542	3741	11564	4643	5158	3562	1621	7734	3281	6561	7737	5293	8981	9081	2897	9854
ENSG00000005059.14	458	139	52	602	59	345	241	378	194	259	551	431	644	372	311	146	457	293	267	72	235	206	865	179	253	383	325	349	315	339
ENSG00000005073.5	8	903	108	218	110	41	712	66	635	79	2007	535	780	346	29	177	643	295	354	2928	120	494	302	741	813	184	278	33	503	536
ENSG00000005075.14	1544	125	599	2191	834	2126	584	961	844	1861	1718	3138	4870	1089	836	799	1992	1039	1403	982	1693	1310	1522	2307	739	1133	2905	1035	1730	2049
ENSG00000005100.11	1222	809	786	1209	425	1260	499	656	844	1237	689	2704	1330	911	770	569	709	394	930	764	788	787	729	816	1026	970	1073	2104	432	2290
ENSG00000005102.11	140	466	4	8556	45	29	33	23	7	2394	0	168	132	3	8	11	10	82	15	109	9	45	24	82	32	99	105	7	48	3050
ENSG00000005108.14	337	5510	150	605	20	1009	219	22	398	133	135	1259	61	95	33	175	105	288	639	97	118	41	221	66	381	55	364	110	89	800
ENSG00000005156.10	1494	811	1099	2170	425	1952	435	760	837	2303	519	2849	452	891	610	896	2149	578	1058	748	566	1213	694	1080	1096	1816	1776	1312	544	1273
ENSG00000005175.8	1763	1180	636	2900	278	1992	235	565	437	2709	959	2360	682	610	957	420	1224	430	630	627	597	727	556	743	609	648	1212	671	504	1309
ENSG00000005187.10	3536	627	890	697	212	786	220	436	530	430	108	558	61	644	406	682	185	943	478	280	827	1186	449	683	328	1984	1087	47	305	1169
ENSG00000005189.18	454	52	86	374	137	145	91	122	199	364	159	435	168	179	236	91	178	135	128	89	125	257	200	284	181	211	187	134	144	198
ENSG00000005194.13	1472	1775	1667	3446	573	1582	534	1202	945	4727	1296	4243	2154	1460	969	501	583	1300	1734	1172	921	1643	1241	1338	1496	1425	2392	1068	1102	1702
ENSG00000005206.15	3980	106	2502	2630	2736	1478	1309	1284	1422	1528	2966	5715	1932	1164	551	2756	1228	1967	2756	2201	3178	2387	2181	2810	1858	1222	1726	2493	3215	3782
ENSG00000005238.18	480	239	419	967	312	979	417	573	409	1067	357	5641	2221	237	495	317	412	629	675	263	403	564	419	363	385	276	686	938	614	880
ENSG00000005243.8	429	113	45	242	42	553	39	108	56	297	188	487	1211	21	87	78	226	100	119	121	56	297	73	168	75	136	185	73	88	248
ENSG00000005249.11	1042	976	33	807	18	2074	43	27	403	395	113	339	125	8	32	76	327	217	115	340	13	86	83	138	945	62	232	69	245	168
ENSG00000005302.16	1416	772	1439	2625	306	1456	565	618	698	3020	427	2639	731	659	872	460	1244	677	686	669	608	900	959	659	858	750	1052	980	631	1742
ENSG00000005339.11	5474	5147	6170	361	1060	8437	1465	2309	2042	10824	2029	8557	1069	1925	3267	2702	2310	2268	2244	3325	1942	2365	1445	3142	3834	2113	3444	3213	1315	4501
ENSG00000005379.14	4690	263	2161	4177	623	385	294	458	702	4734	377	3051	122	778	335	316	149	220	395	1580	2631	94	422	615	860	203	476	3821	419	627
ENSG00000005381.7	9	7	16	180	3	12	3	4	6	27	2	204	20	2	18	5	7	4	6	4	23	8	22	2	19	4	15	14	8	25
ENSG00000005421.7	95	21	4	119	178	1	2	4	0	8	107	595	0	2	1	158	11	0	5	1	2	6	0	3	5	3	2	0	0	2
ENSG00000005436.12	1374	1103	454	2120	247	569	405	244	378	1377	346	1361	117	412	349	387	571	310	314	449	369	256	258	491	624	449	551	616	209	1363
ENSG00000005448.15	4721	353	629	6964	523	623	184	1353	699	964	1429	2132	2789	1230	605	409	819	694	1489	1188	1046	1103	1714	992	1500	492	253	854	3664	1221
ENSG00000005469.10	1409	297	349	792	147	438	169	87	313	321	219	1333	44	239	204	301	209	291	183	256	378	349	224	282	319	125	396	231	138	473
ENSG00000005471.14	19	75	33	86	72	30	10	9	16	58	42	338	20	9	20	34	49	27	61	24	12	22	18	20	26	4	18	13	20	26
