TCGA.N5.A4RU.01A	TCGA.N9.A4Q7.01A	TCGA.N5.A4RT.01A	TCGA.N5.A4RJ.01A	TCGA.N8.A4PP.01A	TCGA.NA.A4QW.01A	TCGA.N5.A4RA.01A	TCGA.N8.A56S.01A	TCGA.N9.A4PZ.01A	TCGA.NF.A5CP.01A	TCGA.N5.A59E.01A	TCGA.NG.A4VU.01A	TCGA.N5.A4RF.01A	TCGA.N7.A4Y0.01A	TCGA.NF.A4WU.01A	TCGA.ND.A4WF.01A	TCGA.N5.A59F.01A	TCGA.N6.A4VF.01A	TCGA.QN.A5NN.01A	TCGA.N6.A4VD.01A	TCGA.N5.A4RD.01A	TCGA.N8.A4PO.01A	TCGA.N7.A59B.01A	TCGA.ND.A4WC.01A	TCGA.N6.A4VG.01A	TCGA.NF.A4WX.01A	TCGA.N8.A4PL.01A	TCGA.N7.A4Y5.01A	TCGA.N8.A4PI.01A	TCGA.N9.A4Q1.01A
ENSG00000082929.7	0	0	9	3	2	61	13	2	7	13	3	121	11	0	1	2	6	0	3	22	81	2	0	66	1	1	2	2	98	46
ENSG00000083622.8	1	4	0	1	1	0	1	4	0	1	0	0	0	0	0	0	0	0	0	8	0	0	17	4	10	0	0	0	0	0
ENSG00000093100.13	4	5	6	1	11	19	3	7	11	14	7	17	1	2	26	6	10	2	2	14	5	9	6	2	34	31	7	0	24	1
ENSG00000099869.7	1068	17	11	1640	356	4068	4918	3555	36	3	1391	2396	145	0	2280	1433	1615	120	14	10	419	1773	4	14	728	2207	876	3236	5	9234
ENSG00000100181.20	250	41	159	4	7	2653	130	1497	36	34	862	19	4	23	2572	8	73	24	10	8	289	249	9	29	182	360	196	8	32	1336
ENSG00000115934.11	0	0	0	0	0	0	0	0	0	0	0	0	0	0	0	0	0	0	0	0	0	1	0	0	0	0	1	0	0	0
ENSG00000116652.6	2	2	6	0	10	6	12	30	11	12	6	15	2	5	23	11	9	14	3	14	5	16	1	8	22	19	4	13	11	5
ENSG00000116883.8	84	195	193	335	1140	253	359	363	181	231	343	167	106	117	273	195	544	108	162	190	442	453	110	647	554	610	440	163	1140	253
ENSG00000117242.7	977	170	664	665	377	617	324	348	328	287	536	180	173	266	692	614	352	327	96	339	432	526	1247	339	919	633	549	643	593	197
ENSG00000120055.7	12	45	10	44	25	10	8	67	15	20	18	9	14	18	61	10	59	144	10	697	6	30	25	47	59	29	16	2	20	10
ENSG00000120664.9	18	32	14	23	20	65	35	54	31	3	14	50	8	12	11	17	8	16	6	13	23	17	27	34	58	32	14	57	18	13
ENSG00000122043.9	0	3	0	0	0	0	0	1	0	0	0	0	0	0	1	0	0	2	0	0	0	1	0	2	0	0	0	0	0	0
ENSG00000122548.5	0	1	11	1	8	6	28	17	27	7	4	23	0	0	58	4	0	19	0	0	5	58	2	3	20	6	1	1	0	1
ENSG00000124835.2	1	0	0	2	1	0	2	1	0	0	0	1	0	0	0	0	0	0	0	0	0	0	0	0	0	0	1	0	1	1
ENSG00000124915.9	2	18	4	2	9	1	3	3	1	0	0	1	2	0	2	2	3	0	0	0	0	0	2	3	0	7	1	2	2	4
ENSG00000125514.8	0	0	23	0	0	3	3	0	0	0	3	0	0	0	1	1	3	0	0	0	4	0	0	0	0	0	0	2	0	3
ENSG00000125804.12	0	5	4	44	12	3	2	7	1	2	0	2	1	43	8	12	15	6	0	18	11	10	3	7	62	31	6	0	34	16
ENSG00000125899.7	0	0	0	0	0	0	0	1	0	0	0	0	0	0	0	0	0	0	0	0	0	0	8	0	0	0	0	0	0	0
ENSG00000126005.14	1411	1352	2202	4148	1410	2315	1425	996	3002	1721	2229	1018	1893	3187	2018	927	1652	2714	3729	3231	2360	2105	4529	3128	1506	1184	1393	1009	7865	2571
ENSG00000128254.12	36	1	24	19	43	37	27	93	2	9	15	9	23	7	35	16	38	5	6	11	5	11	12	8	11	32	18	8	12	11
ENSG00000129816.5	0	0	0	0	0	0	0	0	0	0	0	0	0	0	0	0	0	0	0	0	0	0	0	0	0	0	0	0	0	0
ENSG00000129845.5	0	0	0	0	0	0	0	0	0	0	0	0	0	0	0	0	0	0	0	0	0	0	0	0	0	0	0	0	0	0
ENSG00000130600.14	77756	425	1843	223	211152	1482	13218	1538	32068	840	24567	934	49836	178	169	745	20393	9063	607	2174	354	26648	403	172741	136	190	78	737	45414	590
ENSG00000131007.8	0	0	0	0	0	0	0	0	0	0	0	0	0	0	0	0	0	0	0	0	0	0	0	0	0	0	0	0	0	0
ENSG00000131484.4	1	0	0	0	0	1	0	1	1	0	0	0	0	0	6	0	1	0	0	1	3	5	0	1	0	7	3	2	0	0
ENSG00000131538.7	0	0	0	0	0	0	0	0	0	0	0	0	0	0	0	0	0	0	0	0	0	0	0	0	0	0	0	0	0	0
ENSG00000131548.7	0	0	0	0	0	0	0	0	0	0	0	0	0	0	0	0	0	0	0	0	0	0	0	0	0	0	0	0	0	0
ENSG00000132204.12	18	1	337	5	7	305	3	14	95	111	24	12	0	16	2	62	73	3	2	479	318	3	0	0	16	1	0	94	348	227
ENSG00000132832.8	3	19	59	23	42	25	8	13	72	18	46	18	3	2	41	1	19	14	0	25	15	15	14	4	3	7	7	8	11	11
ENSG00000136275.9	0	0	0	1	2	0	0	0	0	0	0	0	0	0	0	0	3	0	1	0	0	0	0	0	0	0	0	0	1	0
ENSG00000136315.4	1	1	1	0	4	0	5	2	1	1	6	2	2	2	0	0	9	5	1	0	10	3	0	0	7	0	0	1	0	0
ENSG00000137808.12	0	0	0	0	0	0	0	0	0	0	0	0	0	0	0	0	0	0	0	0	0	0	0	0	0	0	0	0	0	0
ENSG00000142396.9	400	426	818	661	478	1054	454	758	1978	668	716	408	373	682	701	518	706	811	569	865	1554	808	504	615	908	721	854	837	948	393
ENSG00000145063.13	2	2	12	19	1	16	9	31	3	8	8	2	3	4	41	0	12	3	1	10	10	2	16	2	3	17	8	8	1	25
ENSG00000146521.8	1	12	3	18	1	1	2	16	36	14	1	2	0	1	19	20	61	58	42	2	4	1964	0	12	5	30	0	0	36	0
ENSG00000146666.5	2	20	4	0	11	2	0	1	2	2	4	0	0	0	1	2	4	0	0	1	7	2	0	5	1	2	0	2	6	18
ENSG00000147753.8	0	0	0	0	0	0	0	0	0	0	0	0	0	0	0	0	0	0	0	0	0	0	0	0	0	0	0	0	0	0
ENSG00000147761.7	0	0	0	0	0	0	0	0	0	0	0	0	0	0	0	0	0	0	0	0	0	0	0	0	0	0	0	0	0	0
ENSG00000149443.6	0	0	11	5	0	0	0	0	0	0	0	0	0	0	0	0	0	0	0	0	1	0	0	0	1	0	0	0	0	0
ENSG00000149656.7	0	0	0	1	0	2	0	1	2	0	2	0	0	0	0	0	0	0	0	2	17	0	0	1	3	6	0	0	1	1
ENSG00000151303.11	1	0	2	6	18	10	0	12	3	4	11	12	1	2	0	2	8	8	3	3	2	10	1	0	6	9	0	6	2	7
ENSG00000152931.7	977	2	446	72	240	67	24	154	442	646	345	2	38	2	546	723	1094	404	79	201	272	121	730	19	24	227	21	2	154	20
ENSG00000153363.11	300	343	627	810	766	481	628	382	246	275	454	599	198	410	489	366	241	641	69	718	432	552	557	460	450	93	351	253	645	662
ENSG00000157306.13	14	41	31	19	49	5	10	40	64	33	184	14	7	39	106	22	84	30	9	70	30	41	36	28	36	65	19	6	120	12
ENSG00000162888.4	2	0	6	2	8	4	1	9	1	28	2	8	0	1	9	2	4	10	3	4	5	0	1	6	6	3	6	0	9	1
ENSG00000162947.4	1	1	1	0	3	1	2	0	0	0	2	1	0	0	3	0	1	0	0	2	0	0	0	1	0	0	0	0	7	0
ENSG00000163009.7	34	63	92	36	36	138	92	52	47	27	55	90	11	60	58	90	30	9	9	35	26	163	196	15	113	107	56	43	39	137
ENSG00000163364.8	276	378	775	492	2057	82	757	299	991	423	132	662	28	23	240	520	404	409	51	31	674	340	725	1583	782	123	336	500	556	146
ENSG00000163597.13	1218	2092	1511	1614	2222	3154	1974	3455	1668	1436	942	3668	1386	1249	3093	3121	1286	1182	1486	2344	1751	2188	1537	2262	2682	3509	1798	2079	3307	4863
ENSG00000163915.6	2	6	4	6	11	2	1	7	4	1	4	2	0	0	6	6	10	0	1	0	9	4	0	1	6	3	2	3	1	2
ENSG00000164621.5	18	5	8	18	0	20	6	5	8	8	18	3	20	1	2	17	25	4	3	3	20	3	19	2	4	10	12	12	2	23
ENSG00000165511.6	357	192	317	340	287	1596	464	468	157	214	148	374	242	95	231	196	376	208	186	233	343	624	87	478	201	556	358	546	367	1277
ENSG00000166770.9	1311	99	1471	765	19	1219	1236	1792	1503	473	1400	846	37	17	1953	125	664	99	47	1724	2071	1651	754	76	976	1556	1026	1065	1917	943
ENSG00000166917.8	0	0	0	2	1	6	0	2	1	0	1	0	0	3	3	0	32	2	0	0	480	0	1	1	0	0	0	0	2	0
ENSG00000167046.4	1	7	5	19	3	5	11	10	18	0	11	7	0	0	17	3	23	0	4	6	4	3	0	0	3	4	1	1	0	6
ENSG00000167117.7	0	7	0	271	1	0	7	1	3	0	30	0	0	0	2	1	0	0	2	0	5	1	0	1	0	2	0	0	0	2
ENSG00000167355.6	3	0	7	0	3	25	20	1	6	0	3	2	0	1	0	0	1	3	0	6	0	1	0	1	1	0	1	0	11	16
ENSG00000167459.15	0	0	0	0	1	1	0	0	0	0	2	0	0	0	0	0	0	0	0	0	0	0	0	0	0	1	0	0	0	0
ENSG00000167912.5	223	61	624	30	442	157	494	174	143	244	329	44	66	95	133	261	146	371	189	190	260	305	262	68	254	271	224	94	518	14
ENSG00000168367.8	0	0	0	32	0	0	0	13	22	0	0	0	0	0	0	0	74	0	0	0	2	0	0	0	0	0	0	0	0	0
ENSG00000170161.6	25	39	26	37	34	83	7	76	37	15	21	6	9	51	129	37	15	16	17	56	48	25	28	125	47	38	40	11	85	40
ENSG00000170590.7	0	0	0	0	0	0	0	0	0	0	0	0	0	0	0	0	0	0	0	0	0	0	0	0	1	0	0	0	0	0
ENSG00000170846.14	1544	1108	1639	1070	2221	1392	1420	1933	1555	894	1519	602	633	1658	1790	1298	1107	1325	1204	2199	1089	1075	1075	1088	1289	1409	1099	595	1594	2175
ENSG00000170919.14	517	286	286	1063	465	1438	446	961	640	410	2383	880	208	739	881	389	532	340	250	771	278	1158	820	246	808	1700	825	765	650	1349
ENSG00000170983.3	0	0	0	0	0	1	0	0	0	0	0	0	0	0	0	0	0	0	0	0	0	0	0	0	0	0	0	0	0	0
ENSG00000171671.6	0	0	0	1	0	0	0	0	1	0	0	1	0	0	2	1	0	0	0	2	0	1	0	1	0	0	0	0	0	0
ENSG00000171889.3	13	7	17	4	11	13	3	26	28	28	7	0	12	0	12	90	0	2	15	3	20	2	52	109	20	10	6	0	19	0
ENSG00000172250.13	28	301	61	53	23	77	87	71	17	134	43	40	42	48	65	67	45	22	36	33	131	57	83	31	94	58	105	34	56	24
ENSG00000172965.13	855	726	1025	824	979	449	581	606	867	1784	982	284	1384	802	892	491	873	584	1474	745	654	635	717	1444	732	557	2130	461	1366	916
ENSG00000173727.10	437	1150	781	264	1169	143	364	435	193	246	344	158	102	992	516	246	104	88	114	184	53	715	578	62	115	498	129	123	264	228
ENSG00000173811.9	5	9	11	16	8	10	9	29	27	8	17	7	3	13	5	20	6	21	2	47	24	50	5	12	25	43	4	3	31	4
ENSG00000173862.3	2	3	0	0	4	0	0	0	2	1	0	0	0	0	0	0	5	1	0	2	0	4	0	0	0	3	2	1	3	0
ENSG00000173867.8	3	4	12	15	25	18	13	6	17	6	17	4	0	6	13	0	14	7	1	18	3	8	29	6	9	12	3	5	19	7
ENSG00000174171.5	0	43	1	16	11	5	7	38	34	15	3	9	5	10	15	2	38	8	1	71	15	4	4	8	25	5	1	1	236	6
ENSG00000174365.18	613	1419	711	1555	290	552	645	1026	788	626	1549	418	427	515	909	628	916	283	499	680	733	999	573	402	1192	1117	1013	523	1207	553
ENSG00000174403.14	2	0	121	49	44	3225	2493	326	37	2	263	657	3	8	120	266	19	4	1	1	630	110	3	7	16	0	4	1608	11	2381
ENSG00000174407.10	0	0	0	0	6	289	123	15	1	0	2	627	0	0	3	6	0	0	1	0	11	0	0	0	0	0	0	335	0	132
ENSG00000174680.8	4	0	1	2	5	11	8	1	14	2	5	3	1	1	32	3	0	78	0	26	2	11	40	1	5	6	3	1	19	0
ENSG00000175061.16	12911	71921	7537	14733	32457	59164	41046	19379	7970	8208	9412	24593	9530	30388	19195	12760	32495	16001	13784	27761	10425	15334	51305	41218	22198	36679	49599	21751	66019	14644
ENSG00000175147.10	28	216	95	157	44	191	229	133	62	40	115	138	60	3	77	52	242	39	20	54	117	127	106	269	78	47	33	160	109	86
ENSG00000175604.2	0	3	1	5	8	0	0	1	2	3	5	2	3	0	3	0	0	0	4	3	1	1	3	3	1	0	0	0	1	9
ENSG00000175611.10	171	317	260	151	126	130	350	124	123	175	187	226	70	178	129	133	219	142	165	296	207	293	215	122	104	80	75	159	354	353
ENSG00000175699.11	0	5	0	0	5	13	7	1	0	2	0	8	0	1	0	0	0	0	0	0	4	0	0	3	1	0	0	0	0	1
ENSG00000175746.6	6	0	3	0	5	1	2	1	2	2	2	0	2	3	0	0	1	4	2	3	1	2	0	1	0	2	3	1	11	3
ENSG00000175772.10	66	84	46	79	56	25	37	73	72	60	29	6	16	17	32	26	10	34	41	96	62	45	71	153	54	89	47	8	91	1
ENSG00000175773.11	16	35	6	13	17	14	18	43	8	4	6	16	0	0	42	15	18	10	1	22	6	9	32	13	10	39	5	8	16	46
ENSG00000175967.3	1	0	1	11	2	15	1	36	8	5	0	11	1	0	3	3	26	8	1	11	10	6	0	0	7	6	1	5	13	13
ENSG00000176075.7	0	0	0	0	0	0	1	0	0	0	0	0	0	0	0	0	0	0	0	0	0	0	0	0	1	0	0	1	0	0
ENSG00000176236.6	10	51	20	16	30	16	68	65	21	11	25	25	9	17	21	6	50	15	12	38	62	98	33	26	45	93	21	51	73	37
ENSG00000176320.2	1	3	2	1	7	0	2	1	1	2	1	1	0	1	14	1	2	4	2	0	17	1	1	1	4	6	1	0	4	1
ENSG00000176349.10	4	1	0	4	1	28	234	19	1	3	7	39	0	8	2	2	11	0	4	0	9	1	0	1	1	1	10	0	1	7
ENSG00000176515.1	0	4	1	1	0	1	1	1	1	2	0	2	0	0	0	0	1	0	0	3	0	7	0	2	1	1	0	0	0	0
ENSG00000176593.6	76	75	238	64	135	732	250	1180	818	70	193	368	29	186	749	81	173	155	112	523	326	710	171	11	429	493	324	290	752	177
ENSG00000176659.7	57	6	22	5	6	23	56	11	34	84	20	146	4	0	131	4	10	46	15	38	28	18	1	0	4	5	3	7	9	37
ENSG00000176728.6	0	0	0	0	0	0	0	0	1	0	0	0	0	0	0	0	0	0	1	0	0	1	0	0	0	0	0	0	0	0
ENSG00000176753.5	10	12	40	41	10	7	37	61	53	17	18	13	12	25	40	14	49	10	16	115	9	18	33	4	9	6	3	4	27	12
ENSG00000176754.11	3	42	0	0	4	0	0	0	10	6	0	0	0	2	5	1	2	11	2	11	4	10	0	0	0	0	1	0	7	0
ENSG00000176840.10	1	6	2	23	2	1	1	11	12	2	8	1	0	0	0	3	2	2	0	25	20	1	0	0	2	3	11	1	2	0
ENSG00000176868.2	0	0	0	0	0	0	0	0	0	0	0	0	0	0	0	0	0	0	0	0	0	0	0	0	0	0	0	0	0	0
ENSG00000176912.3	71	21	121	110	19	30	59	147	80	54	33	29	59	103	73	99	276	39	28	117	30	167	212	121	41	56	19	25	108	126
