TCGA.N5.A4RU.01A	TCGA.N9.A4Q7.01A	TCGA.N5.A4RT.01A	TCGA.N5.A4RJ.01A	TCGA.N8.A4PP.01A	TCGA.NA.A4QW.01A	TCGA.N5.A4RA.01A	TCGA.N8.A56S.01A	TCGA.N9.A4PZ.01A	TCGA.NF.A5CP.01A	TCGA.N5.A59E.01A	TCGA.NG.A4VU.01A	TCGA.N5.A4RF.01A	TCGA.N7.A4Y0.01A	TCGA.NF.A4WU.01A	TCGA.ND.A4WF.01A	TCGA.N5.A59F.01A	TCGA.N6.A4VF.01A	TCGA.QN.A5NN.01A	TCGA.N6.A4VD.01A	TCGA.N5.A4RD.01A	TCGA.N8.A4PO.01A	TCGA.N7.A59B.01A	TCGA.ND.A4WC.01A	TCGA.N6.A4VG.01A	TCGA.NF.A4WX.01A	TCGA.N8.A4PL.01A	TCGA.N7.A4Y5.01A	TCGA.N8.A4PI.01A	TCGA.N9.A4Q1.01A
TSPAN6	11365	1394	4765	5849	2570	2564	1673	7216	3827	3630	4718	1041	4525	2773	6059	4522	4201	6443	2986	6777	3772	6217	5705	6181	3980	3855	4152	1400	5851	3778
TNMD	107742	2	878	510	459	1196	5	497	38	22	2520	11	404	0	23	25326	12	954	1024	101	127	42	2	1	14	113	1554	22	38	46
DPM1	2278	2931	4614	4340	3021	2250	2284	3117	2738	2599	2133	2660	1437	2289	1895	1905	4267	1928	1386	2568	4093	4035	1043	2081	2723	2376	2229	2762	3876	1865
SCYL3	870	455	913	708	774	697	567	737	1608	741	723	668	263	330	996	569	688	995	1462	1077	713	1233	677	406	1005	1073	902	311	747	556
C1orf112	922	631	1549	727	827	720	663	714	1565	629	682	788	407	334	525	481	692	707	1374	619	1247	1299	373	478	1293	1220	1258	257	666	489
FGR	110	712	105	186	1084	144	96	114	114	335	125	217	129	32	180	139	295	643	137	452	132	239	133	133	272	135	120	57	333	59
CFH	495	2406	4548	639	4586	2537	521	2481	11228	1431	6372	475	2131	1208	972	577	2098	24800	522	1383	1412	2336	448	11202	1162	945	947	2228	6741	1656
FUCA2	4230	3215	11324	7720	3772	1918	2550	3284	7517	5126	5655	2837	5861	3584	3635	3055	3101	5388	3337	4401	4824	4776	5465	8309	1951	2622	2402	3315	4694	5123
GCLC	1881	1475	3235	1390	1459	1921	661	2180	1333	1523	1150	1109	768	1189	1256	1015	1207	1682	1771	3403	1733	2058	3050	1411	2176	1531	1903	865	1786	1245
NFYA	5167	848	4727	2434	3308	4262	3150	3955	2785	3040	3992	2950	1894	2733	3504	2227	3221	3203	4257	2631	2396	5389	1709	1948	4244	3007	4868	2083	1463	3984
STPG1	362	276	896	868	698	330	321	542	537	417	386	277	102	276	702	212	490	1255	235	900	408	582	701	548	751	2105	799	120	487	439
NIPAL3	1709	662	1635	1135	2462	862	387	1838	1007	1301	737	510	218	267	2318	654	712	753	729	1589	762	1451	1569	1276	1680	856	1244	532	1966	281
LAS1L	3683	5187	4551	4945	5291	2255	1967	3802	4304	2437	3939	2699	1762	3011	2486	1546	3101	2836	2914	4046	3221	2324	3302	2841	2379	2440	2296	1694	3309	1772
ENPP4	425	325	1545	429	2007	1615	915	1422	469	1759	486	1010	291	151	1309	311	800	1493	324	1226	1057	1015	528	1498	910	764	493	3026	1069	1343
SEMA3F	5868	790	4985	4288	4646	1742	1994	3776	5118	3169	11064	2714	4797	2123	2344	12874	7320	3320	3495	4847	3425	6667	3321	2267	4897	6223	4300	1394	3852	2304
CFTR	94	42	80	1931	167	11	5	1172	14	51	6	8	5	6	16	7	43	40	3	162	6	10	299	1394	782	59	8	0	119	3
ANKIB1	2476	1478	6127	1755	3004	2155	1769	2364	5647	4193	1391	1282	1193	1944	1857	2456	1710	4772	1886	3769	2618	4030	1323	2822	3115	2274	1432	1484	4305	2288
CYP51A1	122	69	215	64	183	230	126	170	92	166	53	139	31	42	93	170	20	205	73	208	78	124	67	99	123	81	119	32	117	67
KRIT1	1109	884	1955	981	1836	1786	1450	1833	2658	1510	961	1063	359	812	983	1371	1179	1951	682	1590	1877	2581	397	1166	1499	1751	1129	874	1544	1544
RAD52	185	424	394	434	384	628	411	682	387	464	1408	538	167	512	1501	166	441	341	189	453	754	1766	172	378	1128	1795	1207	857	512	598
BAD	3095	4252	3691	4438	3339	1654	1910	3598	2714	2170	3375	1373	2685	2384	2512	3271	3102	2572	3666	2926	2190	2604	5809	1273	1481	3900	2480	867	2562	1594
LAP3	3221	12192	13867	2598	9610	2209	1784	4889	4082	6297	1234	2723	4916	2427	3543	3055	1849	8227	4351	8590	3872	3045	7883	6515	3208	2951	3649	1050	3500	3473
CD99	19122	10456	18378	17587	2136	12429	7031	9015	13583	17596	18908	5738	17696	10443	7510	13372	6574	20176	25670	6786	9200	7678	16479	2954	3203	4911	5031	5726	4196	11670
HS3ST1	268	186	457	168	351	237	65	270	295	1291	140	122	353	82	907	203	354	3741	277	2205	546	8001	498	2192	458	424	146	500	4088	97
AOC1	18	217	84	9025	1294	20	33	4684	13	6261	1317	32	244	3	529	17	26716	259	914	545	313	12	54	4	2456	262	53	0	83	100
WNT16	14	208	1784	327	46	326	81	2445	39	2	451	8	3	0	7	284	398	7	25	35	65	3	15	7	91	1496	6	208	4	12
HECW1	7	139	231	78	50	56	9	129	126	302	58	14	23	60	10	12	138	19	147	384	131	67	23	19	130	40	151	18	119	22
MAD1L1	2566	2715	3242	3678	2533	2317	4800	2691	2251	1377	3770	3691	2234	1413	1393	3557	4854	1446	2053	2060	3439	2870	2658	1597	1886	1419	2609	1613	1861	2010
LASP1	14459	9036	11568	22192	24530	8821	5709	11746	10683	14037	11005	5287	13919	5006	12850	6774	11016	18631	11346	12473	8045	16647	7369	19452	11860	16217	27640	14307	15757	7290
SNX11	1155	1079	1438	1530	1466	1206	1980	6244	960	1374	766	540	967	627	1201	712	718	1475	1180	1495	848	1380	1405	1504	855	681	1700	845	1393	504
TMEM176A	438	6567	2352	7655	3530	2141	7859	2480	4005	7946	3697	2389	877	94	906	2738	7268	3671	1109	2567	5362	769	1219	450	971	1035	2485	128	1829	2404
M6PR	2484	2457	6629	1376	3140	2306	1687	4004	2525	2446	1464	1426	1504	1801	3028	2025	1414	2626	1438	3482	4746	2461	1032	4958	3822	2940	2457	2093	2976	2048
KLHL13	725	682	3537	1827	268	2829	964	2270	755	395	398	2019	1743	808	678	1179	793	2170	342	528	1849	1223	166	869	4141	1042	1057	2426	1008	1596
CYP26B1	2553	30	876	489	1093	1316	1052	1564	2750	607	1609	934	604	40	177	2417	921	848	752	377	484	1360	191	199	1260	1435	1925	753	577	475
ICA1	1490	1101	1179	830	614	85	132	1154	1527	1108	1246	86	194	72	1575	915	1271	501	241	1811	651	479	3707	1603	1326	262	739	40	1161	250
DBNDD1	845	1100	3825	2698	1594	1184	947	1852	2350	1287	1776	1324	761	1636	6632	1173	1529	1788	1288	3635	1835	1151	2749	1114	3029	2	3011	1156	3940	3005
ALS2	1596	974	1681	1648	1581	2628	1621	2772	1149	2154	1184	1805	755	823	2785	1090	1575	1688	944	2253	2021	2206	1062	1694	2420	1629	3182	1398	1406	1590
CASP10	259	954	135	588	528	165	74	1332	641	628	202	180	366	57	533	109	471	900	273	677	814	407	362	1307	185	147	58	67	602	338
CFLAR	2645	4192	1695	3306	3696	1517	2133	2853	3637	5746	2204	1947	1162	1254	5820	700	2078	3880	1917	6114	1786	4188	6148	2428	3197	1279	2664	2432	3176	1989
TFPI	504	1315	410	3623	1219	541	519	2113	379	1110	979	325	682	303	1134	824	502	5048	400	201	1540	748	137	1417	552	431	842	1219	935	1999
NDUFAF7	945	1001	2402	1205	1099	1249	867	1132	1090	849	1443	1199	387	866	1803	758	1479	554	690	873	1269	1186	1314	917	991	937	1081	777	1291	759
RBM5	3924	2211	2237	5363	4402	6677	5265	4936	5506	5144	6310	3758	2906	3635	6257	5373	4588	4518	4677	7426	3868	6604	2882	4632	4766	7233	4956	3472	7691	2027
MTMR7	33	69	101	11	25	77	222	265	246	36	113	25	34	167	271	33	127	151	20	328	165	93	37	43	89	154	104	31	114	20
SLC7A2	564	717	1682	323	1522	3158	2112	3489	383	86	1205	36	1784	968	4295	2354	1018	2626	68	2995	1813	261	7	4701	1207	1717	628	678	888	438
ARF5	7508	9885	6923	14180	8464	5895	11412	6539	13182	7283	10602	4080	7856	6631	6461	11556	9315	15995	10017	12137	11084	9821	16489	8179	7566	10803	11052	3544	9332	7164
SARM1	306	274	346	513	336	394	205	334	368	393	211	128	74	317	281	179	260	358	160	734	402	253	105	138	160	959	265	137	585	164
POLDIP2	5480	10299	6612	9066	9809	8786	5176	4491	7971	5334	5155	5549	4602	7871	4818	4379	6629	6805	5262	7847	5010	4522	9173	7187	7258	12964	9225	7434	9845	4749
PLXND1	5912	3107	4341	10287	14640	3036	14157	6368	8922	18133	6705	10735	8938	3722	3436	6410	6108	16529	11537	8081	7352	13946	4066	7536	5990	4899	3569	11879	13663	5122
AK2	6888	10762	7798	6755	11197	4711	6926	5526	3974	6163	4233	4189	5030	9108	4416	5970	5920	4771	3792	8860	6564	6477	10788	8336	5730	3930	8452	5769	9803	2815
CD38	65	2052	1532	65	454	118	34	53	210	348	63	29	503	24	31	48	194	807	194	303	70	76	282	154	284	23	75	74	65	511
FKBP4	7210	18774	29925	12795	16308	7154	23117	12530	11433	9449	23066	8043	9179	22899	12729	6846	12943	8492	12515	13109	22254	34705	10035	11754	18875	15959	39015	13500	13166	14082
KDM1A	10987	10627	11940	11667	10382	10752	11744	12367	6439	6844	6022	5875	6172	12339	8098	11692	8495	9623	7148	5869	7414	10817	11147	8438	11314	9777	12818	8448	14718	6033
RBM6	3888	2316	3061	4661	3621	4348	2901	3679	13696	3500	7089	2174	2164	3861	3684	3778	6965	3980	3761	5563	3925	4533	3756	3669	3473	5683	3145	1846	5333	2404
CAMKK1	685	3144	896	657	1015	796	1276	1391	893	774	998	862	223	4191	835	775	802	277	278	1168	683	442	341	227	698	711	821	323	1257	303
RECQL	1276	643	3298	465	2421	925	478	1691	643	1389	405	1013	314	377	1349	5305	527	1320	654	1052	1217	972	277	1056	1352	1421	1380	1113	1171	784
CCDC132	938	725	1087	862	1346	1370	981	1164	1386	1118	558	943	460	478	681	1008	532	1464	525	1469	1138	1716	478	993	1239	1311	963	553	1091	1050
HSPB6	2476	272	284	6682	10177	4538	11162	9269	2180	219	17836	19205	136	84	715	1765	3779	4125	772	1351	1984	4698	458	284	393	3132	2933	26337	8933	10526
ARHGAP33	328	119	1284	627	977	549	743	2266	2356	816	1386	348	182	806	1547	796	1584	955	1243	1120	903	2387	1006	674	1638	773	2216	851	593	1169
NDUFAB1	2285	4598	2973	4645	3094	5562	3568	3759	3340	2357	2621	4298	2105	5662	2704	5509	2744	1908	3770	3582	4933	3839	2916	2570	2981	2738	2964	2893	4078	5138
PDK4	1024	83	1455	3396	6598	301	291	1411	767	506	301	11167	705	35	504	1738	476	1639	424	709	1425	1234	116	337	445	1817	1291	3079	1646	988
SLC22A16	472	75	104	121	673	55	45	111	1426	67	47	10	16	8	8	26	57	273	64	121	6	359	2390	4	36	44	4	8	117	41
ZMYND10	105	23	151	376	122	24	83	187	153	127	169	21	45	70	81	296	163	5375	75	5173	228	338	63	616	227	557	200	8	133	54
ABCB5	5	10	7	7	35	29	12	16	25	6	3	6	21	1	3	9	27	17	0	4	14	28	3	11	1	18	2	66	53	16
ARX	3	7	16	31	26	518	353	73	8	8	35	455	3	61	2	142	1759	456	25	664	121	2	0	1	1	1395	23	589	3040	306
SLC25A13	2699	2159	3106	2464	3869	1294	2449	3713	2181	2714	816	3184	1425	1840	1338	2783	1813	2316	1222	4278	1941	3343	1335	1316	3901	3353	2865	907	2627	1671
ST7	1290	1451	1267	1313	1331	1589	2686	2020	1875	1635	1491	1420	759	1220	633	1480	961	1902	1179	2480	1611	1478	1966	1410	1098	1248	1037	1061	964	4515
CDC27	4829	2066	3562	4304	4572	4889	2372	7524	2643	4044	3248	3065	3341	3885	4542	3375	2587	4065	3690	3313	1662	3223	1175	3837	2066	2620	4113	3812	3264	2566
SLC4A1	2	3	8	12	11	14	3	17	3	3	12	26	1	6	20	0	8	5	0	3	24	1	2	0	8	4	0	47	7	41
CALCR	2	0	3	9	13	45	25	6	7	28	12	54	6	1	9	5	9	41	4	13	18	7	12	5	11	25	15	650	16	8
HCCS	854	1359	4586	1277	1323	1881	1025	1229	592	1401	1004	2194	2510	946	646	795	1811	1182	1752	1484	2282	785	615	1512	801	507	517	1285	898	1381
DVL2	2002	3780	3230	2177	3780	3083	2198	4542	2379	2258	2143	1766	1960	3322	1186	2657	2353	3868	2511	3103	2469	5300	1717	2473	2478	4147	6722	1726	4643	2236
PRSS22	359	5	348	669	218	9	73	646	500	632	667	1	590	5	2470	7	444	95	429	1546	29	100	839	2544	901	201	529	0	273	30
UPF1	10214	5632	5906	7387	11675	11781	5368	6045	8355	8107	8361	8872	5145	4032	4729	7889	7468	7876	7996	8485	4207	14622	10383	7136	5068	6931	5803	7998	7551	5653
SKAP2	843	862	1961	1580	4861	1133	691	2918	108	504	593	3565	283	119	645	1225	1110	1142	420	1015	1054	388	578	3112	1486	685	1213	847	1727	1241
SLC25A5	15312	13905	34834	12760	14767	10491	6406	13830	8576	13898	2724	12024	14086	20785	10089	23613	8151	13590	14320	18101	20969	8251	17477	21717	13862	6097	8366	6302	18354	5516
CCDC109B	345	543	559	332	496	165	194	210	1085	1291	426	136	645	759	111	424	460	1248	881	892	632	888	1932	1167	256	152	247	173	729	552
HOXA11	1115	466	883	2230	279	301	264	2219	1121	386	1396	209	1146	45	298	1074	1907	693	855	2687	705	937	2876	518	2227	552	621	484	447	336
POLR2J	1411	3583	3450	3561	3534	2013	4995	1952	4970	1480	3946	2451	2059	2871	1653	2739	3041	3899	2115	2548	5367	2671	5584	1733	1675	2195	2430	2580	3064	3794
DHX33	2362	2036	2068	1030	2406	1784	1210	1452	1739	1922	1413	1592	617	2254	881	1175	1584	1614	1350	2533	1352	2383	639	1476	2216	4404	2566	1385	5125	1098
MEOX1	1229	30	146	1534	500	966	326	783	57	139	2021	148	711	6	139	3188	240	1289	51	34	347	462	13	26	145	1222	1467	173	24	284
THSD7A	423	36	3692	377	1365	351	110	1174	1611	1846	872	362	1517	17	237	2003	1244	723	535	4767	878	2981	390	232	445	283	197	81	247	221
LIG3	1979	1184	4037	2986	2471	3284	1348	1603	3326	2149	1809	1224	1263	1329	1835	1689	1179	1760	1974	2375	1288	3142	1542	1044	1673	2408	3561	1856	1468	2169
RPAP3	2451	2122	5184	1905	3605	3269	2121	1465	1550	1850	2176	1381	1197	1675	917	1815	3016	2017	1516	2216	2610	4021	1255	1957	1423	1948	1827	939	2080	2429
ACSM3	341	561	378	2982	840	87	22	2065	562	725	188	11	94	37	836	9	1610	572	402	498	326	766	178	370	1057	1389	569	43	2273	156
AC004381.6	154	315	651	408	428	451	229	344	392	317	173	328	129	333	290	425	228	220	297	413	356	714	121	184	135	431	180	273	406	451
CIAPIN1	2306	2072	3294	2837	3324	2375	2662	4376	2745	2114	1976	2175	1763	3362	3266	2717	2440	2007	2227	3963	3109	1452	2253	2919	4723	1859	3018	2403	4844	2433
SPPL2B	1626	1951	1568	2796	2342	1980	1743	2473	3055	2011	4276	2392	1823	1867	4214	2974	2246	2785	2766	6218	2442	2389	4895	2940	2223	1910	3010	1707	3446	1886
FAM214B	1376	381	1541	615	700	661	503	970	1211	1964	1032	527	1205	523	2278	811	1400	1425	1653	1497	1411	982	1158	1179	1072	641	1545	412	1636	695
COPZ2	1630	96	1295	2498	749	1007	2100	2865	1286	1572	1900	373	1890	854	237	874	417	2005	1847	123	366	496	139	200	84	289	738	739	437	855
PRKAR2B	103	375	1170	473	767	196	133	883	1556	441	550	126	294	1070	293	349	520	2047	831	1206	1492	1335	279	826	851	800	538	48	350	311
MSL3	2394	1251	2927	1737	1076	2188	1820	2299	2582	2131	1986	2128	2012	1271	2182	1083	2594	2679	2285	2394	1747	2011	1355	1251	1515	1340	1312	854	1277	2165
CREBBP	5204	1747	4125	6577	4016	8830	4050	7410	7437	6344	5913	5379	2922	2613	6016	5454	4629	4660	3900	6468	5295	11251	2278	2446	9456	5820	6875	5986	4563	5934
BZRAP1	650	1006	757	1079	1294	492	590	2722	1230	1247	561	382	141	392	4313	683	1551	401	485	2382	1360	4802	1143	565	760	5317	1214	74	1209	459
MPO	6	24	320	15	11	543	1028	115	26	7	18	493	3	4	25	89	9	36	3	58	124	5	0	12	6	43	55	2	168	506
PON1	2	88	125	7	28	1	154	24	32	4	1	4	3	0	4	42	7	6	0	8	160	30	10	18	0	7	1	8	49	8
GCFC2	2017	718	1786	1515	906	3099	1397	1717	1121	1194	1882	2399	755	1630	1847	1201	1835	1227	1048	1600	1389	1386	1249	1133	1138	1291	1365	1437	1173	2228
WDR54	1524	1607	1773	2822	3320	1205	1128	1731	1194	1045	1802	516	875	1287	3261	1414	2201	2031	499	4024	3751	771	1638	4167	1716	2348	2895	417	2780	1696
CROT	546	265	1103	717	1735	715	788	979	1053	610	443	334	310	339	488	497	532	1910	514	1103	965	509	532	296	438	703	572	254	676	679
ABCB4	155	247	391	30	73	152	29	105	159	500	73	9	59	7	48	135	36	226	48	90	178	61	32	13	114	262	118	2	95	72
KMT2E	2890	948	2632	1692	5500	5181	2482	4218	4411	2854	2215	6758	1328	1851	2565	2465	3656	5475	1324	4684	2751	4480	1490	3173	5807	3782	3282	1966	5286	2328
