TCGA.N5.A4RU.01A	TCGA.N9.A4Q7.01A	TCGA.N5.A4RT.01A	TCGA.N5.A4RJ.01A	TCGA.N8.A4PP.01A	TCGA.NA.A4QW.01A	TCGA.N5.A4RA.01A	TCGA.N8.A56S.01A	TCGA.N9.A4PZ.01A	TCGA.NF.A5CP.01A	TCGA.N5.A59E.01A	TCGA.NG.A4VU.01A	TCGA.N5.A4RF.01A	TCGA.N7.A4Y0.01A	TCGA.NF.A4WU.01A	TCGA.ND.A4WF.01A	TCGA.N5.A59F.01A	TCGA.N6.A4VF.01A	TCGA.QN.A5NN.01A	TCGA.N6.A4VD.01A	TCGA.N5.A4RD.01A	TCGA.N8.A4PO.01A	TCGA.N7.A59B.01A	TCGA.ND.A4WC.01A	TCGA.N6.A4VG.01A	TCGA.NF.A4WX.01A	TCGA.N8.A4PL.01A	TCGA.N7.A4Y5.01A	TCGA.N8.A4PI.01A	TCGA.N9.A4Q1.01A
LINC01587	0	0	9	3	2	61	13	2	7	13	3	121	11	0	1	2	6	0	3	22	81	2	0	66	1	1	2	2	98	46
AC000111.6	1	4	0	1	1	0	1	4	0	1	0	0	0	0	0	0	0	0	0	8	0	0	17	4	10	0	0	0	0	0
XXbac-B461K10.4	4	5	6	1	11	19	3	7	11	14	7	17	1	2	26	6	10	2	2	14	5	9	6	2	34	31	7	0	24	1
IGF2-AS	1068	17	11	1640	356	4068	4918	3555	36	3	1391	2396	145	0	2280	1433	1615	120	14	10	419	1773	4	14	728	2207	876	3236	5	9234
TPTEP1	250	41	159	4	7	2653	130	1497	36	34	862	19	4	23	2572	8	73	24	10	8	289	249	9	29	182	360	196	8	32	1336
RP11-153K16.2	0	0	0	0	0	0	0	0	0	0	0	0	0	0	0	0	0	0	0	0	0	1	0	0	0	0	1	0	0	0
DLEU2L	2	2	6	0	10	6	12	30	11	12	6	15	2	5	23	11	9	14	3	14	5	16	1	8	22	19	4	13	11	5
RP11-268J15.5	84	195	193	335	1140	253	359	363	181	231	343	167	106	117	273	195	544	108	162	190	442	453	110	647	554	610	440	163	1140	253
PINK1-AS	977	170	664	665	377	617	324	348	328	287	536	180	173	266	692	614	352	327	96	339	432	526	1247	339	919	633	549	643	593	197
C10orf95	12	45	10	44	25	10	8	67	15	20	18	9	14	18	61	10	59	144	10	697	6	30	25	47	59	29	16	2	20	10
SPG20-AS1	18	32	14	23	20	65	35	54	31	3	14	50	8	12	11	17	8	16	6	13	23	17	27	34	58	32	14	57	18	13
LINC00544	0	3	0	0	0	0	0	1	0	0	0	0	0	0	1	0	0	2	0	0	0	1	0	2	0	0	0	0	0	0
KIAA0087	0	1	11	1	8	6	28	17	27	7	4	23	0	0	58	4	0	19	0	0	5	58	2	3	20	6	1	1	0	1
AC105760.3	1	0	0	2	1	0	2	1	0	0	0	1	0	0	0	0	0	0	0	0	0	0	0	0	0	0	1	0	1	1
DKFZP434K028	2	18	4	2	9	1	3	3	1	0	0	1	2	0	2	2	3	0	0	0	0	0	2	3	0	7	1	2	2	4
LINC00029	0	0	23	0	0	3	3	0	0	0	3	0	0	0	1	1	3	0	0	0	4	0	0	0	0	0	0	2	0	3
FAM182A	0	5	4	44	12	3	2	7	1	2	0	2	1	43	8	12	15	6	0	18	11	10	3	7	62	31	6	0	34	16
C20orf187	0	0	0	0	0	0	0	1	0	0	0	0	0	0	0	0	0	0	0	0	0	0	8	0	0	0	0	0	0	0
MMP24-AS1	1411	1352	2202	4148	1410	2315	1425	996	3002	1721	2229	1018	1893	3187	2018	927	1652	2714	3729	3231	2360	2105	4529	3128	1506	1184	1393	1009	7865	2571
C22orf24	36	1	24	19	43	37	27	93	2	9	15	9	23	7	35	16	38	5	6	11	5	11	12	8	11	32	18	8	12	11
TTTY1B	0	0	0	0	0	0	0	0	0	0	0	0	0	0	0	0	0	0	0	0	0	0	0	0	0	0	0	0	0	0
TTTY1	0	0	0	0	0	0	0	0	0	0	0	0	0	0	0	0	0	0	0	0	0	0	0	0	0	0	0	0	0	0
H19	77756	425	1843	223	211152	1482	13218	1538	32068	840	24567	934	49836	178	169	745	20393	9063	607	2174	354	26648	403	172741	136	190	78	737	45414	590
TTTY9B	0	0	0	0	0	0	0	0	0	0	0	0	0	0	0	0	0	0	0	0	0	0	0	0	0	0	0	0	0	0
RP11-798G7.5	1	0	0	0	0	1	0	1	1	0	0	0	0	0	6	0	1	0	0	1	3	5	0	1	0	7	3	2	0	0
TTTY6	0	0	0	0	0	0	0	0	0	0	0	0	0	0	0	0	0	0	0	0	0	0	0	0	0	0	0	0	0	0
TTTY6B	0	0	0	0	0	0	0	0	0	0	0	0	0	0	0	0	0	0	0	0	0	0	0	0	0	0	0	0	0	0
LINC00470	18	1	337	5	7	305	3	14	95	111	24	12	0	16	2	62	73	3	2	479	318	3	0	0	16	1	0	94	348	227
LINC01260	3	19	59	23	42	25	8	13	72	18	46	18	3	2	41	1	19	14	0	25	15	15	14	4	3	7	7	8	11	11
C7orf69	0	0	0	1	2	0	0	0	0	0	0	0	0	0	0	0	3	0	1	0	0	0	0	0	0	0	0	0	1	0
RP11-84C10.2	1	1	1	0	4	0	5	2	1	1	6	2	2	2	0	0	9	5	1	0	10	3	0	0	7	0	0	1	0	0
RP11-809H16.2	0	0	0	0	0	0	0	0	0	0	0	0	0	0	0	0	0	0	0	0	0	0	0	0	0	0	0	0	0	0
ERVK3-1	400	426	818	661	478	1054	454	758	1978	668	716	408	373	682	701	518	706	811	569	865	1554	808	504	615	908	721	854	837	948	393
AC062028.1	2	2	12	19	1	16	9	31	3	8	8	2	3	4	41	0	12	3	1	10	10	2	16	2	3	17	8	8	1	25
LINC01558	1	12	3	18	1	1	2	16	36	14	1	2	0	1	19	20	61	58	42	2	4	1964	0	12	5	30	0	0	36	0
LINC00525	2	20	4	0	11	2	0	1	2	2	4	0	0	0	1	2	4	0	0	1	7	2	0	5	1	2	0	2	6	18
TTTY7	0	0	0	0	0	0	0	0	0	0	0	0	0	0	0	0	0	0	0	0	0	0	0	0	0	0	0	0	0	0
TTTY7B	0	0	0	0	0	0	0	0	0	0	0	0	0	0	0	0	0	0	0	0	0	0	0	0	0	0	0	0	0	0
C20orf78	0	0	11	5	0	0	0	0	0	0	0	0	0	0	0	0	0	0	0	0	1	0	0	0	1	0	0	0	0	0
LINC00266-1	0	0	0	1	0	2	0	1	2	0	2	0	0	0	0	0	0	0	0	2	17	0	0	1	3	6	0	0	1	1
RP11-96C23.13	1	0	2	6	18	10	0	12	3	4	11	12	1	2	0	2	8	8	3	3	2	10	1	0	6	9	0	6	2	7
PART1	977	2	446	72	240	67	24	154	442	646	345	2	38	2	546	723	1094	404	79	201	272	121	730	19	24	227	21	2	154	20
LINC00467	300	343	627	810	766	481	628	382	246	275	454	599	198	410	489	366	241	641	69	718	432	552	557	460	450	93	351	253	645	662
RP11-66N24.4	14	41	31	19	49	5	10	40	64	33	184	14	7	39	106	22	84	30	9	70	30	41	36	28	36	65	19	6	120	12
C1orf147	2	0	6	2	8	4	1	9	1	28	2	8	0	1	9	2	4	10	3	4	5	0	1	6	6	3	6	0	9	1
AC007364.1	1	1	1	0	3	1	2	0	0	0	2	1	0	0	3	0	1	0	0	2	0	0	0	1	0	0	0	0	7	0
C2orf48	34	63	92	36	36	138	92	52	47	27	55	90	11	60	58	90	30	9	9	35	26	163	196	15	113	107	56	43	39	137
LINC01116	276	378	775	492	2057	82	757	299	991	423	132	662	28	23	240	520	404	409	51	31	674	340	725	1583	782	123	336	500	556	146
SNHG16	1218	2092	1511	1614	2222	3154	1974	3455	1668	1436	942	3668	1386	1249	3093	3121	1286	1182	1486	2344	1751	2188	1537	2262	2682	3509	1798	2079	3307	4863
IGF2BP2-AS1	2	6	4	6	11	2	1	7	4	1	4	2	0	0	6	6	10	0	1	0	9	4	0	1	6	3	2	3	1	2
SMAD5-AS1	18	5	8	18	0	20	6	5	8	8	18	3	20	1	2	17	25	4	3	3	20	3	19	2	4	10	12	12	2	23
C10orf25	357	192	317	340	287	1596	464	468	157	214	148	374	242	95	231	196	376	208	186	233	343	624	87	478	201	556	358	546	367	1277
ZNF667-AS1	1311	99	1471	765	19	1219	1236	1792	1503	473	1400	846	37	17	1953	125	664	99	47	1724	2071	1651	754	76	976	1556	1026	1065	1917	943
MIR202HG	0	0	0	2	1	6	0	2	1	0	1	0	0	3	3	0	32	2	0	0	480	0	1	1	0	0	0	0	2	0
RP11-93B14.6	1	7	5	19	3	5	11	10	18	0	11	7	0	0	17	3	23	0	4	6	4	3	0	0	3	4	1	1	0	6
LINC00483	0	7	0	271	1	0	7	1	3	0	30	0	0	0	2	1	0	0	2	0	5	1	0	1	0	2	0	0	0	2
AC104389.28	3	0	7	0	3	25	20	1	6	0	3	2	0	1	0	0	1	3	0	6	0	1	0	1	1	0	1	0	11	16
LINC00905	0	0	0	0	1	1	0	0	0	0	2	0	0	0	0	0	0	0	0	0	0	0	0	0	0	1	0	0	0	0
RP11-25K19.1	223	61	624	30	442	157	494	174	143	244	329	44	66	95	133	261	146	371	189	190	260	305	262	68	254	271	224	94	518	14
LINC00917	0	0	0	32	0	0	0	13	22	0	0	0	0	0	0	0	74	0	0	0	2	0	0	0	0	0	0	0	0	0
RP11-262H14.4	25	39	26	37	34	83	7	76	37	15	21	6	9	51	129	37	15	16	17	56	48	25	28	125	47	38	40	11	85	40
LINC00266-3	0	0	0	0	0	0	0	0	0	0	0	0	0	0	0	0	0	0	0	0	0	0	0	0	1	0	0	0	0	0
AC093323.3	1544	1108	1639	1070	2221	1392	1420	1933	1555	894	1519	602	633	1658	1790	1298	1107	1325	1204	2199	1089	1075	1075	1088	1289	1409	1099	595	1594	2175
TPT1-AS1	517	286	286	1063	465	1438	446	961	640	410	2383	880	208	739	881	389	532	340	250	771	278	1158	820	246	808	1700	825	765	650	1349
LINC00208	0	0	0	0	0	1	0	0	0	0	0	0	0	0	0	0	0	0	0	0	0	0	0	0	0	0	0	0	0	0
SHANK2-AS3	0	0	0	1	0	0	0	0	1	0	0	1	0	0	2	1	0	0	0	2	0	1	0	1	0	0	0	0	0	0
MIR31HG	13	7	17	4	11	13	3	26	28	28	7	0	12	0	12	90	0	2	15	3	20	2	52	109	20	10	6	0	19	0
SERHL	28	301	61	53	23	77	87	71	17	134	43	40	42	48	65	67	45	22	36	33	131	57	83	31	94	58	105	34	56	24
MIR4435-1HG	855	726	1025	824	979	449	581	606	867	1784	982	284	1384	802	892	491	873	584	1474	745	654	635	717	1444	732	557	2130	461	1366	916
CMB9-22P13.1	437	1150	781	264	1169	143	364	435	193	246	344	158	102	992	516	246	104	88	114	184	53	715	578	62	115	498	129	123	264	228
CCDC13-AS1	5	9	11	16	8	10	9	29	27	8	17	7	3	13	5	20	6	21	2	47	24	50	5	12	25	43	4	3	31	4
RP11-89N17.1	2	3	0	0	4	0	0	0	2	1	0	0	0	0	0	0	5	1	0	2	0	4	0	0	0	3	2	1	3	0
RP11-97O12.7	3	4	12	15	25	18	13	6	17	6	17	4	0	6	13	0	14	7	1	18	3	8	29	6	9	12	3	5	19	7
RP11-23P13.6	0	43	1	16	11	5	7	38	34	15	3	9	5	10	15	2	38	8	1	71	15	4	4	8	25	5	1	1	236	6
SNHG11	613	1419	711	1555	290	552	645	1026	788	626	1549	418	427	515	909	628	916	283	499	680	733	999	573	402	1192	1117	1013	523	1207	553
C20orf166-AS1	2	0	121	49	44	3225	2493	326	37	2	263	657	3	8	120	266	19	4	1	1	630	110	3	7	16	0	4	1608	11	2381
MIR1-1HG	0	0	0	0	6	289	123	15	1	0	2	627	0	0	3	6	0	0	1	0	11	0	0	0	0	0	0	335	0	132
GRIK1-AS1	4	0	1	2	5	11	8	1	14	2	5	3	1	1	32	3	0	78	0	26	2	11	40	1	5	6	3	1	19	0
LRRC75A-AS1	12911	71921	7537	14733	32457	59164	41046	19379	7970	8208	9412	24593	9530	30388	19195	12760	32495	16001	13784	27761	10425	15334	51305	41218	22198	36679	49599	21751	66019	14644
TMEM51-AS1	28	216	95	157	44	191	229	133	62	40	115	138	60	3	77	52	242	39	20	54	117	127	106	269	78	47	33	160	109	86
RP11-276H1.3	0	3	1	5	8	0	0	1	2	3	5	2	3	0	3	0	0	0	4	3	1	1	3	3	1	0	0	0	1	9
LINC00476	171	317	260	151	126	130	350	124	123	175	187	226	70	178	129	133	219	142	165	296	207	293	215	122	104	80	75	159	354	353
LINC00521	0	5	0	0	5	13	7	1	0	2	0	8	0	1	0	0	0	0	0	0	4	0	0	3	1	0	0	0	0	1
C15orf54	6	0	3	0	5	1	2	1	2	2	2	0	2	3	0	0	1	4	2	3	1	2	0	1	0	2	3	1	11	3
LINC01106	66	84	46	79	56	25	37	73	72	60	29	6	16	17	32	26	10	34	41	96	62	45	71	153	54	89	47	8	91	1
RP11-121M22.1	16	35	6	13	17	14	18	43	8	4	6	16	0	0	42	15	18	10	1	22	6	9	32	13	10	39	5	8	16	46
RP11-544L8__B.4	1	0	1	11	2	15	1	36	8	5	0	11	1	0	3	3	26	8	1	11	10	6	0	0	7	6	1	5	13	13
LINC00302	0	0	0	0	0	0	1	0	0	0	0	0	0	0	0	0	0	0	0	0	0	0	0	0	1	0	0	1	0	0
C10orf111	10	51	20	16	30	16	68	65	21	11	25	25	9	17	21	6	50	15	12	38	62	98	33	26	45	93	21	51	73	37
RP11-404O13.5	1	3	2	1	7	0	2	1	1	2	1	1	0	1	14	1	2	4	2	0	17	1	1	1	4	6	1	0	4	1
AC110781.3	4	1	0	4	1	28	234	19	1	3	7	39	0	8	2	2	11	0	4	0	9	1	0	1	1	1	10	0	1	7
RP5-856G1.2	0	4	1	1	0	1	1	1	1	2	0	2	0	0	0	0	1	0	0	3	0	7	0	2	1	1	0	0	0	0
CTD-2368P22.1	76	75	238	64	135	732	250	1180	818	70	193	368	29	186	749	81	173	155	112	523	326	710	171	11	429	493	324	290	752	177
C20orf197	57	6	22	5	6	23	56	11	34	84	20	146	4	0	131	4	10	46	15	38	28	18	1	0	4	5	3	7	9	37
TTTY14	0	0	0	0	0	0	0	0	1	0	0	0	0	0	0	0	0	0	1	0	0	1	0	0	0	0	0	0	0	0
C15orf56	10	12	40	41	10	7	37	61	53	17	18	13	12	25	40	14	49	10	16	115	9	18	33	4	9	6	3	4	27	12
LINC00303	3	42	0	0	4	0	0	0	10	6	0	0	0	2	5	1	2	11	2	11	4	10	0	0	0	0	1	0	7	0
MIR7-3HG	1	6	2	23	2	1	1	11	12	2	8	1	0	0	0	3	2	2	0	25	20	1	0	0	2	3	11	1	2	0
RP11-334J6.7	0	0	0	0	0	0	0	0	0	0	0	0	0	0	0	0	0	0	0	0	0	0	0	0	0	0	0	0	0	0
TYMSOS	71	21	121	110	19	30	59	147	80	54	33	29	59	103	73	99	276	39	28	117	30	167	212	121	41	56	19	25	108	126
