TCGA.V4.A9EA.01A	TCGA.V4.A9EW.01A	TCGA.VD.AA8N.01A	TCGA.V4.A9EY.01A	TCGA.V4.A9ET.01A	TCGA.YZ.A980.01A	TCGA.YZ.A984.01A	TCGA.VD.A8K8.01A	TCGA.RZ.AB0B.01A	TCGA.VD.AA8S.01B	TCGA.V4.A9F0.01A	TCGA.V4.A9EC.01A	TCGA.V4.A9E8.01A	TCGA.V4.A9F2.01A	TCGA.V4.A9EZ.01A	TCGA.V4.A9ES.01A	TCGA.V4.A9F4.01A	TCGA.YZ.A983.01A	TCGA.WC.A884.01A	TCGA.WC.A87W.01A	TCGA.WC.A87U.01A	TCGA.WC.A87Y.01A	TCGA.VD.A8KM.01A	TCGA.VD.A8KI.01A	TCGA.WC.A885.01A	TCGA.VD.AA8O.01A	TCGA.VD.A8KG.01A	TCGA.V4.A9EO.01A	TCGA.VD.AA8R.01A	TCGA.V3.A9ZX.01A
LINC01587	4	4	1	0	0	6	0	3	9	0	0	14	0	0	0	3	0	1	13	8	8	30	3	1	4	1	1	0	2	1
AC000111.6	0	0	0	0	0	0	0	0	0	0	0	0	0	0	0	0	0	0	0	0	0	0	0	0	0	0	0	0	0	0
XXbac-B461K10.4	2	20	7	1	1	18	13	44	51	10	8	5	6	31	9	32	12	60	1	116	33	28	18	10	3	1	15	60	11	8
IGF2-AS	0	0	0	0	0	0	3	0	0	3	0	1	1	0	0	0	1	0	1	2	1	0	2	1	0	0	2	0	0	0
TPTEP1	114	1086	307	846	1334	74	1240	710	995	2164	78	694	1190	275	173	1504	1585	119	1007	1454	134	1271	1421	1058	197	17	1906	854	1604	426
RP11-153K16.2	0	0	0	0	0	0	0	0	0	0	0	0	0	0	0	0	0	0	0	0	0	0	0	0	0	0	0	0	0	0
DLEU2L	0	3	0	0	1	13	0	12	3	1	5	3	1	6	2	4	4	6	0	25	12	11	14	0	0	1	1	4	1	5
RP11-268J15.5	245	1407	90	130	374	915	143	956	425	358	616	228	108	108	161	604	423	292	324	281	673	1546	435	767	195	496	430	558	247	720
PINK1-AS	77	345	59	89	139	281	120	188	87	149	247	246	92	91	28	211	331	262	264	142	252	273	202	155	98	39	169	196	380	120
C10orf95	4	28	3	1	5	230	0	14	12	3	5	5	1	5	6	14	15	15	11	14	10	23	15	7	3	2	8	11	7	14
SPG20-AS1	11	90	6	7	42	34	13	40	28	50	29	27	6	54	28	75	93	67	65	112	77	29	32	24	16	14	55	81	24	21
LINC00544	0	0	0	0	0	0	0	1	0	0	0	0	0	0	0	0	0	0	3	0	0	0	0	0	0	0	0	0	0	0
KIAA0087	0	0	0	0	0	92	0	0	1	0	1	0	0	0	0	0	0	0	1	0	0	18	0	0	0	0	0	0	0	2
AC105760.3	0	0	0	0	0	0	1	0	0	0	0	0	0	0	1	0	0	1	0	1	0	0	0	0	0	0	0	0	0	0
DKFZP434K028	0	1	0	0	0	0	2	0	0	0	1	0	0	1	0	0	0	0	1	3	0	2	0	1	0	0	0	2	0	0
LINC00029	0	1	0	0	0	0	0	0	0	0	0	0	1	0	0	0	0	0	0	0	0	1	1	0	0	0	0	0	0	1
FAM182A	0	3	0	3	0	12	0	4	0	0	0	0	3	3	0	0	5	0	2	3	3	7	1	1	1	0	0	1	1	0
C20orf187	0	0	0	0	0	0	0	0	0	0	0	0	0	0	0	0	0	0	0	0	0	0	1	0	0	0	0	0	0	0
MMP24-AS1	2509	2398	902	1587	4335	2317	1316	2652	3005	2658	2101	1577	5021	2796	1909	1699	1444	2453	3459	1832	2490	2302	2542	3528	2143	3590	3433	1894	2865	2362
C22orf24	2	10	0	6	4	12	3	2	2	2	8	7	4	2	4	8	2	1	6	19	8	8	3	4	3	1	3	9	3	1
TTTY1B	0	0	0	0	0	0	0	0	0	0	0	0	0	0	0	0	0	0	0	0	0	0	0	0	0	0	0	0	0	0
TTTY1	0	0	0	0	0	0	0	0	0	0	0	0	0	0	0	0	0	0	0	0	0	0	0	0	0	0	0	0	0	0
H19	4	26	31	1	23	59	219	19	64	151	21	8	13	39	17	50	25	5	76	101	35	22	86	45	11	17	6	22	0	34
TTTY9B	0	0	0	0	0	0	0	0	0	0	0	0	0	0	0	0	0	0	0	0	0	0	0	0	0	0	0	0	0	0
RP11-798G7.5	0	1	0	0	0	0	0	0	0	0	0	0	1	0	0	0	0	0	0	0	1	0	1	0	0	0	0	0	0	0
TTTY6	0	0	0	0	0	0	0	0	0	0	0	0	0	0	0	0	0	0	0	0	0	0	0	0	0	0	0	0	0	0
TTTY6B	0	0	0	0	0	0	0	0	0	0	0	0	0	0	0	0	0	0	0	0	0	0	0	0	0	0	0	0	0	0
LINC00470	1	0	0	0	0	67	0	0	0	0	685	0	1	0	0	0	0	0	0	0	0	12	1	1	1	0	0	1	0	4
LINC01260	0	3	1	0	1	17	0	7	1	2	9	0	0	5	1	1	0	2	10	5	2	4	27	3	1	1	4	0	0	12
C7orf69	0	0	0	0	0	0	0	0	0	0	0	0	0	1	0	0	0	0	0	0	0	0	2	0	0	0	0	0	0	0
RP11-84C10.2	0	2	0	1	0	5	0	2	0	1	1	0	0	2	0	0	0	0	1	0	0	3	0	0	0	0	0	1	0	1
RP11-809H16.2	0	0	0	0	0	0	0	0	1	0	0	0	0	0	0	0	0	0	0	0	0	0	0	0	0	0	0	0	0	0
ERVK3-1	199	491	115	188	301	690	192	787	620	688	568	313	255	452	148	622	430	677	492	725	830	605	909	389	300	396	768	595	559	512
AC062028.1	10	10	0	25	2	13	6	7	1	0	1	8	7	4	2	7	6	10	13	12	16	13	3	7	2	11	12	4	22	2
LINC01558	0	6	1	0	1	18	0	2	6	1	0	3	0	3	2	5	4	4	4	5	6	18	6	7	2	1	16	1	2	1
LINC00525	0	1	0	0	0	3	0	0	1	0	0	0	0	0	0	0	0	0	0	2	1	1	5	0	0	0	0	0	0	0
TTTY7	0	0	0	0	0	0	0	0	0	0	0	0	0	0	0	0	0	0	0	0	0	0	0	0	0	0	0	0	0	0
TTTY7B	0	0	0	0	0	0	0	0	0	0	0	0	0	0	0	0	0	0	0	0	0	0	0	0	0	0	0	0	0	0
C20orf78	0	0	0	0	0	1	0	1	0	0	0	0	0	0	0	0	0	0	0	0	1	0	0	0	0	0	0	0	0	0
LINC00266-1	0	3	0	0	0	2	0	0	3	0	0	0	0	0	0	3	4	0	1	4	0	0	0	0	0	0	0	2	0	2
RP11-96C23.13	0	20	0	0	1	4	0	3	7	0	1	0	0	2	1	4	7	1	0	4	2	1	0	1	0	1	2	0	2	0
PART1	2	3	47	1	0	40	3	5	5	0	21	0	14	0	0	0	0	0	2	2	0	43	2	4	1	52	0	6	1	15
LINC00467	161	612	93	116	155	450	200	697	744	382	395	279	209	136	136	461	285	539	520	389	630	742	690	239	140	579	388	621	621	430
RP11-66N24.4	1	28	5	5	8	72	2	32	21	2	17	11	16	9	5	40	24	26	13	74	39	50	24	8	2	9	14	20	14	17
C1orf147	0	3	0	0	1	2	0	7	6	0	4	1	1	2	0	1	5	3	3	5	3	3	12	0	0	3	1	2	2	4
AC007364.1	0	0	0	0	0	0	1	0	1	0	0	0	0	0	0	0	0	0	0	0	0	0	0	0	0	0	0	0	0	0
C2orf48	0	4	1	0	0	1	1	4	6	2	3	2	0	0	1	12	1	4	0	5	4	1	13	0	1	1	0	0	2	2
LINC01116	2	4	2	2	2	5	2	2	5	0	1	2	9	6	3	5	2	0	5	5	2	0	7	0	0	1	2	0	0	1
SNHG16	3659	11017	964	3046	6103	4082	3386	6862	3066	8014	3885	4557	2131	2059	3493	6604	6717	7457	3979	8877	9996	6982	6002	4962	5880	3623	7502	9442	19419	4696
IGF2BP2-AS1	3	0	1	3	1	0	0	3	0	0	0	1	0	0	1	1	1	3	0	3	1	1	0	0	0	1	1	2	0	0
SMAD5-AS1	0	1	2	1	3	4	5	5	1	1	6	4	1	1	0	1	1	0	3	4	3	4	2	3	0	1	3	1	1	3
C10orf25	42	109	19	42	203	228	25	174	42	267	119	106	87	54	37	34	135	167	256	123	230	151	168	115	65	25	287	110	262	235
ZNF667-AS1	631	804	19	610	754	656	84	11	40	1090	61	652	64	760	799	1168	1108	1181	1507	1272	1379	178	89	15	728	6	1689	31	1532	43
MIR202HG	0	0	0	0	0	0	0	0	1	0	0	0	0	0	0	0	0	0	0	0	0	0	0	0	0	0	0	0	0	0
RP11-93B14.6	0	14	0	3	1	14	2	1	6	2	7	1	5	2	0	2	3	3	3	3	0	6	9	2	2	3	1	3	1	0
LINC00483	0	1	0	0	0	0	0	2	0	0	0	0	0	0	0	2	0	0	0	0	0	1	0	0	0	0	0	0	0	0
AC104389.28	0	0	0	0	0	3	1	2	0	0	1	3	0	2	0	1	0	0	0	6	1	7	3	0	0	1	0	0	4	1
LINC00905	0	0	0	0	0	0	0	0	0	0	0	0	0	0	0	0	0	0	0	0	0	0	0	0	0	0	0	0	0	1
RP11-25K19.1	3	2	3	2	3	64	1	16	5	2	1	2	0	5	2	4	4	6	15	5	6	29	89	6	4	4	1	2	3	27
LINC00917	14	0	0	0	0	2	19	0	0	1	0	0	0	0	0	0	0	5	0	0	2	0	1	0	0	94	0	0	0	5
RP11-262H14.4	30	46	22	29	11	59	24	65	18	141	57	37	71	17	21	48	62	53	40	81	93	51	66	49	19	18	43	89	115	31
LINC00266-3	0	0	0	0	0	0	0	1	0	0	0	0	0	0	0	0	0	0	0	0	0	0	0	0	0	0	0	0	0	0
AC093323.3	226	893	128	134	430	1045	206	971	523	1034	583	474	195	244	240	961	602	889	551	1276	816	947	1173	405	389	277	792	1134	761	631
TPT1-AS1	960	1147	112	559	590	622	420	975	544	1035	825	875	764	937	417	796	1179	760	644	2163	997	589	625	558	645	521	835	827	786	349
LINC00208	0	0	0	0	0	0	0	0	0	0	0	0	0	0	0	0	0	0	0	0	0	0	0	0	0	0	0	0	0	0
SHANK2-AS3	0	0	0	0	0	1	0	0	0	0	0	0	0	0	0	0	0	0	0	0	0	0	0	1	0	0	0	0	0	0
MIR31HG	0	0	1	0	0	24	0	1	1	0	1	0	0	0	0	0	1	0	9	0	1	16	1	1	0	0	1	0	0	4
SERHL	22	71	7	15	16	81	17	64	62	18	20	14	18	21	8	32	45	33	34	36	16	68	40	33	16	22	36	37	51	33
MIR4435-1HG	19	209	195	40	25	441	16	857	789	32	220	19	74	47	44	162	41	43	171	48	44	1026	1017	206	7	398	29	115	13	409
CMB9-22P13.1	27	59	98	6	13	284	48	838	524	5	76	14	137	24	21	68	16	30	82	34	46	200	1404	490	15	93	58	200	67	405
CCDC13-AS1	16	45	3	8	1	71	3	25	28	23	25	16	4	40	15	31	7	38	28	43	50	15	20	3	9	4	25	20	58	10
RP11-89N17.1	0	2	0	0	0	0	0	3	1	0	1	0	0	1	0	0	1	1	0	4	0	2	1	0	0	0	1	0	0	0
RP11-97O12.7	5	48	0	3	0	18	1	17	5	6	12	10	3	7	9	47	32	10	8	41	31	19	2	3	16	1	7	8	11	10
RP11-23P13.6	0	4	1	0	0	10	0	5	3	1	6	0	0	0	0	0	1	1	3	2	1	29	15	0	0	0	1	2	0	2
SNHG11	330	548	178	247	334	687	346	698	519	480	891	328	549	475	232	702	343	411	427	657	522	708	698	511	272	620	542	708	416	503
C20orf166-AS1	0	1	1	2	2	115	0	0	1	0	0	0	0	0	0	0	1	0	1	3	1	0	1	0	0	0	0	0	0	3
MIR1-1HG	0	0	0	0	0	1	0	0	1	0	0	0	0	0	0	0	0	1	0	0	0	0	0	0	0	0	0	0	0	0
GRIK1-AS1	0	1	0	0	0	1	0	7	4	0	3	0	1	0	0	4	0	1	0	1	2	1	2	0	0	0	0	0	2	10
LRRC75A-AS1	18879	148121	19467	33164	37377	54288	40686	64136	49797	39915	62890	84526	13388	20321	20510	125490	77734	155061	67538	50858	105401	45652	23883	28082	43606	32313	48593	78007	125586	48982
TMEM51-AS1	8	26	4	2	5	15	9	90	20	7	22	10	5	25	10	11	2	6	12	39	20	51	71	7	4	14	24	3	24	8
RP11-276H1.3	0	0	0	0	0	1	0	2	0	1	0	0	0	0	0	0	0	0	0	2	1	0	0	0	0	0	0	1	0	0
LINC00476	31	130	54	36	128	169	28	156	86	85	89	58	37	70	14	93	185	268	170	93	219	119	208	66	42	42	67	79	285	82
LINC00521	0	0	2	6	0	1	0	1	1	1	1	0	0	0	3	2	1	0	0	1	0	1	3	1	0	2	0	1	3	0
C15orf54	0	0	0	0	0	1	0	0	0	0	0	0	0	0	0	0	0	0	3	0	0	1	4	1	0	0	0	1	0	0
LINC01106	6	46	1	6	14	16	17	32	19	39	30	8	10	24	4	2	15	24	20	59	23	25	4	11	2	10	61	25	35	7
RP11-121M22.1	27	90	2	11	55	13	4	11	12	38	14	46	12	21	40	25	34	29	13	36	30	26	10	19	35	12	76	29	44	11
RP11-544L8__B.4	0	2	0	0	2	1	0	2	2	0	0	0	0	0	0	1	0	6	0	7	3	0	1	0	0	0	0	0	1	1
LINC00302	0	0	0	0	0	0	0	0	0	0	0	0	0	0	0	0	0	0	0	0	0	0	0	0	0	0	0	0	0	0
C10orf111	0	17	4	1	6	47	3	9	7	8	12	8	0	3	1	7	5	10	6	11	7	10	11	11	4	7	5	11	15	6
RP11-404O13.5	0	0	0	0	0	0	0	0	0	0	0	0	0	0	0	0	0	1	0	0	1	0	2	0	0	0	0	0	1	0
AC110781.3	46	45	749	18	66	410	493	1696	4441	13	1519	2	747	369	2	65	7	8	8	22	182	2770	3916	787	10	1795	23	443	144	1651
RP5-856G1.2	1	2	1	0	3	0	1	1	1	1	0	0	0	0	0	0	3	4	4	3	1	0	1	0	0	0	2	4	0	0
CTD-2368P22.1	33	239	12	19	67	240	16	94	77	80	42	42	23	105	22	199	122	228	122	592	236	96	82	55	42	8	149	91	121	36
C20orf197	0	2	0	3	1	4	0	2	2	0	5	1	0	2	0	0	0	0	0	3	1	4	5	0	0	1	1	0	1	4
TTTY14	86	0	3	0	61	37	0	0	0	79	80	0	3	0	0	0	84	0	0	1	294	106	75	31	101	68	0	97	1	2
C15orf56	11	58	12	5	25	30	15	43	40	20	54	24	23	34	12	24	24	70	24	51	64	57	32	45	16	21	26	151	76	14
LINC00303	1	0	0	1	0	1	1	1	2	0	2	0	0	2	0	2	1	0	1	0	0	5	1	0	0	0	3	0	0	0
MIR7-3HG	0	0	0	0	0	66	0	0	5	0	0	0	0	0	0	1	0	0	1	0	0	7	0	2	0	0	0	1	0	0
RP11-334J6.7	0	0	0	0	0	0	0	0	0	0	0	0	0	0	0	0	0	0	0	0	0	0	0	0	0	0	0	0	0	0
TYMSOS	24	47	32	32	42	195	14	226	69	49	124	11	66	38	80	231	42	98	71	30	37	100	61	92	36	78	127	68	8	115
