TCGA.V4.A9EA.01A	TCGA.V4.A9EW.01A	TCGA.VD.AA8N.01A	TCGA.V4.A9EY.01A	TCGA.V4.A9ET.01A	TCGA.YZ.A980.01A	TCGA.YZ.A984.01A	TCGA.VD.A8K8.01A	TCGA.RZ.AB0B.01A	TCGA.VD.AA8S.01B	TCGA.V4.A9F0.01A	TCGA.V4.A9EC.01A	TCGA.V4.A9E8.01A	TCGA.V4.A9F2.01A	TCGA.V4.A9EZ.01A	TCGA.V4.A9ES.01A	TCGA.V4.A9F4.01A	TCGA.YZ.A983.01A	TCGA.WC.A884.01A	TCGA.WC.A87W.01A	TCGA.WC.A87U.01A	TCGA.WC.A87Y.01A	TCGA.VD.A8KM.01A	TCGA.VD.A8KI.01A	TCGA.WC.A885.01A	TCGA.VD.AA8O.01A	TCGA.VD.A8KG.01A	TCGA.V4.A9EO.01A	TCGA.VD.AA8R.01A	TCGA.V3.A9ZX.01A
TSPAN6	740	2416	363	655	1131	1380	383	1878	812	1963	1205	1876	493	980	509	619	1842	2217	2330	2362	2487	1605	1128	1325	1118	889	2563	1659	2711	1334
TNMD	0	0	0	0	0	0	0	0	0	0	0	0	0	0	0	0	0	0	0	0	0	0	1	0	0	0	0	0	0	0
DPM1	98	1123	172	113	308	937	268	1294	1036	391	771	277	328	348	224	1175	926	726	508	1016	710	1042	1035	442	274	806	659	941	1048	883
SCYL3	88	695	98	70	288	656	210	824	652	312	562	242	126	241	102	671	635	559	464	782	593	608	818	348	184	435	435	736	642	449
C1orf112	37	186	27	20	89	179	55	250	239	101	179	60	57	79	40	311	213	167	113	203	139	184	181	95	55	163	174	209	155	205
FGR	28	36	36	27	22	99	26	108	37	44	174	24	111	141	71	29	72	41	247	27	19	112	1177	25	9	100	97	40	26	86
CFH	25	296	64	50	48	377	185	139	189	292	10146	167	123	534	27	56	694	174	810	3039	981	261	1722	46	20	117	145	410	282	259
FUCA2	1494	2549	798	2294	1389	3485	2314	6494	4578	3103	3869	2519	1464	2460	942	3435	1364	3653	5268	3705	3516	5621	5486	2525	1855	5183	5083	6915	4712	3056
GCLC	87	1181	196	134	636	1292	244	1618	1450	878	1084	366	346	573	216	1119	1940	1382	806	1981	1507	1479	2854	917	241	846	721	1767	1488	1878
NFYA	256	3366	279	205	1256	1504	563	2034	2114	1597	1481	745	657	1002	548	1630	3639	1198	1679	4496	1673	1769	2931	1403	553	934	1572	2152	1625	3365
STPG1	871	1064	102	379	451	1559	233	873	261	1418	438	644	152	462	337	348	401	980	975	839	985	640	399	399	401	301	1147	590	906	343
NIPAL3	1885	5025	117	907	406	5284	163	5640	1208	1475	1688	1530	202	478	964	758	877	4342	1864	1969	1928	2729	1458	1155	722	599	2542	2642	2096	1365
LAS1L	1395	3399	771	1133	3363	2722	1237	3975	2574	2348	3450	1897	1460	1324	1464	3849	2263	2030	2299	3906	2650	2556	2329	2829	1411	1505	3414	2367	2500	2537
ENPP4	13	138	11	9	4	463	18	57	88	5	77	16	20	6	2	42	16	35	55	41	10	196	223	7	1	4	9	97	351	50
SEMA3F	195	249	150	255	161	4449	370	272	316	358	650	194	456	165	180	223	176	180	464	133	133	644	1015	225	42	162	572	262	113	423
CFTR	0	21	0	0	0	7	2	0	12	0	0	26	0	3	0	0	0	0	0	0	2	4	1	0	0	0	0	1	1	11
ANKIB1	85	1331	196	144	199	1289	290	1790	1700	461	1093	416	215	518	108	2041	1032	1420	876	1882	1395	2193	2304	448	261	669	886	1499	1949	1380
CYP51A1	20	274	32	14	40	287	37	305	451	55	231	38	41	67	38	192	231	74	124	224	108	428	274	135	46	163	153	274	215	392
KRIT1	45	876	78	52	239	915	245	1291	1083	266	796	295	117	317	64	980	747	845	457	1968	1065	1224	1134	255	132	477	392	1234	1080	943
RAD52	4	424	37	31	85	404	111	399	388	144	294	61	56	99	63	645	308	380	154	1147	353	367	322	118	64	80	147	625	412	282
BAD	1428	1744	863	1613	1978	3400	1588	2998	2201	2766	3640	1783	2630	2786	1850	3088	1179	1181	2699	1851	1843	3078	3505	3573	1315	2994	4697	2009	2154	2193
LAP3	189	2389	445	201	612	3222	418	9808	2767	1820	2407	481	687	628	626	2249	2007	1647	1801	2858	2023	6487	21940	994	516	1001	1659	2168	2611	5199
CD99	11800	10086	2785	13493	11967	7902	11491	7798	5856	17924	16304	9496	7018	12150	8712	14686	9765	6559	17869	19504	14798	12753	13582	14254	10676	14820	29567	13945	6082	3888
HS3ST1	14	31	7	7	2	390	23	41	17	12	26	15	16	4	7	30	6	21	63	31	2	65	116	15	1	7	19	12	11	54
AOC1	5	6	5	10	4	6	0	4	3	34	40	5	97	15	6	8	2	4	9	4	7	3	34	2	2	81	24	3	7	2
WNT16	1	0	0	0	0	1	0	0	1	0	0	0	1	0	0	1	1	3	1	0	0	6	4	0	0	3	0	0	0	0
HECW1	4	80	5	4	4	473	0	4	202	4	42	1	9	6	0	3	0	1	49	1	0	107	3	23	0	8	1	1	0	86
MAD1L1	3825	2591	3663	1732	5639	7195	4927	10285	1979	4940	12969	2177	7458	5249	1918	3627	2383	1569	2029	3013	2534	6108	13511	6093	2580	10687	6947	2667	1408	5244
LASP1	13733	12867	3244	7874	15530	11396	6899	10752	6109	21655	11258	6795	12185	6439	7894	17568	11933	6582	7398	12470	5889	8960	13009	10387	7063	10921	14767	14495	5928	7496
SNX11	594	1279	252	1075	976	1482	778	1501	860	1835	1157	536	1285	479	666	741	680	1103	1350	1079	915	1484	1561	1093	544	906	1649	1052	1883	867
TMEM176A	196	789	220	428	363	2169	1871	260	458	956	3046	263	897	861	287	114	164	81	2119	542	171	1260	1680	327	53	845	637	217	295	814
M6PR	1055	7965	810	1982	3556	3814	1794	5879	3045	4030	4080	906	2181	914	1963	4987	5488	3266	4882	6557	2893	3573	4198	2130	1850	1897	3084	5317	5404	4232
KLHL13	32	376	26	50	15	310	27	151	250	66	235	150	9	55	19	372	61	162	130	687	307	255	52	32	48	101	17	26	525	159
CYP26B1	386	425	84	437	1378	443	631	1071	619	2652	911	198	1381	126	167	347	878	1564	1236	1457	604	857	1383	1395	189	210	3478	2312	80	463
ICA1	136	421	141	140	125	636	164	671	741	263	454	115	228	343	17	212	178	912	672	106	481	472	365	448	78	701	703	634	402	274
DBNDD1	8610	5523	2165	7826	4760	5499	3832	11447	10048	14931	6674	3881	7587	2009	2232	4459	2040	7641	8999	2819	4455	9928	6972	15023	4577	3079	15132	12712	3271	4457
ALS2	236	2133	254	299	506	2076	725	1937	1533	1460	1259	600	440	385	327	2430	1642	2043	1577	2324	1422	1895	1745	687	471	779	1321	1968	2336	1233
CASP10	11	56	37	14	15	129	22	110	60	46	120	32	42	37	12	32	59	44	101	93	55	123	1101	34	7	60	75	52	31	89
CFLAR	477	2879	460	394	742	2306	1171	4480	2913	1825	2968	937	1055	771	505	4249	2262	2074	2096	4379	2468	3974	5122	1572	576	1458	2239	3446	2746	2652
TFPI	85	283	61	6	130	228	49	84	167	335	91	653	49	591	25	48	414	23	157	3200	153	133	386	38	9	22	40	156	473	132
NDUFAF7	80	633	150	49	156	719	147	664	523	328	533	300	156	184	181	1113	511	505	382	758	499	869	1327	271	172	284	539	445	577	646
RBM5	722	4108	395	540	1626	3786	1144	3708	2833	2094	2899	1249	1068	1467	524	2697	3367	3255	2306	9351	4401	3294	2916	1343	944	1507	3215	3491	3260	2458
MTMR7	9	21	1	2	1	617	10	25	39	5	40	8	3	22	1	19	20	30	25	46	35	115	28	0	3	14	6	15	18	30
SLC7A2	271	4340	35	205	325	1013	477	89	305	495	1465	380	71	465	324	2279	1385	635	725	1490	1505	418	373	128	276	36	584	668	1001	154
ARF5	4523	5609	1562	3883	4739	6553	4021	6710	4957	6893	6246	4341	3911	4771	3583	7507	3724	4855	6246	5456	5597	5474	6101	5872	3978	6192	9093	3937	3938	3684
SARM1	125	330	89	247	262	1256	557	577	297	294	653	84	514	268	255	449	260	155	183	746	294	636	382	261	56	576	665	397	638	440
POLDIP2	6499	8147	2610	4383	8824	6926	7463	8700	6061	12385	8352	5828	8284	3631	6177	8916	6125	5283	6805	7559	5855	6966	7386	8558	4622	7990	11292	9337	7579	6370
PLXND1	5067	6925	1922	14521	13820	5366	6076	4173	4010	13003	6118	6410	6160	6251	9090	3381	10991	4481	10300	9599	5877	5101	9297	5746	3758	5851	29146	10171	11035	4127
AK2	1815	5149	1477	1700	4113	4036	2313	9048	3756	4758	4264	3022	2233	2272	1616	2434	4050	4997	5721	2827	4970	5295	6588	4553	4082	2917	11494	3953	5306	5995
CD38	10	39	33	4	19	45	28	518	65	30	40	21	59	62	17	19	60	60	50	86	35	247	2699	49	4	29	98	21	95	261
FKBP4	4502	8690	2962	5273	12034	8985	16151	11546	7563	15213	6925	2554	5494	3990	7350	7757	11071	4780	17950	9513	6555	8301	8869	12369	7712	5208	25438	14641	8592	7561
KDM1A	2578	5469	873	856	2209	4078	1511	5596	2465	2898	2506	3589	1081	1714	784	4132	4008	4481	4729	2670	3359	4596	4597	2592	3773	2808	4440	2435	3076	4536
RBM6	556	2416	226	378	845	2230	549	1935	1620	1022	1365	946	494	1169	394	1936	1871	2340	1735	10285	3337	2150	2398	677	666	587	1667	1830	1795	1279
CAMKK1	128	666	156	155	451	2675	685	935	701	1152	719	276	339	356	184	738	356	447	634	1411	877	850	1134	458	179	659	1297	964	665	622
RECQL	12	112	49	21	53	412	62	986	902	88	539	33	76	90	11	203	136	505	242	877	484	737	750	105	8	185	166	835	538	664
CCDC132	67	738	93	45	151	900	172	1214	1001	191	738	239	88	297	73	762	629	710	441	1345	829	1190	1081	298	162	534	428	969	1117	910
HSPB6	189	235	47	1436	2287	1656	599	458	740	216	372	413	75	2101	977	69	335	36	718	1805	1346	1132	254	186	33	904	2571	174	1403	973
ARHGAP33	77	204	13	41	67	1139	38	310	167	90	72	70	34	143	87	242	130	213	136	491	460	329	116	69	41	64	52	74	89	119
NDUFAB1	515	2032	703	617	1347	2864	913	3664	2607	1408	2045	1317	840	976	1142	2753	1448	1653	2179	2304	1812	3096	4357	1763	1248	2324	3014	2773	2645	2111
PDK4	235	304	58	1444	1700	249	57	59	1091	562	810	170	160	2541	367	16	2086	820	1120	3656	690	52	191	37	238	168	7372	186	8400	231
SLC22A16	0	4	0	0	0	7	0	7	1	0	4	0	1	0	0	12	1	1	1	1	3	8	0	2	1	1	0	1	1	0
ZMYND10	32	51	5	11	24	426	18	12	26	96	30	15	14	38	44	52	34	5	51	60	18	45	15	10	14	77	22	29	15	16
ABCB5	3237	11212	1737	3644	7737	9025	3330	14332	6992	5683	6163	4759	1634	8570	1739	7632	8743	9093	13649	18799	11680	13209	6265	7122	6147	7839	6097	8945	18170	10566
ARX	3	20	44	7	3	12	6	142	1991	18	468	4	23	3	17	3535	1	569	11	276	0	30	62	948	0	2	78	4868	0	153
SLC25A13	364	1933	682	714	1182	2529	2107	2649	2844	2115	3117	512	1041	1518	967	1748	1767	1919	2646	2243	1672	2060	2508	1936	636	2509	4875	3963	2686	2574
ST7	1066	3607	495	827	1378	1457	1075	2412	1768	1933	1962	1244	1321	1507	2508	2724	1645	1345	1427	2064	1473	2124	3048	2338	1413	2067	2792	2498	2407	1433
CDC27	100	1087	412	198	744	2018	778	3208	2465	891	2108	448	679	461	115	1183	827	1227	1270	2103	1379	2750	3131	1041	202	1848	1450	3007	1883	2362
SLC4A1	0	0	0	0	1	2	0	1	2	0	0	0	1	1	0	1	0	0	1	0	0	1	0	5	1	0	3	1	0	1
CALCR	0	0	0	0	0	8	0	8	3	1	2	1	1	1	1	12	0	0	3	13	2	18	15	0	0	7	0	3	2	3
HCCS	227	1140	226	308	504	1236	272	1453	1035	698	1101	685	319	336	284	1112	918	1107	1378	833	1154	1257	1359	701	366	617	1425	646	1649	1074
DVL2	2401	3497	601	1501	3661	3382	2959	3381	2074	5823	2996	1891	1868	1357	1609	2930	3468	2305	3454	3699	2671	2445	2137	2517	1876	2453	3579	4447	2691	2833
PRSS22	0	0	0	0	0	2	1	1	2	0	0	1	2	1	0	0	0	3	2	0	0	0	1	0	0	0	0	0	0	1
UPF1	4728	9216	1365	3598	6961	9084	4000	10739	6246	9236	6499	4543	4447	4383	3437	8254	7879	5434	7575	9316	5122	8874	7602	7918	3378	4519	11574	7326	6759	6899
SKAP2	34	151	22	15	41	306	13	408	124	22	88	49	46	70	26	78	133	66	146	283	100	293	937	37	8	100	75	62	101	193
SLC25A5	5404	19793	8096	7944	14481	19883	7626	23310	19774	18099	24757	13380	11755	7170	7008	22816	19296	22968	20161	17589	20080	18116	19807	20769	13362	7761	27437	11332	32380	19773
CCDC109B	71	151	83	72	12	462	77	1021	465	21	625	11	81	284	91	1619	65	170	140	424	84	773	1190	111	56	476	215	228	243	218
HOXA11	10	0	4	65	33	1	1	2	27	290	36	0	52	1	1	2	1	27	26	1	0	4	96	9	2	29	1477	2	0	0
POLR2J	1323	1540	781	1185	1932	1877	1468	2867	1854	1564	2626	1689	1625	1640	1351	2735	1046	1357	2366	1871	2233	2083	2699	2055	1354	2651	2183	1493	1637	1411
DHX33	342	1894	251	184	829	1507	806	2248	1827	1064	1544	468	500	620	464	1438	2005	1422	903	2407	1456	1818	1382	843	482	1007	1418	2216	1632	1624
MEOX1	5	8	2	7	15	7	3	9	1	127	10	10	5	12	3	0	253	8	30	106	7	4	30	4	5	4	5	2	9	5
THSD7A	3	18	5	2	2	574	13	26	23	14	21	9	106	13	1	6	25	5	22	162	20	266	117	5	2	4	4	12	46	43
LIG3	377	692	534	638	2054	1693	1462	3209	1677	3228	1930	562	1551	1088	299	471	659	1293	1090	3094	1548	2200	2469	2339	210	2045	3828	2999	1631	2152
RPAP3	42	389	112	41	139	680	149	1252	834	137	485	101	80	134	77	695	490	600	331	732	665	1034	919	229	99	223	271	794	495	864
ACSM3	7	219	2	10	39	10	7	52	10	51	40	98	2	3	33	44	34	304	136	93	145	24	37	11	17	7	88	69	3	24
AC004381.6	56	185	14	12	26	363	31	154	146	125	107	95	30	51	28	335	49	153	98	231	195	121	113	46	32	165	140	132	211	97
CIAPIN1	1127	2540	588	1115	1982	3333	1954	4241	2810	2551	3870	1247	1847	947	624	3750	2533	2278	1056	2590	2523	3437	1967	3060	1466	2305	3916	3567	3053	1834
SPPL2B	1569	1650	625	1712	1835	2725	1559	2732	2179	2326	2414	1499	2075	2909	1370	2925	1574	1930	2018	2835	1965	2523	3061	3252	1074	1488	3858	2278	1535	1477
FAM214B	541	953	233	254	527	1125	492	1692	1760	930	1475	445	583	482	272	2468	910	712	1119	1563	798	1934	2028	796	323	632	928	1075	686	1032
COPZ2	706	332	117	709	794	500	299	379	730	2195	727	290	354	559	401	357	526	425	978	1011	731	934	438	447	277	254	1646	199	727	361
PRKAR2B	43	68	30	7	17	864	48	304	355	64	118	17	19	139	6	113	109	62	70	323	147	590	352	51	34	58	98	98	120	210
MSL3	94	873	147	136	266	767	111	1439	722	433	757	397	198	338	116	811	774	812	778	1419	1111	1047	1394	362	278	190	691	475	919	784
CREBBP	3603	8945	1250	3151	6181	7329	3556	10760	7393	6844	7025	3290	2598	2067	2555	6816	7863	5118	6801	11002	5057	7978	9230	6456	2848	3825	6935	11889	7924	6928
BZRAP1	459	1207	78	163	966	1706	380	902	472	970	631	357	94	505	334	479	807	524	356	1873	938	835	615	446	341	212	729	656	482	626
MPO	23	23	3	2	14	82	5	23	26	11	27	0	44	44	27	3	15	6	4	61	11	34	19	11	17	20	40	15	36	15
PON1	4	3	0	0	0	2	155	1	0	0	3	4	1	1	0	0	3	0	0	12	0	0	3	0	0	0	0	0	1	2
GCFC2	137	908	172	92	262	644	243	1500	1303	429	996	426	185	303	113	688	608	882	365	1656	1188	1252	895	360	142	440	456	915	1072	921
WDR54	619	483	218	395	295	2169	662	1142	332	209	665	270	574	520	231	873	259	402	565	247	597	673	486	190	186	946	283	227	577	359
CROT	63	553	43	63	130	1173	96	309	319	243	364	113	60	233	63	309	289	530	418	641	658	665	301	82	101	320	355	254	760	220
ABCB4	10	109	20	31	14	121	39	228	491	12	247	15	35	53	5	108	28	5	86	258	319	207	81	77	3	94	62	132	277	91
KMT2E	508	3231	424	400	1366	3881	1069	4967	3717	1179	2849	1110	503	1240	514	4171	3092	2628	2617	5645	3078	4211	3426	1212	567	1466	1389	2528	3723	3041
